output/Jan25/final/field_a_L3_visit1_final_targets.ecsv
# %ECSV 1.0
# ---
# datatype:
# - {name: ob_code, datatype: string}
# - {name: catId, datatype: int32}
# - {name: description, datatype: string}
# - {name: ra, datatype: float64}
# - {name: dec, datatype: float64}
# - {name: exptime, datatype: float64}
# - {name: priority, datatype: int32}
# - {name: resolution, datatype: string}
# - {name: reference_arm, datatype: string}
# - {name: obj_id, datatype: int64}
# - {name: g_hsc, datatype: float64}
# - {name: g_hsc_err, datatype: float64}
# - {name: r2_hsc, datatype: float64}
# - {name: r2_hsc_err, datatype: float64}
# - {name: i2_hsc, datatype: float64}
# - {name: i2_hsc_err, datatype: float64}
# - {name: z_hsc, datatype: float64}
# - {name: z_hsc_err, datatype: float64}
# - {name: y_hsc, datatype: float64}
# - {name: y_hsc_err, datatype: float64}
# - {name: epoch, datatype: float64}
# - {name: input_catalog_id, datatype: float64}
# - {name: psf_flux_g, datatype: float64}
# - {name: psf_flux_error_g, datatype: float64}
# - {name: psf_flux_r, datatype: float64}
# - {name: psf_flux_error_r, datatype: float64}
# - {name: psf_flux_i, datatype: float64}
# - {name: psf_flux_error_i, datatype: float64}
# - {name: psf_flux_z, datatype: float64}
# - {name: psf_flux_error_z, datatype: float64}
# - {name: psf_flux_y, datatype: float64}
# - {name: psf_flux_error_y, datatype: float64}
# - {name: parallax, datatype: float64}
# - {name: parallax_error, datatype: float64}
# - {name: pmra, datatype: float64}
# - {name: pmra_error, datatype: float64}
# - {name: pmdec, datatype: float64}
# - {name: pmdec_error, datatype: float64}
# - {name: target_type, datatype: int32}
# schema: astropy-2.0
ob_code catId description ra dec exptime priority resolution reference_arm obj_id g_hsc g_hsc_err r2_hsc r2_hsc_err i2_hsc i2_hsc_err z_hsc z_hsc_err y_hsc y_hsc_err epoch input_catalog_id psf_flux_g psf_flux_error_g psf_flux_r psf_flux_error_r psf_flux_i psf_flux_error_i psf_flux_z psf_flux_error_z psf_flux_y psf_flux_error_y parallax parallax_error pmra pmra_error pmdec pmdec_error target_type
[from data line 1351]
_Cos_37494192615740134 11 "HSC-SSP Public Data Release 4 (Wide)" 36.8828133416081 -5.060434922003192 1800.0 1 L r 37494192615740134 184.4311 30.266685 171.01756 50.33752 1378.0298 142.2701 7.856838 88.935486 2951.2883 405.9174 nan nan nan nan nan nan nan nan nan nan nan nan 1e-07 1e-07 0.0 0.0 0.0 0.0 1
_Cos_37494192615740439 11 "HSC-SSP Public Data Release 4 (Wide)" 36.76062368558685 -5.052981538747606 1800.0 1 L r 37494192615740439 242.89346 21.92083 373.15564 34.85048 979.1094 40.524235 1829.6128 121.04503 2242.007 295.18222 nan nan nan nan nan nan nan nan nan nan nan nan 1e-07 1e-07 0.0 0.0 0.0 0.0 1
_Cos_37494192615740676 11 "HSC-SSP Public Data Release 4 (Wide)" 36.811820550138336 -5.048605646045062 1800.0 1 L r 37494192615740676 1467.039 49.347095 900.27014 42.726704 1074.7605 24.207514 1727.6719 71.71528 1334.6842 128.09186 nan nan nan nan nan nan nan nan nan nan nan nan 1e-07 1e-07 0.0 0.0 0.0 0.0 1
_Cos_37494192615740849 11 "HSC-SSP Public Data Release 4 (Wide)" 36.73824370967097 -5.04368686339234 1800.0 1 L r 37494192615740849 591.13995 26.931389 792.1273 43.00363 1211.3688 22.949001 2005.1085 73.32107 2241.9653 164.18156 nan nan nan nan nan nan nan nan nan nan nan nan 1e-07 1e-07 0.0 0.0 0.0 0.0 1
_Cos_37494192615741394 11 "HSC-SSP Public Data Release 4 (Wide)" 36.87292885549914 -5.031244496944421 1800.0 1 L r 37494192615741394 901.00714 21.741875 1375.3494 33.6658 1329.6294 23.380016 1991.1067 74.30018 1542.3104 149.09608 nan nan nan nan nan nan nan nan nan nan nan nan 1e-07 1e-07 0.0 0.0 0.0 0.0 1
_Cos_37494192615741448 11 "HSC-SSP Public Data Release 4 (Wide)" 36.80883142197368 -5.029456443439781 1800.0 1 L r 37494192615741448 1132.4226 23.471096 1464.3489 39.026207 1689.0087 27.004118 1543.0812 78.825035 2493.8445 167.66338 nan nan nan nan nan nan nan nan nan nan nan nan 1e-07 1e-07 0.0 0.0 0.0 0.0 1
_Cos_37494192615742772 11 "HSC-SSP Public Data Release 4 (Wide)" 36.79722294052423 -5.001112049879624 1800.0 1 L r 37494192615742772 937.81036 33.82873 1353.2151 43.724796 1620.9315 31.289278 2060.0625 93.45282 2099.5889 189.84708 nan nan nan nan nan nan nan nan nan nan nan nan 1e-07 1e-07 0.0 0.0 0.0 0.0 1
_Cos_37494192615742928 11 "HSC-SSP Public Data Release 4 (Wide)" 36.781092912410216 -4.984897778339146 1800.0 1 L r 37494192615742928 739.9346 26.834053 746.9286 41.028423 1214.9025 51.90097 989.9128 114.03399 1090.0918 195.87424 nan nan nan nan nan nan nan nan nan nan nan nan 1e-07 1e-07 0.0 0.0 0.0 0.0 1
_Cos_37494192615743409 11 "HSC-SSP Public Data Release 4 (Wide)" 36.74872161433936 -4.986152740379471 1800.0 1 L r 37494192615743409 734.3064 32.943233 909.3324 57.944862 1136.7968 38.50487 1808.409 117.00358 3248.1328 295.18515 nan nan nan nan nan nan nan nan nan nan nan nan 1e-07 1e-07 0.0 0.0 0.0 0.0 1
_Cos_37494192615743875 11 "HSC-SSP Public Data Release 4 (Wide)" 36.89057854444066 -4.975079706631294 1800.0 1 L r 37494192615743875 862.70734 20.239222 956.73236 36.25673 1007.24713 26.82638 1173.6599 89.26923 1784.2076 135.83846 nan nan nan nan nan nan nan nan nan nan nan nan 1e-07 1e-07 0.0 0.0 0.0 0.0 1
_Cos_37494192615744160 11 "HSC-SSP Public Data Release 4 (Wide)" 36.762605156090714 -4.970559255643081 1800.0 1 L r 37494192615744160 681.51294 26.99562 711.0406 37.66836 922.1059 29.815105 1434.0701 111.41698 1919.3721 238.71272 nan nan nan nan nan nan nan nan nan nan nan nan 1e-07 1e-07 0.0 0.0 0.0 0.0 1
_Cos_37494192615744533 11 "HSC-SSP Public Data Release 4 (Wide)" 36.80441708686099 -4.9603677105710835 1800.0 1 L r 37494192615744533 583.9486 25.889862 767.17566 40.673676 951.60333 32.13578 1676.0687 139.21698 1141.1534 193.07971 nan nan nan nan nan nan nan nan nan nan nan nan 1e-07 1e-07 0.0 0.0 0.0 0.0 1
_Cos_37494192615744585 11 "HSC-SSP Public Data Release 4 (Wide)" 36.7844316394243 -4.960833833378828 1800.0 1 L r 37494192615744585 1012.65656 29.816296 1118.3009 47.106586 1389.215 42.02641 1354.9779 112.6055 2638.299 221.65471 nan nan nan nan nan nan nan nan nan nan nan nan 1e-07 1e-07 0.0 0.0 0.0 0.0 1
_Cos_37494192615744750 11 "HSC-SSP Public Data Release 4 (Wide)" 36.86302406869349 -4.95603489611282 1800.0 1 L r 37494192615744750 496.77542 22.389431 493.61725 36.998806 1008.8631 34.156914 965.7221 83.62443 1684.3573 215.60744 nan nan nan nan nan nan nan nan nan nan nan nan 1e-07 1e-07 0.0 0.0 0.0 0.0 1
_Cos_37494192615744851 11 "HSC-SSP Public Data Release 4 (Wide)" 36.79473174026605 -4.9364402365115465 1800.0 1 L r 37494192615744851 1422.7462 40.23278 2309.2517 57.33762 2690.5173 29.814047 5144.1074 122.73627 5559.1353 174.04128 nan nan nan nan nan nan nan nan nan nan nan nan 1e-07 1e-07 0.0 0.0 0.0 0.0 1
_Cos_37494192615745158 11 "HSC-SSP Public Data Release 4 (Wide)" 36.820681342197396 -4.947268918115925 1800.0 1 L r 37494192615745158 934.78503 31.86779 1125.4708 45.19138 1685.2794 58.47396 2836.9712 132.60866 3712.8083 255.30812 nan nan nan nan nan nan nan nan nan nan nan nan 1e-07 1e-07 0.0 0.0 0.0 0.0 1
_Cos_37494192615745493 11 "HSC-SSP Public Data Release 4 (Wide)" 36.89974031731319 -4.939171621222854 1800.0 1 L r 37494192615745493 707.21466 23.430937 1050.7109 35.865307 1988.3838 26.28665 2676.1265 79.918976 3837.8533 172.6253 nan nan nan nan nan nan nan nan nan nan nan nan 1e-07 1e-07 0.0 0.0 0.0 0.0 1
_Cos_37494192615745530 11 "HSC-SSP Public Data Release 4 (Wide)" 36.876843932185494 -4.937317883723843 1800.0 1 L r 37494192615745530 1299.9163 27.928106 1660.5419 43.32493 1889.8953 37.210957 3188.1235 98.695786 3369.5078 204.19998 nan nan nan nan nan nan nan nan nan nan nan nan 1e-07 1e-07 0.0 0.0 0.0 0.0 1
_Cos_37494192615745550 11 "HSC-SSP Public Data Release 4 (Wide)" 36.74550769417605 -4.93627540524521 1800.0 1 L r 37494192615745550 961.64105 33.250134 1188.127 45.11183 1774.8936 35.279778 2211.6868 107.815094 2549.8516 174.12079 nan nan nan nan nan nan nan nan nan nan nan nan 1e-07 1e-07 0.0 0.0 0.0 0.0 1
_Cos_37494196910687630 11 "HSC-SSP Public Data Release 4 (Wide)" 36.80907672313515 -4.899266658162876 1800.0 1 L r 37494196910687630 684.3757 25.900955 780.9388 36.66291 1234.1525 26.030384 1672.2921 85.50831 2132.8389 179.535 nan nan nan nan nan nan nan nan nan nan nan nan 1e-07 1e-07 0.0 0.0 0.0 0.0 1
_Cos_37494196910688800 11 "HSC-SSP Public Data Release 4 (Wide)" 36.73371496723251 -4.87452875454133 1800.0 1 L r 37494196910688800 644.1928 30.779482 795.52625 42.78441 1013.28064 31.937521 1381.5828 87.02143 1137.1487 126.39921 nan nan nan nan nan nan nan nan nan nan nan nan 1e-07 1e-07 0.0 0.0 0.0 0.0 1
_Cos_37494196910688945 11 "HSC-SSP Public Data Release 4 (Wide)" 36.81908653211769 -4.87102030677341 1800.0 1 L r 37494196910688945 1507.8328 28.722595 2260.1738 40.618008 3510.1897 41.34748 5722.3364 99.97209 6815.809 267.25644 nan nan nan nan nan nan nan nan nan nan nan nan 1e-07 1e-07 0.0 0.0 0.0 0.0 1
_Cos_37494196910689457 11 "HSC-SSP Public Data Release 4 (Wide)" 36.73201164626283 -4.860055573789408 1800.0 1 L r 37494196910689457 651.70734 37.724415 746.24084 53.782608 1634.1384 33.9517 1985.2095 85.77533 2145.439 177.56194 nan nan nan nan nan nan nan nan nan nan nan nan 1e-07 1e-07 0.0 0.0 0.0 0.0 1
_Cos_37494196910690347 11 "HSC-SSP Public Data Release 4 (Wide)" 36.87040161548392 -4.841242525816163 1800.0 1 L r 37494196910690347 543.63116 18.775337 611.2273 34.61316 1205.9827 28.005611 1175.7037 65.49296 1407.0028 103.98482 nan nan nan nan nan nan nan nan nan nan nan nan 1e-07 1e-07 0.0 0.0 0.0 0.0 1
_Cos_37494196910690550 11 "HSC-SSP Public Data Release 4 (Wide)" 36.72921772780673 -4.836411461913805 1800.0 1 L r 37494196910690550 522.23645 19.171736 573.1458 38.690777 987.2138 21.766632 1448.5641 65.686485 1385.0621 197.39005 nan nan nan nan nan nan nan nan nan nan nan nan 1e-07 1e-07 0.0 0.0 0.0 0.0 1
_Cos_37494196910691255 11 "HSC-SSP Public Data Release 4 (Wide)" 36.75030803694427 -4.820727237547314 1800.0 1 L r 37494196910691255 1262.3116 24.804691 1439.1003 36.327225 1847.2083 20.46923 2560.0376 67.67612 2469.3245 126.67053 nan nan nan nan nan nan nan nan nan nan nan nan 1e-07 1e-07 0.0 0.0 0.0 0.0 1
_Cos_37494196910692107 11 "HSC-SSP Public Data Release 4 (Wide)" 36.72220279736454 -4.802050902999404 1800.0 1 L r 37494196910692107 891.26184 26.480497 1181.212 57.68418 2303.4597 40.33167 2913.6042 112.65609 3536.008 240.86853 nan nan nan nan nan nan nan nan nan nan nan nan 1e-07 1e-07 0.0 0.0 0.0 0.0 1
_Cos_37494196910692352 11 "HSC-SSP Public Data Release 4 (Wide)" 36.78573021576516 -4.796515292430955 1800.0 1 L r 37494196910692352 868.00726 28.610083 1054.6158 47.04318 1604.7505 27.31022 2161.226 92.44049 1649.3723 159.08316 nan nan nan nan nan nan nan nan nan nan nan nan 1e-07 1e-07 0.0 0.0 0.0 0.0 1
_Cos_37494196910694248 11 "HSC-SSP Public Data Release 4 (Wide)" 36.79001746991739 -4.756139743036418 1800.0 1 L r 37494196910694248 463.55432 23.31052 590.12726 46.65037 935.88715 29.651524 1725.582 94.25435 2141.508 232.86119 nan nan nan nan nan nan nan nan nan nan nan nan 1e-07 1e-07 0.0 0.0 0.0 0.0 1
_Cos_37494196910694352 11 "HSC-SSP Public Data Release 4 (Wide)" 36.77292743099522 -4.753898256269319 1800.0 1 L r 37494196910694352 411.52658 23.816095 409.65768 37.058685 992.1433 30.31963 1082.5056 84.3553 1441.1832 159.44788 nan nan nan nan nan nan nan nan nan nan nan nan 1e-07 1e-07 0.0 0.0 0.0 0.0 1
_Cos_37494196910694897 11 "HSC-SSP Public Data Release 4 (Wide)" 36.90298548941583 -4.74199626964617 1800.0 1 L r 37494196910694897 834.2045 26.977926 775.3194 47.12942 956.7245 34.91852 1421.8079 94.22658 1330.2133 161.02289 nan nan nan nan nan nan nan nan nan nan nan nan 1e-07 1e-07 0.0 0.0 0.0 0.0 1
_Cos_37494196910704313 11 "HSC-SSP Public Data Release 4 (Wide)" 36.80780368791203 -4.924184975637805 1800.0 1 L r 37494196910704313 1177.9641 29.157362 1534.2244 38.675793 2364.7954 27.12299 3769.9915 96.073906 4418.461 159.04129 nan nan nan nan nan nan nan nan nan nan nan nan 1e-07 1e-07 0.0 0.0 0.0 0.0 1
_Cos_37494196910704354 11 "HSC-SSP Public Data Release 4 (Wide)" 36.768054427691006 -4.922976643452993 1800.0 1 L r 37494196910704354 776.6424 30.413525 868.1046 39.89457 986.1638 35.600414 1789.0629 111.26604 1887.8054 204.50543 nan nan nan nan nan nan nan nan nan nan nan nan 1e-07 1e-07 0.0 0.0 0.0 0.0 1
_Cos_37494196910704616 11 "HSC-SSP Public Data Release 4 (Wide)" 36.88730066551671 -4.916364515074937 1800.0 1 L r 37494196910704616 699.9275 23.230867 802.3753 33.078686 987.26154 26.487696 1097.1776 73.591354 1119.2396 163.2155 nan nan nan nan nan nan nan nan nan nan nan nan 1e-07 1e-07 0.0 0.0 0.0 0.0 1
_Cos_37494196910704632 11 "HSC-SSP Public Data Release 4 (Wide)" 36.835134282475224 -4.915435647940829 1800.0 1 L r 37494196910704632 898.4211 29.658476 1210.1536 44.81551 2039.9164 30.242409 2924.5815 110.88585 3082.9106 187.17589 nan nan nan nan nan nan nan nan nan nan nan nan 1e-07 1e-07 0.0 0.0 0.0 0.0 1
_Cos_37494196910704859 11 "HSC-SSP Public Data Release 4 (Wide)" 36.83159440851838 -4.909271983634762 1800.0 1 L r 37494196910704859 952.6985 28.84641 1030.9586 39.41849 1291.3807 33.055653 1983.0121 95.92759 2799.1938 189.17508 nan nan nan nan nan nan nan nan nan nan nan nan 1e-07 1e-07 0.0 0.0 0.0 0.0 1
_Cos_37494196910704879 11 "HSC-SSP Public Data Release 4 (Wide)" 36.77556577326024 -4.908715157666692 1800.0 1 L r 37494196910704879 282.12515 34.3528 1.679783 45.090366 1832.0051 134.7536 1542.3656 214.05423 934.6373 244.93155 nan nan nan nan nan nan nan nan nan nan nan nan 1e-07 1e-07 0.0 0.0 0.0 0.0 1
_Cos_37494196910705942 11 "HSC-SSP Public Data Release 4 (Wide)" 36.8820409815332 -4.883370872244014 1800.0 1 L r 37494196910705942 599.2327 33.587517 647.1552 45.096172 1219.438 43.54168 1060.0571 81.91792 1004.03455 126.59947 nan nan nan nan nan nan nan nan nan nan nan nan 1e-07 1e-07 0.0 0.0 0.0 0.0 1
_Cos_37494196910706094 11 "HSC-SSP Public Data Release 4 (Wide)" 36.82812698423353 -4.881175032129306 1800.0 1 L r 37494196910706094 1052.0466 29.901476 1036.7676 42.628128 1534.0635 27.643673 1685.1414 76.24243 2032.9742 169.66396 nan nan nan nan nan nan nan nan nan nan nan nan 1e-07 1e-07 0.0 0.0 0.0 0.0 1
_Cos_37494196910706124 11 "HSC-SSP Public Data Release 4 (Wide)" 36.850111895395635 -4.881389052420993 1800.0 1 L r 37494196910706124 832.95557 24.398684 1214.155 41.277306 2364.3518 30.083717 3140.2249 84.82586 3801.1116 193.2393 nan nan nan nan nan nan nan nan nan nan nan nan 1e-07 1e-07 0.0 0.0 0.0 0.0 1
_Cos_37494196910706376 11 "HSC-SSP Public Data Release 4 (Wide)" 36.76755927849828 -4.874781126257405 1800.0 1 L r 37494196910706376 665.01904 27.40754 927.14105 46.84353 1045.4391 28.136736 1651.9907 77.64669 1627.6829 174.55928 nan nan nan nan nan nan nan nan nan nan nan nan 1e-07 1e-07 0.0 0.0 0.0 0.0 1
_Cos_37494196910706797 11 "HSC-SSP Public Data Release 4 (Wide)" 36.87205432783526 -4.864252899435751 1800.0 1 L r 37494196910706797 465.30014 21.854797 567.4128 35.144382 916.5202 29.843979 1012.46533 73.57704 2198.232 228.63278 nan nan nan nan nan nan nan nan nan nan nan nan 1e-07 1e-07 0.0 0.0 0.0 0.0 1
_Cos_37494196910707026 11 "HSC-SSP Public Data Release 4 (Wide)" 36.75855460865612 -4.8579962690871445 1800.0 1 L r 37494196910707026 684.5409 37.357853 813.2165 39.190514 1613.2816 25.594479 2102.737 64.62991 2123.5142 120.43954 nan nan nan nan nan nan nan nan nan nan nan nan 1e-07 1e-07 0.0 0.0 0.0 0.0 1
_Cos_37494196910707038 11 "HSC-SSP Public Data Release 4 (Wide)" 36.79351784585432 -4.856365549048567 1800.0 1 L r 37494196910707038 1468.415 59.01455 1932.0585 62.23676 3459.4702 39.92878 4290.5605 93.1778 4780.8315 189.4853 nan nan nan nan nan nan nan nan nan nan nan nan 1e-07 1e-07 0.0 0.0 0.0 0.0 1
_Cos_37494196910707626 11 "HSC-SSP Public Data Release 4 (Wide)" 36.75228884753374 -4.842174064220248 1800.0 1 L r 37494196910707626 1139.6996 26.493053 1465.064 45.234608 3106.2405 32.420403 3742.9912 86.06971 4366.407 214.0913 nan nan nan nan nan nan nan nan nan nan nan nan 1e-07 1e-07 0.0 0.0 0.0 0.0 1
_Cos_37494196910707972 11 "HSC-SSP Public Data Release 4 (Wide)" 36.791443680387125 -4.835446107663026 1800.0 1 L r 37494196910707972 454.06763 22.200409 726.5928 45.294456 949.68994 27.974167 1617.9064 109.717514 1465.488 164.30055 nan nan nan nan nan nan nan nan nan nan nan nan 1e-07 1e-07 0.0 0.0 0.0 0.0 1
_Cos_37494196910708638 11 "HSC-SSP Public Data Release 4 (Wide)" 36.85567468639772 -4.818733016323505 1800.0 1 L r 37494196910708638 672.24756 30.150753 693.84375 44.677784 1331.8745 32.44579 1272.709 79.43064 1715.5713 153.77536 nan nan nan nan nan nan nan nan nan nan nan nan 1e-07 1e-07 0.0 0.0 0.0 0.0 1
_Cos_37494196910708759 11 "HSC-SSP Public Data Release 4 (Wide)" 36.89949793981099 -4.812577254124866 1800.0 1 L r 37494196910708759 574.6261 19.75469 747.9374 38.652138 1299.2787 31.046589 2269.912 90.55049 3289.7434 163.14305 nan nan nan nan nan nan nan nan nan nan nan nan 1e-07 1e-07 0.0 0.0 0.0 0.0 1
_Cos_37494196910708933 11 "HSC-SSP Public Data Release 4 (Wide)" 36.82155133423709 -4.813002929119561 1800.0 1 L r 37494196910708933 468.26318 16.722673 925.0012 29.878473 2268.986 21.29592 5483.4766 68.68501 7482.4927 120.728264 nan nan nan nan nan nan nan nan nan nan nan nan 1e-07 1e-07 0.0 0.0 0.0 0.0 1
_Cos_37494196910708943 11 "HSC-SSP Public Data Release 4 (Wide)" 36.772644584429806 -4.810712338346696 1800.0 1 L r 37494196910708943 829.96173 24.685207 957.4264 41.524853 1141.6829 34.75604 1331.8833 98.12779 1465.0095 208.06996 nan nan nan nan nan nan nan nan nan nan nan nan 1e-07 1e-07 0.0 0.0 0.0 0.0 1
_Cos_37494196910709173 11 "HSC-SSP Public Data Release 4 (Wide)" 36.73489405996396 -4.804563887463203 1800.0 1 L r 37494196910709173 1927.8596 29.65117 1889.2638 54.56582 2865.6418 38.517532 3022.9236 125.07743 5093.6333 249.38274 nan nan nan nan nan nan nan nan nan nan nan nan 1e-07 1e-07 0.0 0.0 0.0 0.0 1
