output/Jan25/final/field_e_L3_visit1_final_targets.ecsv
# %ECSV 1.0
# ---
# datatype:
# - {name: ob_code, datatype: string}
# - {name: catId, datatype: int32}
# - {name: description, datatype: string}
# - {name: ra, datatype: float64}
# - {name: dec, datatype: float64}
# - {name: exptime, datatype: float64}
# - {name: priority, datatype: int32}
# - {name: resolution, datatype: string}
# - {name: reference_arm, datatype: string}
# - {name: obj_id, datatype: int64}
# - {name: g_hsc, datatype: float64}
# - {name: g_hsc_err, datatype: float64}
# - {name: r2_hsc, datatype: float64}
# - {name: r2_hsc_err, datatype: float64}
# - {name: i2_hsc, datatype: float64}
# - {name: i2_hsc_err, datatype: float64}
# - {name: z_hsc, datatype: float64}
# - {name: z_hsc_err, datatype: float64}
# - {name: y_hsc, datatype: float64}
# - {name: y_hsc_err, datatype: float64}
# - {name: epoch, datatype: float64}
# - {name: input_catalog_id, datatype: float64}
# - {name: psf_flux_g, datatype: float64}
# - {name: psf_flux_error_g, datatype: float64}
# - {name: psf_flux_r, datatype: float64}
# - {name: psf_flux_error_r, datatype: float64}
# - {name: psf_flux_i, datatype: float64}
# - {name: psf_flux_error_i, datatype: float64}
# - {name: psf_flux_z, datatype: float64}
# - {name: psf_flux_error_z, datatype: float64}
# - {name: psf_flux_y, datatype: float64}
# - {name: psf_flux_error_y, datatype: float64}
# - {name: parallax, datatype: float64}
# - {name: parallax_error, datatype: float64}
# - {name: pmra, datatype: float64}
# - {name: pmra_error, datatype: float64}
# - {name: pmdec, datatype: float64}
# - {name: pmdec_error, datatype: float64}
# - {name: target_type, datatype: int32}
# schema: astropy-2.0
ob_code catId description ra dec exptime priority resolution reference_arm obj_id g_hsc g_hsc_err r2_hsc r2_hsc_err i2_hsc i2_hsc_err z_hsc z_hsc_err y_hsc y_hsc_err epoch input_catalog_id psf_flux_g psf_flux_error_g psf_flux_r psf_flux_error_r psf_flux_i psf_flux_error_i psf_flux_z psf_flux_error_z psf_flux_y psf_flux_error_y parallax parallax_error pmra pmra_error pmdec pmdec_error target_type
[from data line 1506]
_Star_3078522640969930368 3006 Fstar_v3.3 128.59480408415246 0.9903177751526844 1800.0 1 L r 3078522640969930368 nan nan nan nan nan nan nan nan nan nan 2016.0 3006.0 79379.06 222.18 102278.87 669.31 109170.74 471.68 113090.48 961.61 116366.0 1709.9 0.0320325730449758 0.20872115 -2.0057875932083897 0.21883027 -0.5002509674029316 0.18255292 3
_Star_3078520304508296064 3006 Fstar_v3.3 128.683515648037 1.0229237634521755 1800.0 1 L r 3078520304508296064 nan nan nan nan nan nan nan nan nan nan 2016.0 3006.0 272135.95 1180.29 373444.8 689.63 409738.3 1150.64 420674.4 3009.37 425663.26 4596.4 0.1015122555342329 0.08636342 -2.5167554860313253 0.092978716 0.5180817261300441 0.08304479 3
_Star_3078501887688452224 3006 Fstar_v3.3 128.84462531856582 0.8198755463642928 1800.0 1 L r 3078501887688452224 nan nan nan nan nan nan nan nan nan nan 2016.0 3006.0 84657.64 638.13 111282.3 418.49 120577.56 701.43 120112.03 1598.12 122221.18 3376.87 -0.0279330555488942 0.21486665 -1.3733149347158005 0.21367644 -0.1117789885830859 0.1879425 3
_Star_3078502403084531840 3006 Fstar_v3.3 128.876525410427 0.8478924979784737 1800.0 1 L r 3078502403084531840 nan nan nan nan nan nan nan nan nan nan 2016.0 3006.0 208826.94 862.44 287810.18 1097.44 321178.43 1565.76 332618.51 1484.28 340522.77 2576.18 0.2124106795058186 0.108096994 0.3597186910275379 0.108627014 -1.7566581374044865 0.08959827 3
_Star_3078314146078429440 3006 Fstar_v3.3 129.0287666766749 0.7997795453477228 1800.0 1 L r 3078314146078429440 nan nan nan nan nan nan nan nan nan nan 2016.0 3006.0 44910.36 360.36 54288.34 649.77 58208.46 482.29 55798.94 923.01 61334.73 1709.2 -0.5075129615635532 0.3910569 -1.1324006660842962 0.4304757000000001 0.1461272808023724 0.33421692 3
_Star_3078314558395304832 3006 Fstar_v3.3 129.06325493749586 0.8178549016979346 1800.0 1 L r 3078314558395304832 nan nan nan nan nan nan nan nan nan nan 2016.0 3006.0 29012.55 288.22 39245.18 637.94 42932.51 562.37 44058.11 965.37 44482.19 2001.45 1.1374805099326295 0.54622966 -2.438854872881685 0.65538263 0.3806892160624018 0.4514843 3
_Star_3078508759636184704 3006 Fstar_v3.3 128.82355282700792 0.9888920660237244 1800.0 1 L r 3078508759636184704 nan nan nan nan nan nan nan nan nan nan 2016.0 3006.0 112353.45 616.13 140703.85 739.33 151072.68 1034.53 150212.61 915.47 153584.06 1648.81 0.0398786217593574 0.17445944 -1.5807785285375018 0.18829109 -0.0876652333551442 0.1467984 3
_Star_3078508244240106752 3006 Fstar_v3.3 128.88580750651042 0.9853367782286848 1800.0 1 L r 3078508244240106752 nan nan nan nan nan nan nan nan nan nan 2016.0 3006.0 87761.98 450.8 119405.98 622.47 131615.15 535.68 135090.99 967.89 141940.45 3849.93 0.4261687874241675 0.20310073 -0.3684416817245835 0.21214125 -0.9402095623741944 0.16641016 3
_Star_3078509068873840128 3006 Fstar_v3.3 128.8545230395367 1.008010822316444 1800.0 1 L r 3078509068873840128 nan nan nan nan nan nan nan nan nan nan 2016.0 3006.0 63953.74 1157.81 85661.62 643.01 95338.0 793.27 94168.66 1882.62 97693.65 4038.09 0.7446452747224382 0.2798981 -1.3975039126843845 0.2824969 -0.1035251278477737 0.22671826 3
_Star_3078527215110860928 3006 Fstar_v3.3 129.02634226991222 0.9323432503070976 1800.0 1 L r 3078527215110860928 nan nan nan nan nan nan nan nan nan nan 2016.0 3006.0 56336.04 514.15 76149.36 909.88 82456.69 467.29 84229.96 1549.32 84595.35 1380.27 0.4130945214292837 0.32611364 -0.0682746567714387 0.35963678 0.2561818689295834 0.28875586 3
_Star_3078339091248542848 3006 Fstar_v3.3 129.05752675023015 0.8860821579733361 1800.0 1 L r 3078339091248542848 nan nan nan nan nan nan nan nan nan nan 2016.0 3006.0 186185.56 1422.45 269318.55 1564.46 313347.55 715.16 326336.94 1523.88 335974.73 9660.23 0.0432236160441695 0.13873833 -3.1123164004939445 0.14877518 -2.4028379476651205 0.12122967 3
_Star_3078338266614813184 3006 Fstar_v3.3 129.08931312099287 0.8711542282870601 1800.0 1 L r 3078338266614813184 nan nan nan nan nan nan nan nan nan nan 2016.0 3006.0 116494.66 810.3 134433.09 889.26 139619.47 590.5 134321.66 1103.04 130384.64 2762.16 -0.0361297214590672 0.21595679 -0.3926005261214266 0.23287623 0.7892312498899176 0.16197047 3
_Star_3078339469205683328 3006 Fstar_v3.3 129.06019740168094 0.9147960490392548 1800.0 1 L r 3078339469205683328 nan nan nan nan nan nan nan nan nan nan 2016.0 3006.0 45522.54 349.3 58380.3 786.55 62182.27 399.07 65739.52 816.43 66134.17 604.49 -0.2372338970586126 0.3997357 0.924588218694922 0.39647743 -4.071902512998485 0.2958985 3
_Star_3078531540142727936 3006 Fstar_v3.3 128.9671497389942 0.9987507574997976 1800.0 1 L r 3078531540142727936 nan nan nan nan nan nan nan nan nan nan 2016.0 3006.0 19670.98 484.07 20509.1 490.35 28590.78 652.4 28892.57 1119.39 32346.43 3413.47 1.3330018532160108 0.75122046 1.6567396495089706 0.7562854 -0.9156770922282989 0.5991046 3
_Star_3078528241607826688 3006 Fstar_v3.3 129.0056170526365 0.965007470593162 1800.0 1 L r 3078528241607826688 nan nan nan nan nan nan nan nan nan nan 2016.0 3006.0 55323.02 404.22 79554.82 611.61 91762.67 658.21 96362.1 1538.0 99960.06 2630.62 0.2768532810359022 0.31770632 -0.9883384863554772 0.33946928 -0.8442766386180078 0.2769436 3
_Star_3078532227337517568 3006 Fstar_v3.3 128.95885527342006 1.035192848336808 1800.0 1 L r 3078532227337517568 nan nan nan nan nan nan nan nan nan nan 2016.0 3006.0 47357.25 1060.69 66341.64 837.29 76740.79 883.86 65654.81 2543.02 65214.78 7148.76 -0.1877268916266195 0.37469673 0.021980787012183 0.38059643 0.0475566512762264 0.28511393 3
_Star_3078526248743103232 3006 Fstar_v3.3 128.60232955493225 1.120090706568408 1800.0 1 L r 3078526248743103232 nan nan nan nan nan nan nan nan nan nan 2016.0 3006.0 63859.66 342.49 91593.88 883.51 103111.27 890.9 109988.29 2169.61 120078.69 2776.97 0.0810538865524559 0.22688027 -1.9664920100178247 0.25633085 0.6382539325112262 0.20234194 3
_Star_3078523603043200384 3006 Fstar_v3.3 128.63976779339222 1.056084479977279 1800.0 1 L r 3078523603043200384 nan nan nan nan nan nan nan nan nan nan 2016.0 3006.0 160792.76 960.7 220732.57 519.84 247164.44 1188.09 252758.99 1306.7 262172.07 3647.88 -0.0935495231575819 0.13576752 -2.767183377435241 0.1469019 0.348193192155217 0.119649224 3
_Star_3078524805634043648 3006 Fstar_v3.3 128.67684606355758 1.0564710588913078 1800.0 1 L r 3078524805634043648 nan nan nan nan nan nan nan nan nan nan 2016.0 3006.0 112674.64 726.44 150531.19 664.66 167288.54 680.26 172992.04 1968.22 172721.48 2405.8 0.2954175971203129 0.17727536 -2.105544585249165 0.18625219 -0.5873382511014624 0.16225493 3
_Star_3078526012520055296 3006 Fstar_v3.3 128.62822072627188 1.1072574543625675 1800.0 1 L r 3078526012520055296 nan nan nan nan nan nan nan nan nan nan 2016.0 3006.0 416894.43 1351.97 573570.2 1327.56 642371.49 1322.33 664640.07 3023.44 666479.24 7655.32 0.0638751637057663 0.0683396159999999 3.3548493811951428 0.080968775 -3.1015867051872714 0.06295131 3
_Star_3078525252310678272 3006 Fstar_v3.3 128.68324464413683 1.1036355729009029 1800.0 1 L r 3078525252310678272 nan nan nan nan nan nan nan nan nan nan 2016.0 3006.0 293052.96 1030.25 403632.83 1337.59 455476.57 813.01 465528.55 3461.87 476855.05 7606.5 0.3274214575154018 0.08318066 -0.3600377599020678 0.09249299 -10.894477706888695 0.08109007 3
_Star_3078573355944443520 3006 Fstar_v3.3 128.61912633037667 1.1621245056616374 1800.0 1 L r 3078573355944443520 nan nan nan nan nan nan nan nan nan nan 2016.0 3006.0 333477.4 665.27 434536.36 840.87 461643.09 908.2 463688.04 1585.72 463944.7 7165.97 0.1550189236862347 0.08219237 -0.2460052669294067 0.08920227 -0.0995037888273671 0.0714733999999999 3
_Star_3078525802066525824 3006 Fstar_v3.3 128.7250772132245 1.1434998471016171 1800.0 1 L r 3078525802066525824 nan nan nan nan nan nan nan nan nan nan 2016.0 3006.0 99034.38 421.77 130336.55 419.32 144645.94 622.02 147538.75 1150.02 153104.01 2600.16 0.0479137994210846 0.18010879 1.1953373887094474 0.19436607 -3.853805858547648 0.1662456 3
_Star_3078550919035345664 3006 Fstar_v3.3 128.73259754742892 1.2214488613592518 1800.0 1 L r 3078550919035345664 nan nan nan nan nan nan nan nan nan nan 2016.0 3006.0 56377.52 238.96 77102.13 292.93 85370.17 437.81 89888.9 1964.38 89261.98 4950.15 -0.0315148054700298 0.28425026 -0.6889380729536372 0.30511153 -0.4268503222425704 0.24220926 3
_Star_3078549888243163904 3006 Fstar_v3.3 128.7753904936712 1.190827422279475 1800.0 1 L r 3078549888243163904 nan nan nan nan nan nan nan nan nan nan 2016.0 3006.0 246414.42 1064.2 334061.4 1388.88 373513.69 1644.07 381088.78 2945.91 389176.26 1607.98 0.2801973785817256 0.10966156 -3.2215765851458444 0.114681356 1.1346197725752551 0.08829102 3
_Star_3078578338106613504 3006 Fstar_v3.3 128.55110053373326 1.2744701453877996 1800.0 1 L r 3078578338106613504 nan nan nan nan nan nan nan nan nan nan 2016.0 3006.0 78644.11 722.31 105990.26 446.52 117129.57 691.94 118104.4 1446.64 127416.77 875.35 -0.1205022125494036 0.21755484 -0.4671278109296551 0.23589174 -0.0951766998156842 0.18274729 3
_Star_3078598575992494208 3006 Fstar_v3.3 128.6221416138266 1.2552102911148542 1800.0 1 L r 3078598575992494208 nan nan nan nan nan nan nan nan nan nan 2016.0 3006.0 28383.5 527.24 36457.46 351.1 38667.52 468.04 38946.28 839.59 44613.51 1390.83 0.4982944924461776 0.47096866 -1.277326651442814 0.5776511 -0.3801140302357392 0.4863434 3
_Star_3078602011966390784 3006 Fstar_v3.3 128.6082864221089 1.3193344445408253 1800.0 1 L r 3078602011966390784 nan nan nan nan nan nan nan nan nan nan 2016.0 3006.0 64006.79 721.4 83013.06 390.55 91164.63 595.07 88999.24 1388.43 87286.26 1977.6 0.450822266399148 0.27271846 -1.9340404586343645 0.29420894 -0.2570586882267495 0.23641907 3
_Star_3078604245349436672 3006 Fstar_v3.3 128.6467126553737 1.3759334036294937 1800.0 1 L r 3078604245349436672 nan nan nan nan nan nan nan nan nan nan 2016.0 3006.0 62867.55 220.03 79804.26 558.1 88647.53 522.22 92603.29 1287.29 87077.51 2151.48 -0.0429525035888644 0.32676166 -2.1707551071574342 0.3213745 -10.173653039320222 0.24551125 3
_Star_3078600156540528128 3006 Fstar_v3.3 128.81333508819262 1.3282933210626569 1800.0 1 L r 3078600156540528128 nan nan nan nan nan nan nan nan nan nan 2016.0 3006.0 107494.51 951.05 135427.21 2565.76 161490.27 3554.99 186443.15 1484.01 177054.14 4198.31 -0.2553711723789756 0.19549619 -0.2991805094715526 0.21659835 0.2947159947532226 0.16469534 3
_Star_3078601427850896640 3006 Fstar_v3.3 128.77041902323228 1.382227558326942 1800.0 1 L r 3078601427850896640 nan nan nan nan nan nan nan nan nan nan 2016.0 3006.0 187649.07 543.9 272613.01 1015.89 320587.1 1352.93 341182.03 3033.68 355915.0 1864.91 0.4279214324725929 0.14218423 -2.653465618766111 0.1444856 -3.692751742063221 0.10506765 3
_Star_3078545872448803072 3006 Fstar_v3.3 128.83783083417484 1.1179588546358346 1800.0 1 L r 3078545872448803072 nan nan nan nan nan nan nan nan nan nan 2016.0 3006.0 456148.39 2753.52 520986.33 1640.11 526049.13 779.58 501032.83 4052.61 494750.21 5149.2 0.1468129373428962 0.08381113 1.3447885441372198 0.084201604 -1.0288164835689648 0.06917537 3
_Star_3078532948892038656 3006 Fstar_v3.3 128.90021704091487 1.0588800401785825 1800.0 1 L r 3078532948892038656 nan nan nan nan nan nan nan nan nan nan 2016.0 3006.0 55486.34 644.53 72128.34 535.18 78124.29 510.81 82639.26 677.79 84712.24 1947.61 0.4020020124074871 0.30271882 1.5222509437934084 0.32068512 -4.969254345013869 0.24852036 3
_Star_3078545558916071168 3006 Fstar_v3.3 128.89255625612827 1.1261891023771766 1800.0 1 L r 3078545558916071168 nan nan nan nan nan nan nan nan nan nan 2016.0 3006.0 91038.67 883.02 127287.68 698.49 142766.45 661.15 149950.01 1593.23 153711.46 2626.61 0.5883698102581083 0.19154494 0.0264954949200398 0.20214044 -0.3983748412929351 0.17403086 3
_Star_3078545284038156288 3006 Fstar_v3.3 128.91330294610188 1.1155099016686951 1800.0 1 L r 3078545284038156288 nan nan nan nan nan nan nan nan nan nan 2016.0 3006.0 140083.32 551.44 185569.38 685.2 203960.64 447.09 207733.29 1689.06 207026.53 1857.59 0.3140631056987801 0.1705056 -2.703719483135485 0.18012111 -0.5665822016114386 0.13546464 3
_Star_3078546353485136512 3006 Fstar_v3.3 128.84754082902768 1.1407699611007358 1800.0 1 L r 3078546353485136512 nan nan nan nan nan nan nan nan nan nan 2016.0 3006.0 116548.29 427.77 152765.76 895.01 170085.01 1254.02 170917.39 2367.61 172435.28 3486.07 0.0649677548858518 0.1706272999999999 -0.7533049504112534 0.17680164 -0.3402016626853543 0.14769024 3
_Star_3078533223769964160 3006 Fstar_v3.3 128.97064134113828 1.0826708096559163 1800.0 1 L r 3078533223769964160 nan nan nan nan nan nan nan nan nan nan 2016.0 3006.0 155005.18 1361.41 208576.9 1222.18 228089.83 1181.69 232566.06 3285.42 236628.27 4781.23 0.3813457783055747 0.18146192 -1.2508513588485068 0.17518029 -4.082864209076919 0.13645837 3
_Star_3078535633247755392 3006 Fstar_v3.3 129.0088083262557 1.1627185962157915 1800.0 1 L r 3078535633247755392 nan nan nan nan nan nan nan nan nan nan 2016.0 3006.0 46720.4 384.31 60576.81 550.85 67116.02 700.38 67351.3 1128.56 69782.4 3774.76 0.1090734055672416 0.42952812 -0.2423494375335711 0.40206558 1.185784607249132 0.30623913 3
_Star_3078547483061473664 3006 Fstar_v3.3 128.9960779048995 1.1862348636476685 1800.0 1 L r 3078547483061473664 nan nan nan nan nan nan nan nan nan nan 2016.0 3006.0 29982.42 550.75 31508.41 615.81 52089.02 494.49 76170.37 773.75 92782.58 5013.78 1.736073098784821 0.56266487 -6.190540660634376 0.5394144000000001 9.54046955930476 0.37864685 3
_Star_3078552911900237824 3006 Fstar_v3.3 128.83625349586168 1.2943938675119742 1800.0 1 L r 3078552911900237824 nan nan nan nan nan nan nan nan nan nan 2016.0 3006.0 79079.95 654.28 107158.33 478.18 115618.18 710.06 116066.29 1043.89 123442.93 1244.28 0.3586409630176588 0.24207042 -0.7679055173002334 0.24866568 0.130643123202757 0.1971324 3
_Star_3078552877540492288 3006 Fstar_v3.3 128.86692076749486 1.2878801892941911 1800.0 1 L r 3078552877540492288 nan nan nan nan nan nan nan nan nan nan 2016.0 3006.0 40928.51 392.38 56747.45 471.76 63859.66 812.73 64343.77 1582.79 69615.51 2846.34 0.0924567730278532 0.38586602 -2.424465568553872 0.39825606 -0.1639634403009495 0.31648707 3
_Star_3078548754371835648 3006 Fstar_v3.3 128.91978367406728 1.2294186568873533 1800.0 1 L r 3078548754371835648 nan nan nan nan nan nan nan nan nan nan 2016.0 3006.0 119340.13 467.47 158265.51 522.58 176143.29 756.33 177887.81 250.02 188185.51 3052.08 0.0371064901521596 0.19209929 -2.4206797704911245 0.20571406 0.4936423123928871 0.17446205 3
_Star_3078558100220740480 3006 Fstar_v3.3 128.92909184287257 1.3045109886103412 1800.0 1 L r 3078558100220740480 nan nan nan nan nan nan nan nan nan nan 2016.0 3006.0 27704.26 421.76 35460.63 336.01 39517.2 406.41 38592.81 1043.68 41174.28 2435.56 0.2064969368284785 0.57987916 -0.4629051733722078 0.6647563 -3.082202545559756 0.5158983 3
_Star_3078553839613136896 3006 Fstar_v3.3 129.0381997736966 1.2522088997367429 1800.0 1 L r 3078553839613136896 nan nan nan nan nan nan nan nan nan nan 2016.0 3006.0 116892.35 469.3 151309.6 636.74 165297.39 594.06 166704.15 1510.68 165480.14 1837.03 -0.0760966771301519 0.18829823 -0.6862230344515674 0.19096728 0.4425784161337255 0.15025558 3
_Star_3078616889733216768 3006 Fstar_v3.3 128.46669386861404 1.44349120539504 1800.0 1 L r 3078616889733216768 nan nan nan nan nan nan nan nan nan nan 2016.0 3006.0 30234.76 280.42 42378.6 542.16 46505.69 442.77 46698.82 1048.4 48277.64 1256.55 0.169279473759109 0.43437347 1.4964600816971765 0.5320752 -2.47101067003828 0.46512377 3
_Star_3078616992812451584 3006 Fstar_v3.3 128.46860869285456 1.4649387307209545 1800.0 1 L r 3078616992812451584 nan nan nan nan nan nan nan nan nan nan 2016.0 3006.0 145019.45 994.01 195860.16 845.69 218306.17 1001.92 220976.62 688.53 227502.38 3724.74 -0.0162073236697768 0.13119474 -0.841381358192774 0.14240253 -0.1133874604573276 0.12118974 3
