output/Jan25/final/field_a_L4_visit2_final_targets.ecsv
# %ECSV 1.0
# ---
# datatype:
# - {name: ob_code, datatype: string}
# - {name: catId, datatype: int32}
# - {name: description, datatype: string}
# - {name: ra, datatype: float64}
# - {name: dec, datatype: float64}
# - {name: exptime, datatype: float64}
# - {name: priority, datatype: int32}
# - {name: resolution, datatype: string}
# - {name: reference_arm, datatype: string}
# - {name: obj_id, datatype: int64}
# - {name: g_hsc, datatype: float64}
# - {name: g_hsc_err, datatype: float64}
# - {name: r2_hsc, datatype: float64}
# - {name: r2_hsc_err, datatype: float64}
# - {name: i2_hsc, datatype: float64}
# - {name: i2_hsc_err, datatype: float64}
# - {name: z_hsc, datatype: float64}
# - {name: z_hsc_err, datatype: float64}
# - {name: y_hsc, datatype: float64}
# - {name: y_hsc_err, datatype: float64}
# - {name: epoch, datatype: float64}
# - {name: input_catalog_id, datatype: float64}
# - {name: psf_flux_g, datatype: float64}
# - {name: psf_flux_error_g, datatype: float64}
# - {name: psf_flux_r, datatype: float64}
# - {name: psf_flux_error_r, datatype: float64}
# - {name: psf_flux_i, datatype: float64}
# - {name: psf_flux_error_i, datatype: float64}
# - {name: psf_flux_z, datatype: float64}
# - {name: psf_flux_error_z, datatype: float64}
# - {name: psf_flux_y, datatype: float64}
# - {name: psf_flux_error_y, datatype: float64}
# - {name: parallax, datatype: float64}
# - {name: parallax_error, datatype: float64}
# - {name: pmra, datatype: float64}
# - {name: pmra_error, datatype: float64}
# - {name: pmdec, datatype: float64}
# - {name: pmdec_error, datatype: float64}
# - {name: target_type, datatype: int32}
# schema: astropy-2.0
ob_code catId description ra dec exptime priority resolution reference_arm obj_id g_hsc g_hsc_err r2_hsc r2_hsc_err i2_hsc i2_hsc_err z_hsc z_hsc_err y_hsc y_hsc_err epoch input_catalog_id psf_flux_g psf_flux_error_g psf_flux_r psf_flux_error_r psf_flux_i psf_flux_error_i psf_flux_z psf_flux_error_z psf_flux_y psf_flux_error_y parallax parallax_error pmra pmra_error pmdec pmdec_error target_type
[from data line 727]
_Cos_38553842652041382 11 "HSC-SSP Public Data Release 4 (Wide)" 35.76639788546979 -3.7803711559568054 1800.0 1 L r 38553842652041382 1803.5951 20.78598 2303.6658 48.63808 3285.9102 39.986126 4612.0737 102.00393 4812.2163 195.29926 nan nan nan nan nan nan nan nan nan nan nan nan 1e-07 1e-07 0.0 0.0 0.0 0.0 1
_Cos_38553842652041722 11 "HSC-SSP Public Data Release 4 (Wide)" 35.640914095851315 -3.774623841886401 1800.0 1 L r 38553842652041722 872.3933 16.882517 1020.2492 37.207413 1354.4431 26.233524 1859.1212 71.41252 1926.9543 132.20044 nan nan nan nan nan nan nan nan nan nan nan nan 1e-07 1e-07 0.0 0.0 0.0 0.0 1
_Cos_38553842652042153 11 "HSC-SSP Public Data Release 4 (Wide)" 35.631836520008626 -3.7654386303125635 1800.0 1 L r 38553842652042153 813.3603 17.90172 1170.9166 42.154465 1411.5922 30.113222 2679.1797 85.410034 3168.187 167.81985 nan nan nan nan nan nan nan nan nan nan nan nan 1e-07 1e-07 0.0 0.0 0.0 0.0 1
_Cos_38553842652042249 11 "HSC-SSP Public Data Release 4 (Wide)" 35.73402760161539 -3.765785764850896 1800.0 1 L r 38553842652042249 821.68616 17.740314 1484.5228 43.052567 2530.4421 31.187487 6286.199 98.99079 11107.28 197.57484 nan nan nan nan nan nan nan nan nan nan nan nan 1e-07 1e-07 0.0 0.0 0.0 0.0 1
_Cos_38553842652042302 11 "HSC-SSP Public Data Release 4 (Wide)" 35.647731281796474 -3.7638219839900193 1800.0 1 L r 38553842652042302 726.8419 20.473553 936.62854 48.706 1056.4987 32.06766 1210.9182 87.385605 1843.7738 151.30531 nan nan nan nan nan nan nan nan nan nan nan nan 1e-07 1e-07 0.0 0.0 0.0 0.0 1
_Cos_38553842652042453 11 "HSC-SSP Public Data Release 4 (Wide)" 35.74502381411954 -3.76120329637551 1800.0 1 L r 38553842652042453 1146.0228 15.164273 1361.1864 33.226498 1580.063 25.124594 1729.4769 66.21387 1912.8315 117.949066 nan nan nan nan nan nan nan nan nan nan nan nan 1e-07 1e-07 0.0 0.0 0.0 0.0 1
_Cos_38553842652042890 11 "HSC-SSP Public Data Release 4 (Wide)" 35.678802736001046 -3.751950735992271 1800.0 1 L r 38553842652042890 763.4818 19.035362 960.26074 44.516716 1366.122 36.864067 2414.0315 88.29567 2812.8386 176.76736 nan nan nan nan nan nan nan nan nan nan nan nan 1e-07 1e-07 0.0 0.0 0.0 0.0 1
_Cos_38553842652042935 11 "HSC-SSP Public Data Release 4 (Wide)" 35.7356507054915 -3.7415349850913975 1800.0 1 L r 38553842652042935 875.7606 23.622772 1220.2759 50.503185 2890.935 42.99409 5512.85 101.29294 7288.3887 202.58319 nan nan nan nan nan nan nan nan nan nan nan nan 1e-07 1e-07 0.0 0.0 0.0 0.0 1
_Cos_38553842652043040 11 "HSC-SSP Public Data Release 4 (Wide)" 35.79367373248264 -3.749950358697045 1800.0 1 L r 38553842652043040 1607.1677 13.385883 2120.034 28.989187 3001.3572 31.644896 5091.1855 85.51283 3215.9368 153.81705 nan nan nan nan nan nan nan nan nan nan nan nan 1e-07 1e-07 0.0 0.0 0.0 0.0 1
_Cos_38553842652043452 11 "HSC-SSP Public Data Release 4 (Wide)" 35.64725603516126 -3.7404578332358076 1800.0 1 L r 38553842652043452 1148.0284 23.011095 1252.011 60.260883 1147.3871 26.003078 2243.4707 71.32396 2385.602 118.72597 nan nan nan nan nan nan nan nan nan nan nan nan 1e-07 1e-07 0.0 0.0 0.0 0.0 1
_Cos_38553842652043835 11 "HSC-SSP Public Data Release 4 (Wide)" 35.71911765039827 -3.733695297101468 1800.0 1 L r 38553842652043835 1312.835 19.913754 1579.3483 50.729633 1523.7345 48.424522 1329.4978 102.85577 2166.2664 218.7257 nan nan nan nan nan nan nan nan nan nan nan nan 1e-07 1e-07 0.0 0.0 0.0 0.0 1
_Cos_38553842652043872 11 "HSC-SSP Public Data Release 4 (Wide)" 35.78514804105284 -3.733108408008712 1800.0 1 L r 38553842652043872 984.1247 17.710438 1153.3074 37.34973 1246.1257 38.782074 2479.167 95.78133 2085.4814 166.43616 nan nan nan nan nan nan nan nan nan nan nan nan 1e-07 1e-07 0.0 0.0 0.0 0.0 1
_Cos_38553842652044356 11 "HSC-SSP Public Data Release 4 (Wide)" 35.768081047804195 -3.7217252898130466 1800.0 1 L r 38553842652044356 746.39667 19.76583 690.99445 35.682568 978.1392 42.88958 1006.9532 89.64622 1859.702 222.35765 nan nan nan nan nan nan nan nan nan nan nan nan 1e-07 1e-07 0.0 0.0 0.0 0.0 1
_Cos_38553842652044513 11 "HSC-SSP Public Data Release 4 (Wide)" 35.71145740384911 -3.7177101913889694 1800.0 1 L r 38553842652044513 954.7871 13.775303 1498.2122 35.199326 2553.6973 26.693676 4088.9194 70.79825 5337.9375 149.73018 nan nan nan nan nan nan nan nan nan nan nan nan 1e-07 1e-07 0.0 0.0 0.0 0.0 1
_Cos_38553842652044549 11 "HSC-SSP Public Data Release 4 (Wide)" 35.676662598027185 -3.7178378025114114 1800.0 1 L r 38553842652044549 619.4368 18.428143 834.7504 42.866905 1082.1965 32.589207 1980.2567 87.014404 2258.7207 151.70921 nan nan nan nan nan nan nan nan nan nan nan nan 1e-07 1e-07 0.0 0.0 0.0 0.0 1
_Cos_38553842652044578 11 "HSC-SSP Public Data Release 4 (Wide)" 35.63306923024851 -3.717557667813821 1800.0 1 L r 38553842652044578 1583.6503 19.427507 1870.623 44.10276 2611.2673 34.996277 3123.45 80.84424 4737.854 158.96945 nan nan nan nan nan nan nan nan nan nan nan nan 1e-07 1e-07 0.0 0.0 0.0 0.0 1
_Cos_38553842652045561 11 "HSC-SSP Public Data Release 4 (Wide)" 35.68840871025258 -3.698356048295419 1800.0 1 L r 38553842652045561 859.7683 19.332602 1226.8217 44.67605 2255.0972 36.576256 2859.47 95.06085 3195.3962 180.12172 nan nan nan nan nan nan nan nan nan nan nan nan 1e-07 1e-07 0.0 0.0 0.0 0.0 1
_Cos_38553842652046333 11 "HSC-SSP Public Data Release 4 (Wide)" 35.61073168777558 -3.683272911250176 1800.0 1 L r 38553842652046333 893.585 16.855446 968.3202 39.51689 1202.4613 25.022972 1676.3312 62.077236 1938.4298 122.19422 nan nan nan nan nan nan nan nan nan nan nan nan 1e-07 1e-07 0.0 0.0 0.0 0.0 1
_Cos_38553842652046388 11 "HSC-SSP Public Data Release 4 (Wide)" 35.63358443676386 -3.680500375843551 1800.0 1 L r 38553842652046388 859.3666 24.095108 1064.5281 48.87273 1511.8561 43.914204 3465.0862 126.72378 4257.741 228.57825 nan nan nan nan nan nan nan nan nan nan nan nan 1e-07 1e-07 0.0 0.0 0.0 0.0 1
_Cos_38553842652046537 11 "HSC-SSP Public Data Release 4 (Wide)" 35.657301355274086 -3.678569121027744 1800.0 1 L r 38553842652046537 752.8063 21.710651 935.7677 48.0988 1348.7797 36.03123 2351.1895 87.02473 2415.8848 149.46373 nan nan nan nan nan nan nan nan nan nan nan nan 1e-07 1e-07 0.0 0.0 0.0 0.0 1
_Cos_38553842652047121 11 "HSC-SSP Public Data Release 4 (Wide)" 35.671883282443446 -3.668141945297931 1800.0 1 L r 38553842652047121 627.1972 13.864302 673.08826 25.127005 1103.8916 28.586096 1543.3788 69.91143 1920.0177 123.67426 nan nan nan nan nan nan nan nan nan nan nan nan 1e-07 1e-07 0.0 0.0 0.0 0.0 1
_Cos_38553842652047178 11 "HSC-SSP Public Data Release 4 (Wide)" 35.63309467333318 -3.667715860305978 1800.0 1 L r 38553842652047178 801.1131 13.340287 989.05884 31.13312 1313.3301 24.052174 2002.0604 61.26947 1891.4548 104.05404 nan nan nan nan nan nan nan nan nan nan nan nan 1e-07 1e-07 0.0 0.0 0.0 0.0 1
_Cos_38553842652047336 11 "HSC-SSP Public Data Release 4 (Wide)" 35.759952689309 -3.664013464420437 1800.0 1 L r 38553842652047336 294.274 17.364515 356.0411 32.69695 1014.5579 39.30846 1575.9615 108.597755 2418.8115 208.38837 nan nan nan nan nan nan nan nan nan nan nan nan 1e-07 1e-07 0.0 0.0 0.0 0.0 1
_Cos_38553842652047866 11 "HSC-SSP Public Data Release 4 (Wide)" 35.767326230469145 -3.6545276745237882 1800.0 1 L r 38553842652047866 1672.1122 16.755693 2124.7744 33.524452 2510.0522 33.371254 4632.9863 91.20931 4805.1216 172.30618 nan nan nan nan nan nan nan nan nan nan nan nan 1e-07 1e-07 0.0 0.0 0.0 0.0 1
_Cos_38553842652048030 11 "HSC-SSP Public Data Release 4 (Wide)" 35.665927318194086 -3.6501581424042846 1800.0 1 L r 38553842652048030 1104.9513 25.836447 1327.2441 42.0194 2388.8071 37.35583 5034.925 121.00038 4159.8853 137.7406 nan nan nan nan nan nan nan nan nan nan nan nan 1e-07 1e-07 0.0 0.0 0.0 0.0 1
_Cos_38553842652048331 11 "HSC-SSP Public Data Release 4 (Wide)" 35.618530380801154 -3.646253160597456 1800.0 1 L r 38553842652048331 877.6199 26.534712 1208.4956 60.697002 1431.1228 41.77865 1811.9757 100.715706 2927.3147 212.4383 nan nan nan nan nan nan nan nan nan nan nan nan 1e-07 1e-07 0.0 0.0 0.0 0.0 1
_Cos_38553842652048487 11 "HSC-SSP Public Data Release 4 (Wide)" 35.73372117167642 -3.6429176800437495 1800.0 1 L r 38553842652048487 1051.2817 23.187376 235.24806 34.142708 1354.996 36.524574 1481.4781 91.98146 2418.1218 200.92285 nan nan nan nan nan nan nan nan nan nan nan nan 1e-07 1e-07 0.0 0.0 0.0 0.0 1
_Cos_38553842652048709 11 "HSC-SSP Public Data Release 4 (Wide)" 35.640074984958154 -3.638988210474994 1800.0 1 L r 38553842652048709 1067.4122 24.537111 1297.6505 49.104256 1623.634 35.45997 2191.0547 91.1336 2411.6243 149.78053 nan nan nan nan nan nan nan nan nan nan nan nan 1e-07 1e-07 0.0 0.0 0.0 0.0 1
_Cos_38553846946988353 11 "HSC-SSP Public Data Release 4 (Wide)" 35.619823507794884 -3.623143868409033 1800.0 1 L r 38553846946988353 1218.8549 20.43347 1394.4739 51.294525 1585.2218 35.3733 1764.6681 92.92672 2257.718 169.5654 nan nan nan nan nan nan nan nan nan nan nan nan 1e-07 1e-07 0.0 0.0 0.0 0.0 1
_Cos_38553846946989435 11 "HSC-SSP Public Data Release 4 (Wide)" 35.61945109153603 -3.599517732577689 1800.0 1 L r 38553846946989435 513.3561 18.482668 923.25244 39.472237 1434.0406 31.015581 2982.5952 89.68696 3452.0127 149.10439 nan nan nan nan nan nan nan nan nan nan nan nan 1e-07 1e-07 0.0 0.0 0.0 0.0 1
_Cos_38553846946989715 11 "HSC-SSP Public Data Release 4 (Wide)" 35.66345297412117 -3.5930630404488606 1800.0 1 L r 38553846946989715 746.1761 26.728342 757.669 56.398212 1896.871 41.535416 2635.8074 120.386154 2725.9167 186.73512 nan nan nan nan nan nan nan nan nan nan nan nan 1e-07 1e-07 0.0 0.0 0.0 0.0 1
_Cos_38553846946990117 11 "HSC-SSP Public Data Release 4 (Wide)" 35.63284082203726 -3.584061660680658 1800.0 1 L r 38553846946990117 1429.2461 20.42723 1894.91 39.04299 3535.262 32.372215 4496.605 85.23476 3782.4321 163.82466 nan nan nan nan nan nan nan nan nan nan nan nan 1e-07 1e-07 0.0 0.0 0.0 0.0 1
_Cos_38553846946990464 11 "HSC-SSP Public Data Release 4 (Wide)" 35.72205085103191 -3.576379026001919 1800.0 1 L r 38553846946990464 473.0706 23.165045 650.89343 43.953896 939.10114 36.268475 1233.6224 87.74438 1805.75 164.44353 nan nan nan nan nan nan nan nan nan nan nan nan 1e-07 1e-07 0.0 0.0 0.0 0.0 1
_Cos_38553846946992917 11 "HSC-SSP Public Data Release 4 (Wide)" 35.706885009819956 -3.524872937380892 1800.0 1 L r 38553846946992917 252.51065 17.06087 428.15472 34.634552 994.44055 28.11528 1970.6812 76.04582 2494.3098 178.24895 nan nan nan nan nan nan nan nan nan nan nan nan 1e-07 1e-07 0.0 0.0 0.0 0.0 1
_Cos_38553846946993014 11 "HSC-SSP Public Data Release 4 (Wide)" 35.64440416580074 -3.5228339071367283 1800.0 1 L r 38553846946993014 1070.052 34.22765 1226.7136 64.37521 1364.1896 58.0892 1427.8995 114.223656 1657.0294 214.01505 nan nan nan nan nan nan nan nan nan nan nan nan 1e-07 1e-07 0.0 0.0 0.0 0.0 1
_Cos_38553846946993382 11 "HSC-SSP Public Data Release 4 (Wide)" 35.61569260412835 -3.515858331370029 1800.0 1 L r 38553846946993382 691.34985 23.77998 951.5938 39.907516 1711.685 31.41612 3598.9817 91.06647 4549.08 154.7896 nan nan nan nan nan nan nan nan nan nan nan nan 1e-07 1e-07 0.0 0.0 0.0 0.0 1
_Cos_38553846946993705 11 "HSC-SSP Public Data Release 4 (Wide)" 35.64529216413463 -3.509569610650203 1800.0 1 L r 38553846946993705 827.05994 24.660967 860.65894 45.75974 1124.119 32.7311 1567.2074 82.8349 1639.9562 125.43695 nan nan nan nan nan nan nan nan nan nan nan nan 1e-07 1e-07 0.0 0.0 0.0 0.0 1
_Cos_38553846946995872 11 "HSC-SSP Public Data Release 4 (Wide)" 35.75414357826562 -3.4654164042682676 1800.0 1 L r 38553846946995872 760.37573 14.727872 913.2801 27.977024 1543.0365 25.683897 2541.3782 68.6784 1648.4607 126.76437 nan nan nan nan nan nan nan nan nan nan nan nan 1e-07 1e-07 0.0 0.0 0.0 0.0 1
_Cos_38553846947008953 11 "HSC-SSP Public Data Release 4 (Wide)" 35.76237120369409 -3.6215267681588457 1800.0 1 L r 38553846947008953 783.58545 13.949858 1104.3083 31.047789 2027.0962 24.653316 2818.5303 69.280556 3033.3723 118.51021 nan nan nan nan nan nan nan nan nan nan nan nan 1e-07 1e-07 0.0 0.0 0.0 0.0 1
_Cos_38553846947009155 11 "HSC-SSP Public Data Release 4 (Wide)" 35.6697800418319 -3.6202042831945955 1800.0 1 L r 38553846947009155 436.82336 14.040264 619.7433 32.715084 1051.423 24.5076 1798.8776 81.45136 1613.8281 114.37654 nan nan nan nan nan nan nan nan nan nan nan nan 1e-07 1e-07 0.0 0.0 0.0 0.0 1
_Cos_38553846947009182 11 "HSC-SSP Public Data Release 4 (Wide)" 35.71976231594118 -3.620565195232615 1800.0 1 L r 38553846947009182 599.8155 19.632551 807.3862 44.219822 1708.528 40.325584 2526.0269 119.60643 2933.2495 203.16519 nan nan nan nan nan nan nan nan nan nan nan nan 1e-07 1e-07 0.0 0.0 0.0 0.0 1
_Cos_38553846947009825 11 "HSC-SSP Public Data Release 4 (Wide)" 35.64501247285581 -3.6086533983484164 1800.0 1 L r 38553846947009825 584.6455 21.847103 782.3623 39.49225 1150.3212 32.390026 1375.7736 97.22096 768.3889 129.46811 nan nan nan nan nan nan nan nan nan nan nan nan 1e-07 1e-07 0.0 0.0 0.0 0.0 1
_Cos_38553846947009885 11 "HSC-SSP Public Data Release 4 (Wide)" 35.68708460042446 -3.607903258176663 1800.0 1 L r 38553846947009885 705.3756 15.526422 1063.8733 35.30587 2204.887 26.626799 3037.0107 74.021965 2833.033 135.64781 nan nan nan nan nan nan nan nan nan nan nan nan 1e-07 1e-07 0.0 0.0 0.0 0.0 1
_Cos_38553846947009920 11 "HSC-SSP Public Data Release 4 (Wide)" 35.719116247333496 -3.607137633668254 1800.0 1 L r 38553846947009920 357.59338 16.658337 474.10547 33.876564 1491.1212 53.610416 1044.8593 75.47669 1252.3198 112.29489 nan nan nan nan nan nan nan nan nan nan nan nan 1e-07 1e-07 0.0 0.0 0.0 0.0 1
_Cos_38553846947010397 11 "HSC-SSP Public Data Release 4 (Wide)" 35.789270103262766 -3.600645702866281 1800.0 1 L r 38553846947010397 612.95844 13.730815 708.11664 27.772778 960.8184 22.74537 1555.5848 64.79863 1557.774 92.19272 nan nan nan nan nan nan nan nan nan nan nan nan 1e-07 1e-07 0.0 0.0 0.0 0.0 1
_Cos_38553846947011080 11 "HSC-SSP Public Data Release 4 (Wide)" 35.78756734453476 -3.58895263931086 1800.0 1 L r 38553846947011080 986.95416 19.365034 1458.2275 45.131577 2481.6711 39.368935 4231.071 99.56792 5004.3027 169.62332 nan nan nan nan nan nan nan nan nan nan nan nan 1e-07 1e-07 0.0 0.0 0.0 0.0 1
_Cos_38553846947011230 11 "HSC-SSP Public Data Release 4 (Wide)" 35.73539104933791 -3.585470468856793 1800.0 1 L r 38553846947011230 853.7696 18.68359 1078.0117 48.112568 1611.4832 26.11603 2380.0857 69.7643 2403.1824 111.02289 nan nan nan nan nan nan nan nan nan nan nan nan 1e-07 1e-07 0.0 0.0 0.0 0.0 1
_Cos_38553846947011377 11 "HSC-SSP Public Data Release 4 (Wide)" 35.702687625780484 -3.576593230418223 1800.0 1 L r 38553846947011377 1113.0983 17.624231 1481.9863 37.831326 1691.1371 29.82005 3439.1694 88.68131 3712.2207 140.78513 nan nan nan nan nan nan nan nan nan nan nan nan 1e-07 1e-07 0.0 0.0 0.0 0.0 1
_Cos_38553846947011451 11 "HSC-SSP Public Data Release 4 (Wide)" 35.78487217264313 -3.5819937280598264 1800.0 1 L r 38553846947011451 1063.4147 21.125067 1382.5593 38.547577 1424.6364 28.498957 1669.8958 68.68597 1938.6381 142.06049 nan nan nan nan nan nan nan nan nan nan nan nan 1e-07 1e-07 0.0 0.0 0.0 0.0 1
_Cos_38553846947011590 11 "HSC-SSP Public Data Release 4 (Wide)" 35.64776538528488 -3.579298212144806 1800.0 1 L r 38553846947011590 991.4029 25.473465 1390.3582 55.949677 1667.2664 47.210804 2054.0217 94.5837 2591.382 176.7397 nan nan nan nan nan nan nan nan nan nan nan nan 1e-07 1e-07 0.0 0.0 0.0 0.0 1
_Cos_38553846947012287 11 "HSC-SSP Public Data Release 4 (Wide)" 35.61279359749967 -3.5692138547165695 1800.0 1 L r 38553846947012287 1098.2926 19.359322 1281.2422 33.800545 1985.2485 30.519901 2763.2961 94.03439 3668.651 161.60674 nan nan nan nan nan nan nan nan nan nan nan nan 1e-07 1e-07 0.0 0.0 0.0 0.0 1
