output/Jan25/final/field_e_L4_visit1_final_targets.ecsv
# %ECSV 1.0
# ---
# datatype:
# - {name: ob_code, datatype: string}
# - {name: catId, datatype: int32}
# - {name: description, datatype: string}
# - {name: ra, datatype: float64}
# - {name: dec, datatype: float64}
# - {name: exptime, datatype: float64}
# - {name: priority, datatype: int32}
# - {name: resolution, datatype: string}
# - {name: reference_arm, datatype: string}
# - {name: obj_id, datatype: int64}
# - {name: g_hsc, datatype: float64}
# - {name: g_hsc_err, datatype: float64}
# - {name: r2_hsc, datatype: float64}
# - {name: r2_hsc_err, datatype: float64}
# - {name: i2_hsc, datatype: float64}
# - {name: i2_hsc_err, datatype: float64}
# - {name: z_hsc, datatype: float64}
# - {name: z_hsc_err, datatype: float64}
# - {name: y_hsc, datatype: float64}
# - {name: y_hsc_err, datatype: float64}
# - {name: epoch, datatype: float64}
# - {name: input_catalog_id, datatype: float64}
# - {name: psf_flux_g, datatype: float64}
# - {name: psf_flux_error_g, datatype: float64}
# - {name: psf_flux_r, datatype: float64}
# - {name: psf_flux_error_r, datatype: float64}
# - {name: psf_flux_i, datatype: float64}
# - {name: psf_flux_error_i, datatype: float64}
# - {name: psf_flux_z, datatype: float64}
# - {name: psf_flux_error_z, datatype: float64}
# - {name: psf_flux_y, datatype: float64}
# - {name: psf_flux_error_y, datatype: float64}
# - {name: parallax, datatype: float64}
# - {name: parallax_error, datatype: float64}
# - {name: pmra, datatype: float64}
# - {name: pmra_error, datatype: float64}
# - {name: pmdec, datatype: float64}
# - {name: pmdec_error, datatype: float64}
# - {name: target_type, datatype: int32}
# schema: astropy-2.0
ob_code catId description ra dec exptime priority resolution reference_arm obj_id g_hsc g_hsc_err r2_hsc r2_hsc_err i2_hsc i2_hsc_err z_hsc z_hsc_err y_hsc y_hsc_err epoch input_catalog_id psf_flux_g psf_flux_error_g psf_flux_r psf_flux_error_r psf_flux_i psf_flux_error_i psf_flux_z psf_flux_error_z psf_flux_y psf_flux_error_y parallax parallax_error pmra pmra_error pmdec pmdec_error target_type
[from data line 827]
_Cos_40964255607953121 11 "HSC-SSP Public Data Release 4 (Wide)" 129.94009329894345 -0.30577081732627726 1800.0 1 L r 40964255607953121 502.04044 24.354084 397.14316 44.318794 1088.3616 31.032951 1394.0483 64.06992 1512.4917 106.770546 nan nan nan nan nan nan nan nan nan nan nan nan 1e-07 1e-07 0.0 0.0 0.0 0.0 1
_Cos_40964255607962631 11 "HSC-SSP Public Data Release 4 (Wide)" 129.90888762538472 -0.4475741414476566 1800.0 1 L r 40964255607962631 509.3047 25.19575 746.33344 39.76614 1484.4838 34.51852 2073.2126 71.937874 2148.0752 134.38684 nan nan nan nan nan nan nan nan nan nan nan nan 1e-07 1e-07 0.0 0.0 0.0 0.0 1
_Cos_40964255607963989 11 "HSC-SSP Public Data Release 4 (Wide)" 129.92591454529824 -0.41693697614046416 1800.0 1 L r 40964255607963989 658.1797 24.178423 1010.1067 49.019093 1432.5919 41.66874 2683.2 92.44216 3781.3235 192.17784 nan nan nan nan nan nan nan nan nan nan nan nan 1e-07 1e-07 0.0 0.0 0.0 0.0 1
_Cos_40964255607964671 11 "HSC-SSP Public Data Release 4 (Wide)" 129.92752840944198 -0.39869772632074674 1800.0 1 L r 40964255607964671 552.5908 19.564583 613.9886 36.690258 925.77466 43.80252 1181.3954 66.05167 1404.4196 154.11928 nan nan nan nan nan nan nan nan nan nan nan nan 1e-07 1e-07 0.0 0.0 0.0 0.0 1
_Cos_40964255607966259 11 "HSC-SSP Public Data Release 4 (Wide)" 129.97738250402946 -0.35820502390822045 1800.0 1 L r 40964255607966259 749.5603 26.823416 906.1615 41.191742 988.74554 27.12593 1044.9352 52.695152 1371.0275 136.14174 nan nan nan nan nan nan nan nan nan nan nan nan 1e-07 1e-07 0.0 0.0 0.0 0.0 1
_Cos_40964255607966435 11 "HSC-SSP Public Data Release 4 (Wide)" 129.9524767334045 -0.35393189060315705 1800.0 1 L r 40964255607966435 688.6472 28.54238 924.4807 46.868126 1500.0826 48.09433 2323.2783 101.00865 2798.4563 196.67056 nan nan nan nan nan nan nan nan nan nan nan nan 1e-07 1e-07 0.0 0.0 0.0 0.0 1
_Cos_40964255607966454 11 "HSC-SSP Public Data Release 4 (Wide)" 129.90684314739383 -0.35325472597320307 1800.0 1 L r 40964255607966454 408.44366 16.52396 579.9961 41.462776 1139.7913 33.01287 1506.7328 68.589294 2943.658 193.6428 nan nan nan nan nan nan nan nan nan nan nan nan 1e-07 1e-07 0.0 0.0 0.0 0.0 1
_Cos_40964255607966610 11 "HSC-SSP Public Data Release 4 (Wide)" 129.9159688614134 -0.3503807617402738 1800.0 1 L r 40964255607966610 914.23 20.454432 1190.9445 37.319347 2783.6177 44.787388 1411.7887 80.545746 2174.064 173.90651 nan nan nan nan nan nan nan nan nan nan nan nan 1e-07 1e-07 0.0 0.0 0.0 0.0 1
_Cos_40964255607967318 11 "HSC-SSP Public Data Release 4 (Wide)" 129.93883292331876 -0.3329805025345453 1800.0 1 L r 40964255607967318 489.9524 21.413637 666.5615 52.579796 936.29626 31.336954 1230.546 76.242294 1775.1265 164.74222 nan nan nan nan nan nan nan nan nan nan nan nan 1e-07 1e-07 0.0 0.0 0.0 0.0 1
_Cos_40964255607967518 11 "HSC-SSP Public Data Release 4 (Wide)" 129.9886459170033 -0.32782972950998995 1800.0 1 L r 40964255607967518 1608.2902 21.021341 1900.6602 38.504463 1980.4308 39.114395 2138.9387 73.36478 1997.6194 143.50948 nan nan nan nan nan nan nan nan nan nan nan nan 1e-07 1e-07 0.0 0.0 0.0 0.0 1
_Cos_40964255607968259 11 "HSC-SSP Public Data Release 4 (Wide)" 129.92760251806112 -0.3082156314515449 1800.0 1 L r 40964255607968259 424.6088 17.855621 612.3671 33.447407 1285.3834 29.957672 2094.5322 73.04479 1858.1486 110.31818 nan nan nan nan nan nan nan nan nan nan nan nan 1e-07 1e-07 0.0 0.0 0.0 0.0 1
_Cos_40964255607968844 11 "HSC-SSP Public Data Release 4 (Wide)" 129.95856495598218 -0.2963702793026978 1800.0 1 L r 40964255607968844 678.10474 19.057976 756.18024 42.008224 1294.804 41.220276 1017.4262 61.46613 856.00073 130.73007 nan nan nan nan nan nan nan nan nan nan nan nan 1e-07 1e-07 0.0 0.0 0.0 0.0 1
_Cos_40964255607969248 11 "HSC-SSP Public Data Release 4 (Wide)" 129.9900738385068 -0.2872854303942282 1800.0 1 L r 40964255607969248 849.42664 19.156021 942.3185 39.031425 1740.7775 37.315666 2090.1663 77.270645 2573.6924 138.38164 nan nan nan nan nan nan nan nan nan nan nan nan 1e-07 1e-07 0.0 0.0 0.0 0.0 1
_Cos_40964259902915513 11 "HSC-SSP Public Data Release 4 (Wide)" 129.97553344828665 -0.2582517664266716 1800.0 1 L r 40964259902915513 795.02264 24.710114 981.452 42.026566 1083.0536 39.379524 946.8962 76.75808 1595.4283 166.3259 nan nan nan nan nan nan nan nan nan nan nan nan 1e-07 1e-07 0.0 0.0 0.0 0.0 1
_Cos_40964259902922509 11 "HSC-SSP Public Data Release 4 (Wide)" 129.90685361600234 -0.10160205073103687 1800.0 1 L r 40964259902922509 591.2132 24.084871 644.8337 38.641064 1506.8021 48.904873 1677.9271 87.61527 2412.6128 167.43306 nan nan nan nan nan nan nan nan nan nan nan nan 1e-07 1e-07 0.0 0.0 0.0 0.0 1
_Cos_40964259902931834 11 "HSC-SSP Public Data Release 4 (Wide)" 129.95453599621862 -0.2701988533895296 1800.0 1 L r 40964259902931834 1293.5109 46.71395 1685.8982 72.46061 1053.8552 36.276672 1255.9207 91.191505 731.2405 125.049736 nan nan nan nan nan nan nan nan nan nan nan nan 1e-07 1e-07 0.0 0.0 0.0 0.0 1
_Cos_40964259902933071 11 "HSC-SSP Public Data Release 4 (Wide)" 129.97586908425197 -0.24731634665037236 1800.0 1 L r 40964259902933071 751.60156 19.705093 943.2943 36.871063 1833.7401 41.26687 2291.8672 82.8575 2685.7844 152.38512 nan nan nan nan nan nan nan nan nan nan nan nan 1e-07 1e-07 0.0 0.0 0.0 0.0 1
_Cos_40964259902934293 11 "HSC-SSP Public Data Release 4 (Wide)" 129.9909615741717 -0.2216208502469668 1800.0 1 L r 40964259902934293 713.5982 27.687681 854.8812 39.109238 1036.7919 33.2811 1688.6494 89.22533 2504.5735 180.65376 nan nan nan nan nan nan nan nan nan nan nan nan 1e-07 1e-07 0.0 0.0 0.0 0.0 1
_Cos_40964259902938234 11 "HSC-SSP Public Data Release 4 (Wide)" 129.99450857245836 -0.15141886186725992 1800.0 1 L r 40964259902938234 621.0222 15.312632 882.0537 30.280611 1606.2083 27.15979 2423.8293 65.55373 3158.5674 125.328835 nan nan nan nan nan nan nan nan nan nan nan nan 1e-07 1e-07 0.0 0.0 0.0 0.0 1
_Cos_40964259902939793 11 "HSC-SSP Public Data Release 4 (Wide)" 129.96320326271103 -0.11816813347147224 1800.0 1 L r 40964259902939793 506.61758 15.896531 612.0421 30.354979 956.9422 22.115849 1134.6196 46.551956 1263.4199 84.21392 nan nan nan nan nan nan nan nan nan nan nan nan 1e-07 1e-07 0.0 0.0 0.0 0.0 1
_Cos_40964259902940013 11 "HSC-SSP Public Data Release 4 (Wide)" 129.932254785798 -0.11244757994855169 1800.0 1 L r 40964259902940013 698.23517 30.346819 707.02185 43.460945 1094.935 40.563248 1781.4152 81.11618 2403.6975 168.76242 nan nan nan nan nan nan nan nan nan nan nan nan 1e-07 1e-07 0.0 0.0 0.0 0.0 1
_Cos_40964264197882106 11 "HSC-SSP Public Data Release 4 (Wide)" 129.95433208582028 -0.08848512285739953 1800.0 1 L r 40964264197882106 664.5235 17.429893 820.1055 33.653637 1249.377 31.306984 2419.5664 58.98108 1311.8452 142.09094 nan nan nan nan nan nan nan nan nan nan nan nan 1e-07 1e-07 0.0 0.0 0.0 0.0 1
_Cos_40964264197898620 11 "HSC-SSP Public Data Release 4 (Wide)" 129.913637857233 -0.02817463512230615 1800.0 1 L r 40964264197898620 374.776 16.871956 705.1162 38.730316 980.475 35.83854 4376.975 163.56117 2914.6914 196.10402 nan nan nan nan nan nan nan nan nan nan nan nan 1e-07 1e-07 0.0 0.0 0.0 0.0 1
_Cos_40964384456972894 11 "HSC-SSP Public Data Release 4 (Wide)" 129.75902142712692 -0.690759679175701 1800.0 1 L r 40964384456972894 187.9077 30.393093 359.65247 53.941547 1347.857 47.6293 3100.469 112.06432 3162.331 159.80527 nan nan nan nan nan nan nan nan nan nan nan nan 1e-07 1e-07 0.0 0.0 0.0 0.0 1
_Cos_40964384456987920 11 "HSC-SSP Public Data Release 4 (Wide)" 129.71871552414657 -0.7577486404969125 1800.0 1 L r 40964384456987920 932.25024 25.757778 1142.4507 44.66935 1921.9275 53.198 2233.011 86.20747 3641.71 219.34096 nan nan nan nan nan nan nan nan nan nan nan nan 1e-07 1e-07 0.0 0.0 0.0 0.0 1
_Cos_40964384456990489 11 "HSC-SSP Public Data Release 4 (Wide)" 129.75910509350354 -0.7077961194431979 1800.0 1 L r 40964384456990489 806.5684 24.8 1070.9983 47.828518 1183.406 31.084314 1959.0647 67.42862 2452.7874 156.42595 nan nan nan nan nan nan nan nan nan nan nan nan 1e-07 1e-07 0.0 0.0 0.0 0.0 1
_Cos_40964384456991016 11 "HSC-SSP Public Data Release 4 (Wide)" 129.77489943087303 -0.6986282419994047 1800.0 1 L r 40964384456991016 660.84644 32.009884 884.4487 53.0446 1895.8656 54.91797 813.60504 49.332256 2644.987 228.2732 nan nan nan nan nan nan nan nan nan nan nan nan 1e-07 1e-07 0.0 0.0 0.0 0.0 1
_Cos_40964384456991513 11 "HSC-SSP Public Data Release 4 (Wide)" 129.72625659526543 -0.6896874921108664 1800.0 1 L r 40964384456991513 1428.8951 28.928225 1723.3973 51.276222 2565.9062 45.344475 3927.3442 99.99233 4764.3115 195.16243 nan nan nan nan nan nan nan nan nan nan nan nan 1e-07 1e-07 0.0 0.0 0.0 0.0 1
_Cos_40964384456992548 11 "HSC-SSP Public Data Release 4 (Wide)" 129.7477812905108 -0.6712156200676584 1800.0 1 L r 40964384456992548 755.68823 26.70062 1178.5342 48.78332 1804.7004 34.813503 3410.9294 78.27498 3891.8452 146.84589 nan nan nan nan nan nan nan nan nan nan nan nan 1e-07 1e-07 0.0 0.0 0.0 0.0 1
_Cos_40964384456992722 11 "HSC-SSP Public Data Release 4 (Wide)" 129.79393817920425 -0.6693405447286318 1800.0 1 L r 40964384456992722 842.9024 20.6818 934.15173 41.955685 987.11664 27.15956 1215.2306 58.35071 769.44403 106.37797 nan nan nan nan nan nan nan nan nan nan nan nan 1e-07 1e-07 0.0 0.0 0.0 0.0 1
_Cos_40964388751935121 11 "HSC-SSP Public Data Release 4 (Wide)" 129.81343756925787 -0.6239699101021693 1800.0 1 L r 40964388751935121 1020.4898 21.233315 1516.1759 39.762127 2421.4268 29.237688 3798.3623 65.751625 4006.4062 128.83391 nan nan nan nan nan nan nan nan nan nan nan nan 1e-07 1e-07 0.0 0.0 0.0 0.0 1
_Cos_40964388751936113 11 "HSC-SSP Public Data Release 4 (Wide)" 129.8167870045896 -0.6034053428227268 1800.0 1 L r 40964388751936113 558.56506 20.746727 635.74036 33.69203 1174.0739 24.149513 1504.7233 55.06773 1251.8455 111.7144 nan nan nan nan nan nan nan nan nan nan nan nan 1e-07 1e-07 0.0 0.0 0.0 0.0 1
_Cos_40964388751936794 11 "HSC-SSP Public Data Release 4 (Wide)" 129.8143745514581 -0.5882755258658774 1800.0 1 L r 40964388751936794 450.4887 20.641256 597.19574 40.78548 922.3053 32.50542 1479.2726 73.01502 1472.0597 136.14029 nan nan nan nan nan nan nan nan nan nan nan nan 1e-07 1e-07 0.0 0.0 0.0 0.0 1
_Cos_40964388751937143 11 "HSC-SSP Public Data Release 4 (Wide)" 129.7730392943608 -0.5809819740539215 1800.0 1 L r 40964388751937143 1040.6901 22.807196 1324.4966 42.67249 1841.3862 27.628775 2861.2312 57.420143 3357.9326 117.226654 nan nan nan nan nan nan nan nan nan nan nan nan 1e-07 1e-07 0.0 0.0 0.0 0.0 1
_Cos_40964388751938098 11 "HSC-SSP Public Data Release 4 (Wide)" 129.7302636786721 -0.561503328842456 1800.0 1 L r 40964388751938098 1261.1971 18.715374 1306.2166 37.468895 1449.4891 29.923164 1565.0035 65.82539 2626.1494 116.32459 nan nan nan nan nan nan nan nan nan nan nan nan 1e-07 1e-07 0.0 0.0 0.0 0.0 1
_Cos_40964388751938448 11 "HSC-SSP Public Data Release 4 (Wide)" 129.79771341811465 -0.5538492773307512 1800.0 1 L r 40964388751938448 537.8631 23.002745 810.00433 54.05015 1470.5385 34.45619 2014.8633 69.85689 2373.968 141.52426 nan nan nan nan nan nan nan nan nan nan nan nan 1e-07 1e-07 0.0 0.0 0.0 0.0 1
_Cos_40964388751939159 11 "HSC-SSP Public Data Release 4 (Wide)" 129.72128164363144 -0.5388631800529574 1800.0 1 L r 40964388751939159 837.00116 25.019503 1369.6276 51.20357 2320.7288 40.650608 4701.285 79.68344 4976.4854 141.3597 nan nan nan nan nan nan nan nan nan nan nan nan 1e-07 1e-07 0.0 0.0 0.0 0.0 1
_Cos_40964388751939520 11 "HSC-SSP Public Data Release 4 (Wide)" 129.77840495591758 -0.531884488494299 1800.0 1 L r 40964388751939520 798.5586 28.15765 846.84717 55.838177 923.20013 43.46036 1073.5765 87.75456 1457.9718 167.2579 nan nan nan nan nan nan nan nan nan nan nan nan 1e-07 1e-07 0.0 0.0 0.0 0.0 1
_Cos_40964388751939761 11 "HSC-SSP Public Data Release 4 (Wide)" 129.82091641074135 -0.5265946451255193 1800.0 1 L r 40964388751939761 992.228 24.928978 1145.9647 46.26295 1817.3735 45.009773 2484.0496 93.78609 3138.5205 181.53108 nan nan nan nan nan nan nan nan nan nan nan nan 1e-07 1e-07 0.0 0.0 0.0 0.0 1
_Cos_40964388751940444 11 "HSC-SSP Public Data Release 4 (Wide)" 129.88114806550698 -0.5126695946404479 1800.0 1 L r 40964388751940444 512.5094 42.146957 507.85168 51.36973 933.6295 36.1498 1892.4725 88.180756 2351.5215 191.42381 nan nan nan nan nan nan nan nan nan nan nan nan 1e-07 1e-07 0.0 0.0 0.0 0.0 1
_Cos_40964388751940951 11 "HSC-SSP Public Data Release 4 (Wide)" 129.82321195828874 -0.5032819214918908 1800.0 1 L r 40964388751940951 504.33405 22.736214 679.15674 45.678944 1077.5685 42.486256 1400.1565 68.84741 1573.2373 113.00037 nan nan nan nan nan nan nan nan nan nan nan nan 1e-07 1e-07 0.0 0.0 0.0 0.0 1
_Cos_40964388751941052 11 "HSC-SSP Public Data Release 4 (Wide)" 129.7476398731591 -0.5011196061907209 1800.0 1 L r 40964388751941052 501.24597 21.414814 557.2576 43.13707 1013.32947 30.948507 1697.1327 76.0542 1832.9861 124.685074 nan nan nan nan nan nan nan nan nan nan nan nan 1e-07 1e-07 0.0 0.0 0.0 0.0 1
_Cos_40964388751942442 11 "HSC-SSP Public Data Release 4 (Wide)" 129.84063783213486 -0.4701884566208317 1800.0 1 L r 40964388751942442 662.1166 20.968075 962.33514 40.13262 1532.9955 33.45281 1959.3699 68.49215 1932.2667 135.14845 nan nan nan nan nan nan nan nan nan nan nan nan 1e-07 1e-07 0.0 0.0 0.0 0.0 1
_Cos_40964388751952048 11 "HSC-SSP Public Data Release 4 (Wide)" 129.72608211075834 -0.64034543241433 1800.0 1 L r 40964388751952048 173.24074 22.686829 176.89775 32.01532 914.81537 49.615234 2251.8577 101.95679 2187.5803 157.09679 nan nan nan nan nan nan nan nan nan nan nan nan 1e-07 1e-07 0.0 0.0 0.0 0.0 1
_Cos_40964388751952272 11 "HSC-SSP Public Data Release 4 (Wide)" 129.78822630327727 -0.6351984388780082 1800.0 1 L r 40964388751952272 1079.943 26.53813 1446.9872 43.770763 1796.1827 37.312332 1737.4642 77.55918 1535.4557 144.47414 nan nan nan nan nan nan nan nan nan nan nan nan 1e-07 1e-07 0.0 0.0 0.0 0.0 1
_Cos_40964388751953105 11 "HSC-SSP Public Data Release 4 (Wide)" 129.77076743255256 -0.6166821849132962 1800.0 1 L r 40964388751953105 601.05286 27.211779 739.35126 54.770782 1705.9856 31.848597 2180.5657 65.800224 2864.2786 145.18013 nan nan nan nan nan nan nan nan nan nan nan nan 1e-07 1e-07 0.0 0.0 0.0 0.0 1
_Cos_40964388751953513 11 "HSC-SSP Public Data Release 4 (Wide)" 129.73805655046954 -0.6092833423286954 1800.0 1 L r 40964388751953513 960.22 22.846567 1473.5858 47.95947 2646.0505 32.470448 4418.6855 67.0704 5571.663 136.1591 nan nan nan nan nan nan nan nan nan nan nan nan 1e-07 1e-07 0.0 0.0 0.0 0.0 1
_Cos_40964388751953806 11 "HSC-SSP Public Data Release 4 (Wide)" 129.74162747046 -0.600881466263361 1800.0 1 L r 40964388751953806 548.62616 22.22364 687.44946 43.330658 932.66907 31.456911 1261.8745 61.47418 1215.7026 116.08158 nan nan nan nan nan nan nan nan nan nan nan nan 1e-07 1e-07 0.0 0.0 0.0 0.0 1
_Cos_40964388751954696 11 "HSC-SSP Public Data Release 4 (Wide)" 129.84134236113593 -0.5830717308925728 1800.0 1 L r 40964388751954696 681.87604 23.540047 916.8191 41.348648 1842.7006 36.938694 2152.0662 71.18089 2122.5803 143.55315 nan nan nan nan nan nan nan nan nan nan nan nan 1e-07 1e-07 0.0 0.0 0.0 0.0 1
_Cos_40964388751955417 11 "HSC-SSP Public Data Release 4 (Wide)" 129.8348973790685 -0.565612118954958 1800.0 1 L r 40964388751955417 1609.7754 19.145552 1698.9355 39.9241 1887.5015 27.27553 1985.8416 61.450455 3268.867 141.51369 nan nan nan nan nan nan nan nan nan nan nan nan 1e-07 1e-07 0.0 0.0 0.0 0.0 1
_Cos_40964388751955542 11 "HSC-SSP Public Data Release 4 (Wide)" 129.78617475260205 -0.5632239981586901 1800.0 1 L r 40964388751955542 422.19293 41.43062 659.1275 47.238712 2414.64 47.381 4188.7114 110.686874 4520.6436 147.94945 nan nan nan nan nan nan nan nan nan nan nan nan 1e-07 1e-07 0.0 0.0 0.0 0.0 1
