output/Jan25/final/field_e_L4_visit1_final_targets.ecsv
# %ECSV 1.0
# ---
# datatype:
# - {name: ob_code, datatype: string}
# - {name: catId, datatype: int32}
# - {name: description, datatype: string}
# - {name: ra, datatype: float64}
# - {name: dec, datatype: float64}
# - {name: exptime, datatype: float64}
# - {name: priority, datatype: int32}
# - {name: resolution, datatype: string}
# - {name: reference_arm, datatype: string}
# - {name: obj_id, datatype: int64}
# - {name: g_hsc, datatype: float64}
# - {name: g_hsc_err, datatype: float64}
# - {name: r2_hsc, datatype: float64}
# - {name: r2_hsc_err, datatype: float64}
# - {name: i2_hsc, datatype: float64}
# - {name: i2_hsc_err, datatype: float64}
# - {name: z_hsc, datatype: float64}
# - {name: z_hsc_err, datatype: float64}
# - {name: y_hsc, datatype: float64}
# - {name: y_hsc_err, datatype: float64}
# - {name: epoch, datatype: float64}
# - {name: input_catalog_id, datatype: float64}
# - {name: psf_flux_g, datatype: float64}
# - {name: psf_flux_error_g, datatype: float64}
# - {name: psf_flux_r, datatype: float64}
# - {name: psf_flux_error_r, datatype: float64}
# - {name: psf_flux_i, datatype: float64}
# - {name: psf_flux_error_i, datatype: float64}
# - {name: psf_flux_z, datatype: float64}
# - {name: psf_flux_error_z, datatype: float64}
# - {name: psf_flux_y, datatype: float64}
# - {name: psf_flux_error_y, datatype: float64}
# - {name: parallax, datatype: float64}
# - {name: parallax_error, datatype: float64}
# - {name: pmra, datatype: float64}
# - {name: pmra_error, datatype: float64}
# - {name: pmdec, datatype: float64}
# - {name: pmdec_error, datatype: float64}
# - {name: target_type, datatype: int32}
# schema: astropy-2.0
ob_code catId description ra dec exptime priority resolution reference_arm obj_id g_hsc g_hsc_err r2_hsc r2_hsc_err i2_hsc i2_hsc_err z_hsc z_hsc_err y_hsc y_hsc_err epoch input_catalog_id psf_flux_g psf_flux_error_g psf_flux_r psf_flux_error_r psf_flux_i psf_flux_error_i psf_flux_z psf_flux_error_z psf_flux_y psf_flux_error_y parallax parallax_error pmra pmra_error pmdec pmdec_error target_type
[from data line 362]
_Cos_40959307805627805 11 "HSC-SSP Public Data Release 4 (Wide)" 129.29530374915373 -0.3184402981988347 1800.0 1 L r 40959307805627805 331.27304 16.248331 450.41162 35.70736 1094.8796 27.44458 1701.9203 58.42104 2105.08 106.85883 nan nan nan nan nan nan nan nan nan nan nan nan 1e-07 1e-07 0.0 0.0 0.0 0.0 1
_Cos_40959307805627968 11 "HSC-SSP Public Data Release 4 (Wide)" 129.2384659635276 -0.3142936786290243 1800.0 1 L r 40959307805627968 793.92505 16.482452 984.8978 35.174335 1283.7104 26.688906 1908.6688 56.04534 2278.09 112.145065 nan nan nan nan nan nan nan nan nan nan nan nan 1e-07 1e-07 0.0 0.0 0.0 0.0 1
_Cos_40959307805628999 11 "HSC-SSP Public Data Release 4 (Wide)" 129.25716562477422 -0.290145647988575 1800.0 1 L r 40959307805628999 575.027 21.745998 775.8222 42.180466 1017.98254 34.350677 1848.8427 73.78014 2146.6309 150.14677 nan nan nan nan nan nan nan nan nan nan nan nan 1e-07 1e-07 0.0 0.0 0.0 0.0 1
_Cos_40959307805629273 11 "HSC-SSP Public Data Release 4 (Wide)" 129.2182255306325 -0.2831244709964663 1800.0 1 L r 40959307805629273 939.20123 21.835255 1212.8508 40.500305 2917.1704 45.45374 3422.1157 85.04158 3012.0444 119.04885 nan nan nan nan nan nan nan nan nan nan nan nan 1e-07 1e-07 0.0 0.0 0.0 0.0 1
_Cos_40959307805637289 11 "HSC-SSP Public Data Release 4 (Wide)" 129.29346166041114 -0.4600240699718901 1800.0 1 L r 40959307805637289 351.20386 26.84801 467.07135 39.626575 1331.514 36.676033 2229.0518 75.7587 2541.021 156.02032 nan nan nan nan nan nan nan nan nan nan nan nan 1e-07 1e-07 0.0 0.0 0.0 0.0 1
_Cos_40959307805637611 11 "HSC-SSP Public Data Release 4 (Wide)" 129.29546646529514 -0.45334653629431354 1800.0 1 L r 40959307805637611 1968.0317 25.947712 2162.017 48.832767 2716.504 39.995037 4369.3047 92.728546 4324.6826 164.41736 nan nan nan nan nan nan nan nan nan nan nan nan 1e-07 1e-07 0.0 0.0 0.0 0.0 1
_Cos_40959307805637776 11 "HSC-SSP Public Data Release 4 (Wide)" 129.22173249723167 -0.4512752044612069 1800.0 1 L r 40959307805637776 1725.6503 30.417757 2186.7722 49.762203 2989.653 42.471672 4522.318 87.60608 6417.823 195.91039 nan nan nan nan nan nan nan nan nan nan nan nan 1e-07 1e-07 0.0 0.0 0.0 0.0 1
_Cos_40959307805638591 11 "HSC-SSP Public Data Release 4 (Wide)" 129.2994614080934 -0.42993975118483263 1800.0 1 L r 40959307805638591 478.16458 21.292305 579.63464 44.383987 1284.3612 30.963692 1471.5382 61.833313 1876.9183 116.71363 nan nan nan nan nan nan nan nan nan nan nan nan 1e-07 1e-07 0.0 0.0 0.0 0.0 1
_Cos_40959307805639615 11 "HSC-SSP Public Data Release 4 (Wide)" 129.2413373442744 -0.404082530255234 1800.0 1 L r 40959307805639615 564.3775 19.810234 703.2706 37.37374 1302.5115 30.6269 2080.5784 60.011486 1268.1852 111.31336 nan nan nan nan nan nan nan nan nan nan nan nan 1e-07 1e-07 0.0 0.0 0.0 0.0 1
_Cos_40959307805639962 11 "HSC-SSP Public Data Release 4 (Wide)" 129.2204730094549 -0.39514205370321004 1800.0 1 L r 40959307805639962 658.9249 28.226282 1070.494 59.703636 1379.3839 47.860336 2578.5762 109.43271 2601.505 178.27603 nan nan nan nan nan nan nan nan nan nan nan nan 1e-07 1e-07 0.0 0.0 0.0 0.0 1
_Cos_40959307805640045 11 "HSC-SSP Public Data Release 4 (Wide)" 129.30357394253764 -0.3930786912024082 1800.0 1 L r 40959307805640045 549.6871 20.296099 814.56616 41.033325 1203.2432 33.726803 2040.1611 66.30273 2320.2812 123.062454 nan nan nan nan nan nan nan nan nan nan nan nan 1e-07 1e-07 0.0 0.0 0.0 0.0 1
_Cos_40959307805640582 11 "HSC-SSP Public Data Release 4 (Wide)" 129.3010987939541 -0.37578733185751456 1800.0 1 L r 40959307805640582 542.6146 23.059792 641.48676 43.916225 1139.5728 41.216022 1960.1443 82.91801 2129.131 144.54301 nan nan nan nan nan nan nan nan nan nan nan nan 1e-07 1e-07 0.0 0.0 0.0 0.0 1
_Cos_40959307805640764 11 "HSC-SSP Public Data Release 4 (Wide)" 129.25569248201217 -0.37410812277627775 1800.0 1 L r 40959307805640764 914.6087 25.200523 1056.1895 44.42283 1548.5189 48.561905 1132.3595 68.12105 1140.6415 176.33116 nan nan nan nan nan nan nan nan nan nan nan nan 1e-07 1e-07 0.0 0.0 0.0 0.0 1
_Cos_40959307805640988 11 "HSC-SSP Public Data Release 4 (Wide)" 129.2667154452149 -0.3690742798097284 1800.0 1 L r 40959307805640988 605.9121 21.298206 797.6714 41.692467 1206.4354 42.67579 1139.894 79.42242 880.5304 141.92365 nan nan nan nan nan nan nan nan nan nan nan nan 1e-07 1e-07 0.0 0.0 0.0 0.0 1
_Cos_40959307805641165 11 "HSC-SSP Public Data Release 4 (Wide)" 129.21950940384326 -0.36434043673315386 1800.0 1 L r 40959307805641165 1125.8722 21.361637 1223.29 43.86793 2164.2295 41.359756 2188.8848 84.073006 3371.801 140.25981 nan nan nan nan nan nan nan nan nan nan nan nan 1e-07 1e-07 0.0 0.0 0.0 0.0 1
_Cos_40959307805641922 11 "HSC-SSP Public Data Release 4 (Wide)" 129.17710763309634 -0.3458356725670201 1800.0 1 L r 40959307805641922 1029.2749 16.523075 1516.958 34.445858 3284.8564 31.114803 4750.6367 68.92448 5740.1 135.50305 nan nan nan nan nan nan nan nan nan nan nan nan 1e-07 1e-07 0.0 0.0 0.0 0.0 1
_Cos_40959307805642051 11 "HSC-SSP Public Data Release 4 (Wide)" 129.20013315650695 -0.34418387537863854 1800.0 1 L r 40959307805642051 658.7038 20.085272 729.41174 40.934013 1236.552 42.181087 1304.2319 90.257935 1459.7617 162.29851 nan nan nan nan nan nan nan nan nan nan nan nan 1e-07 1e-07 0.0 0.0 0.0 0.0 1
_Cos_40959307805642326 11 "HSC-SSP Public Data Release 4 (Wide)" 129.32069834937806 -0.33589298733406986 1800.0 1 L r 40959307805642326 707.1225 19.401907 1081.5255 47.23906 1620.054 26.075657 2882.456 58.13055 3483.3936 118.982704 nan nan nan nan nan nan nan nan nan nan nan nan 1e-07 1e-07 0.0 0.0 0.0 0.0 1
_Cos_40959307805642806 11 "HSC-SSP Public Data Release 4 (Wide)" 129.1791323244644 -0.32443580045962434 1800.0 1 L r 40959307805642806 941.9476 22.388775 1151.299 50.40965 1289.9633 39.823135 1875.6226 102.19757 1850.259 224.02412 nan nan nan nan nan nan nan nan nan nan nan nan 1e-07 1e-07 0.0 0.0 0.0 0.0 1
_Cos_40959307805643064 11 "HSC-SSP Public Data Release 4 (Wide)" 129.27071406003574 -0.3166983405051119 1800.0 1 L r 40959307805643064 867.5208 27.268852 999.0161 60.419483 1183.5948 49.930786 2165.22 107.189354 2237.6455 192.77448 nan nan nan nan nan nan nan nan nan nan nan nan 1e-07 1e-07 0.0 0.0 0.0 0.0 1
_Cos_40959307805643122 11 "HSC-SSP Public Data Release 4 (Wide)" 129.33790153283348 -0.3166809566678991 1800.0 1 L r 40959307805643122 580.0923 20.223726 789.42175 38.143642 1219.7249 30.535677 1689.824 73.593636 1606.4243 112.99217 nan nan nan nan nan nan nan nan nan nan nan nan 1e-07 1e-07 0.0 0.0 0.0 0.0 1
_Cos_40959307805643520 11 "HSC-SSP Public Data Release 4 (Wide)" 129.21048212549982 -0.30695584228641654 1800.0 1 L r 40959307805643520 526.55457 16.760355 772.9804 36.155846 1390.3983 30.252172 1946.3824 63.137005 2061.4792 116.223724 nan nan nan nan nan nan nan nan nan nan nan nan 1e-07 1e-07 0.0 0.0 0.0 0.0 1
_Cos_40959307805643671 11 "HSC-SSP Public Data Release 4 (Wide)" 129.35141738731997 -0.30334579742186835 1800.0 1 L r 40959307805643671 678.90656 17.710093 788.09576 37.625088 1593.0062 31.34826 1956.3204 62.833576 2218.0583 123.736496 nan nan nan nan nan nan nan nan nan nan nan nan 1e-07 1e-07 0.0 0.0 0.0 0.0 1
_Cos_40959307805644273 11 "HSC-SSP Public Data Release 4 (Wide)" 129.17018209293627 -0.2895104033923073 1800.0 1 L r 40959307805644273 671.21497 20.926308 864.0267 43.70003 1174.755 46.890858 1178.1942 70.26236 1609.0297 154.40169 nan nan nan nan nan nan nan nan nan nan nan nan 1e-07 1e-07 0.0 0.0 0.0 0.0 1
_Cos_40959307805644416 11 "HSC-SSP Public Data Release 4 (Wide)" 129.30312857898977 -0.28059386452966467 1800.0 1 L r 40959307805644416 675.1149 29.828758 314.222 34.562687 912.8489 72.12116 364.99356 54.345345 649.88086 113.74951 nan nan nan nan nan nan nan nan nan nan nan nan 1e-07 1e-07 0.0 0.0 0.0 0.0 1
_Cos_40959312100589827 11 "HSC-SSP Public Data Release 4 (Wide)" 129.23605220015688 -0.2754140056046079 1800.0 1 L r 40959312100589827 370.60422 24.767748 504.50714 46.52913 1040.8134 49.85104 1763.3597 97.15221 1712.3 155.03058 nan nan nan nan nan nan nan nan nan nan nan nan 1e-07 1e-07 0.0 0.0 0.0 0.0 1
_Cos_40959312100590037 11 "HSC-SSP Public Data Release 4 (Wide)" 129.2724818199242 -0.269968572526973 1800.0 1 L r 40959312100590037 725.04913 19.217657 1074.5415 51.10876 1915.689 35.28935 2596.2766 71.05074 2764.0598 129.56808 nan nan nan nan nan nan nan nan nan nan nan nan 1e-07 1e-07 0.0 0.0 0.0 0.0 1
_Cos_40959312100590640 11 "HSC-SSP Public Data Release 4 (Wide)" 129.32553240762024 -0.2539322814858558 1800.0 1 L r 40959312100590640 1251.2395 23.179508 1406.058 48.52248 1959.2502 27.99212 2889.7134 56.90145 3072.6902 109.856636 nan nan nan nan nan nan nan nan nan nan nan nan 1e-07 1e-07 0.0 0.0 0.0 0.0 1
_Cos_40959312100591686 11 "HSC-SSP Public Data Release 4 (Wide)" 129.19190693628747 -0.2293169103221431 1800.0 1 L r 40959312100591686 864.0822 16.79853 1160.395 38.790817 1413.8156 39.641342 1943.9021 79.69039 2055.659 134.43948 nan nan nan nan nan nan nan nan nan nan nan nan 1e-07 1e-07 0.0 0.0 0.0 0.0 1
_Cos_40959312100591959 11 "HSC-SSP Public Data Release 4 (Wide)" 129.2494785064136 -0.22272563072962903 1800.0 1 L r 40959312100591959 531.391 22.827808 723.6745 42.609573 1217.86 38.041435 2061.8274 75.848755 2658.4846 135.75804 nan nan nan nan nan nan nan nan nan nan nan nan 1e-07 1e-07 0.0 0.0 0.0 0.0 1
_Cos_40959312100592323 11 "HSC-SSP Public Data Release 4 (Wide)" 129.20193867755594 -0.2125912276891253 1800.0 1 L r 40959312100592323 1375.1866 34.49332 1277.0088 46.85735 1484.6025 34.68269 1556.1768 71.57174 1460.8738 121.84842 nan nan nan nan nan nan nan nan nan nan nan nan 1e-07 1e-07 0.0 0.0 0.0 0.0 1
_Cos_40959312100593972 11 "HSC-SSP Public Data Release 4 (Wide)" 129.34561781926362 -0.17254405413233778 1800.0 1 L r 40959312100593972 996.8903 19.182327 1294.8553 39.412617 2158.7456 35.365196 2585.9226 72.14754 2406.719 125.276726 nan nan nan nan nan nan nan nan nan nan nan nan 1e-07 1e-07 0.0 0.0 0.0 0.0 1
_Cos_40959312100594728 11 "HSC-SSP Public Data Release 4 (Wide)" 129.22333812133198 -0.15502256709118153 1800.0 1 L r 40959312100594728 939.3375 27.328371 1096.663 46.449017 1719.3593 59.670353 2068.4656 92.81829 2827.057 162.87015 nan nan nan nan nan nan nan nan nan nan nan nan 1e-07 1e-07 0.0 0.0 0.0 0.0 1
_Cos_40959312100596018 11 "HSC-SSP Public Data Release 4 (Wide)" 129.17587629286507 -0.1215856598878988 1800.0 1 L r 40959312100596018 1107.4915 58.739563 1367.7534 112.28164 2985.331 215.95972 540.9474 124.7561 456.84723 108.59045 nan nan nan nan nan nan nan nan nan nan nan nan 1e-07 1e-07 0.0 0.0 0.0 0.0 1
_Cos_40959312100596089 11 "HSC-SSP Public Data Release 4 (Wide)" 129.3081259668717 -0.11992875780361734 1800.0 1 L r 40959312100596089 413.69165 15.953494 573.1468 37.42159 1029.4846 32.775394 2936.1917 88.54827 3928.7468 153.23952 nan nan nan nan nan nan nan nan nan nan nan nan 1e-07 1e-07 0.0 0.0 0.0 0.0 1
_Cos_40959312100596223 11 "HSC-SSP Public Data Release 4 (Wide)" 129.25412493361392 -0.11695261237779422 1800.0 1 L r 40959312100596223 608.2911 24.977734 688.8275 49.129864 1111.9401 45.127136 1078.4811 72.99971 1942.6042 127.44033 nan nan nan nan nan nan nan nan nan nan nan nan 1e-07 1e-07 0.0 0.0 0.0 0.0 1
_Cos_40959312100596983 11 "HSC-SSP Public Data Release 4 (Wide)" 129.29036267773267 -0.09897067717590732 1800.0 1 L r 40959312100596983 1155.0265 21.717276 1364.7792 45.84108 1771.2345 35.840927 2008.9624 69.84641 2377.0933 124.625336 nan nan nan nan nan nan nan nan nan nan nan nan 1e-07 1e-07 0.0 0.0 0.0 0.0 1
_Cos_40959312100597295 11 "HSC-SSP Public Data Release 4 (Wide)" 129.2442202956386 -0.09146823957166075 1800.0 1 L r 40959312100597295 848.3165 16.460598 946.19666 37.557125 1554.3123 27.868322 1673.4694 53.06884 3583.7002 95.57678 nan nan nan nan nan nan nan nan nan nan nan nan 1e-07 1e-07 0.0 0.0 0.0 0.0 1
_Cos_40959312100606376 11 "HSC-SSP Public Data Release 4 (Wide)" 129.2897558649506 -0.2759446445510097 1800.0 1 L r 40959312100606376 1038.8824 22.648226 1240.8544 47.29187 1745.8081 45.03463 1799.2013 73.36077 2636.9084 133.4789 nan nan nan nan nan nan nan nan nan nan nan nan 1e-07 1e-07 0.0 0.0 0.0 0.0 1
_Cos_40959312100606506 11 "HSC-SSP Public Data Release 4 (Wide)" 129.2163307422295 -0.2747417928483034 1800.0 1 L r 40959312100606506 497.04407 41.27971 825.6699 55.224785 2021.4531 53.772064 3796.2332 107.081474 4351.987 163.98386 nan nan nan nan nan nan nan nan nan nan nan nan 1e-07 1e-07 0.0 0.0 0.0 0.0 1
_Cos_40959312100607484 11 "HSC-SSP Public Data Release 4 (Wide)" 129.21245281024028 -0.24903144643573968 1800.0 1 L r 40959312100607484 828.57904 24.889013 859.19354 42.917683 1456.8207 44.189533 2190.1262 82.74104 1759.5515 93.32982 nan nan nan nan nan nan nan nan nan nan nan nan 1e-07 1e-07 0.0 0.0 0.0 0.0 1
_Cos_40959312100607693 11 "HSC-SSP Public Data Release 4 (Wide)" 129.27838454860552 -0.2504286515864595 1800.0 1 L r 40959312100607693 718.51746 18.46168 941.8959 41.439976 1055.2872 34.326256 1023.80707 59.88343 833.09894 105.86664 nan nan nan nan nan nan nan nan nan nan nan nan 1e-07 1e-07 0.0 0.0 0.0 0.0 1
_Cos_40959312100608023 11 "HSC-SSP Public Data Release 4 (Wide)" 129.30177988057906 -0.2443214260324976 1800.0 1 L r 40959312100608023 1902.5638 22.685354 2311.966 43.795773 3202.991 42.098976 4516.2666 81.303696 4966.4795 141.78502 nan nan nan nan nan nan nan nan nan nan nan nan 1e-07 1e-07 0.0 0.0 0.0 0.0 1
_Cos_40959312100608287 11 "HSC-SSP Public Data Release 4 (Wide)" 129.263170182055 -0.23756490101538202 1800.0 1 L r 40959312100608287 489.65375 21.402954 641.66315 45.07415 993.0481 37.55463 1091.7291 82.10136 1607.3074 168.42848 nan nan nan nan nan nan nan nan nan nan nan nan 1e-07 1e-07 0.0 0.0 0.0 0.0 1
_Cos_40959312100608312 11 "HSC-SSP Public Data Release 4 (Wide)" 129.24913255168295 -0.23796447069628698 1800.0 1 L r 40959312100608312 623.2994 23.296772 869.0417 45.159275 1336.2656 37.720966 2043.8242 78.2582 2308.5857 127.213 nan nan nan nan nan nan nan nan nan nan nan nan 1e-07 1e-07 0.0 0.0 0.0 0.0 1
_Cos_40959312100608663 11 "HSC-SSP Public Data Release 4 (Wide)" 129.28223504269306 -0.23171745087896234 1800.0 1 L r 40959312100608663 1459.5798 23.671041 1614.8842 48.358475 1803.9513 39.403343 1946.8197 95.43475 1975.8346 143.40817 nan nan nan nan nan nan nan nan nan nan nan nan 1e-07 1e-07 0.0 0.0 0.0 0.0 1
_Cos_40959312100608937 11 "HSC-SSP Public Data Release 4 (Wide)" 129.35459061974552 -0.22584066469157046 1800.0 1 L r 40959312100608937 829.15955 23.674805 941.1162 46.92095 949.30835 33.11496 1061.525 69.05287 860.0258 110.4445 nan nan nan nan nan nan nan nan nan nan nan nan 1e-07 1e-07 0.0 0.0 0.0 0.0 1
_Cos_40959312100609518 11 "HSC-SSP Public Data Release 4 (Wide)" 129.30625147250157 -0.21425863212245977 1800.0 1 L r 40959312100609518 924.44037 24.420105 1167.9631 37.51352 1537.4978 46.57432 1816.6893 97.65979 2372.1106 183.41039 nan nan nan nan nan nan nan nan nan nan nan nan 1e-07 1e-07 0.0 0.0 0.0 0.0 1
_Cos_40959312100609807 11 "HSC-SSP Public Data Release 4 (Wide)" 129.23348301193155 -0.20911277934247174 1800.0 1 L r 40959312100609807 771.53845 22.534275 836.7741 45.956123 1174.3365 42.226547 1771.5311 76.34159 2153.6658 130.22414 nan nan nan nan nan nan nan nan nan nan nan nan 1e-07 1e-07 0.0 0.0 0.0 0.0 1
_Cos_40959312100609940 11 "HSC-SSP Public Data Release 4 (Wide)" 129.35231592748215 -0.2072728809094341 1800.0 1 L r 40959312100609940 487.07837 19.256794 608.6202 45.66943 918.08215 31.225054 1308.1431 66.33449 1312.7427 113.08772 nan nan nan nan nan nan nan nan nan nan nan nan 1e-07 1e-07 0.0 0.0 0.0 0.0 1
_Cos_40959312100610175 11 "HSC-SSP Public Data Release 4 (Wide)" 129.26741495004492 -0.20086114095573826 1800.0 1 L r 40959312100610175 1772.5239 25.704403 1809.0554 52.182022 2592.367 46.347313 3375.6511 89.91976 4738.01 173.27429 nan nan nan nan nan nan nan nan nan nan nan nan 1e-07 1e-07 0.0 0.0 0.0 0.0 1
