output/Jan25/final/field_a_L3_visit2_final_targets.ecsv
# %ECSV 1.0
# ---
# datatype:
# - {name: ob_code, datatype: string}
# - {name: catId, datatype: int32}
# - {name: description, datatype: string}
# - {name: ra, datatype: float64}
# - {name: dec, datatype: float64}
# - {name: exptime, datatype: float64}
# - {name: priority, datatype: int32}
# - {name: resolution, datatype: string}
# - {name: reference_arm, datatype: string}
# - {name: obj_id, datatype: int64}
# - {name: g_hsc, datatype: float64}
# - {name: g_hsc_err, datatype: float64}
# - {name: r2_hsc, datatype: float64}
# - {name: r2_hsc_err, datatype: float64}
# - {name: i2_hsc, datatype: float64}
# - {name: i2_hsc_err, datatype: float64}
# - {name: z_hsc, datatype: float64}
# - {name: z_hsc_err, datatype: float64}
# - {name: y_hsc, datatype: float64}
# - {name: y_hsc_err, datatype: float64}
# - {name: epoch, datatype: float64}
# - {name: input_catalog_id, datatype: float64}
# - {name: psf_flux_g, datatype: float64}
# - {name: psf_flux_error_g, datatype: float64}
# - {name: psf_flux_r, datatype: float64}
# - {name: psf_flux_error_r, datatype: float64}
# - {name: psf_flux_i, datatype: float64}
# - {name: psf_flux_error_i, datatype: float64}
# - {name: psf_flux_z, datatype: float64}
# - {name: psf_flux_error_z, datatype: float64}
# - {name: psf_flux_y, datatype: float64}
# - {name: psf_flux_error_y, datatype: float64}
# - {name: parallax, datatype: float64}
# - {name: parallax_error, datatype: float64}
# - {name: pmra, datatype: float64}
# - {name: pmra_error, datatype: float64}
# - {name: pmdec, datatype: float64}
# - {name: pmdec_error, datatype: float64}
# - {name: target_type, datatype: int32}
# schema: astropy-2.0
ob_code catId description ra dec exptime priority resolution reference_arm obj_id g_hsc g_hsc_err r2_hsc r2_hsc_err i2_hsc i2_hsc_err z_hsc z_hsc_err y_hsc y_hsc_err epoch input_catalog_id psf_flux_g psf_flux_error_g psf_flux_r psf_flux_error_r psf_flux_i psf_flux_error_i psf_flux_z psf_flux_error_z psf_flux_y psf_flux_error_y parallax parallax_error pmra pmra_error pmdec pmdec_error target_type
[from data line 468]
_Cos_37493788888814547 11 "HSC-SSP Public Data Release 4 (Wide)" 37.41659977238599 -4.702789498093576 1800.0 1 L r 37493788888814547 982.4501 21.800554 978.47144 38.18129 1314.4198 29.979704 2090.1072 117.840195 1916.0691 219.06935 nan nan nan nan nan nan nan nan nan nan nan nan 1e-07 1e-07 0.0 0.0 0.0 0.0 1
_Cos_37493788888814618 11 "HSC-SSP Public Data Release 4 (Wide)" 37.42702268141928 -4.700533337698325 1800.0 1 L r 37493788888814618 1135.712 24.95263 1808.4841 49.704853 2732.5212 41.157467 4179.4116 108.32766 4441.467 194.73372 nan nan nan nan nan nan nan nan nan nan nan nan 1e-07 1e-07 0.0 0.0 0.0 0.0 1
_Cos_37493788888814975 11 "HSC-SSP Public Data Release 4 (Wide)" 37.416220731930146 -4.694906737987967 1800.0 1 L r 37493788888814975 965.9381 19.327295 1423.4354 39.01234 1479.8651 29.015314 2130.8362 119.09576 1433.5609 133.14496 nan nan nan nan nan nan nan nan nan nan nan nan 1e-07 1e-07 0.0 0.0 0.0 0.0 1
_Cos_37493788888815693 11 "HSC-SSP Public Data Release 4 (Wide)" 37.354356580165685 -4.678227801315127 1800.0 1 L r 37493788888815693 695.4452 16.812544 880.3855 38.85291 1093.4941 24.595713 2041.8018 75.966385 2152.7832 155.22833 nan nan nan nan nan nan nan nan nan nan nan nan 1e-07 1e-07 0.0 0.0 0.0 0.0 1
_Cos_37493788888815722 11 "HSC-SSP Public Data Release 4 (Wide)" 37.38324704971455 -4.677910209996368 1800.0 1 L r 37493788888815722 1651.1423 19.928295 2141.586 42.663532 3492.1807 29.591124 4140.3403 80.54396 5993.241 209.91182 nan nan nan nan nan nan nan nan nan nan nan nan 1e-07 1e-07 0.0 0.0 0.0 0.0 1
_Cos_37493788888815793 11 "HSC-SSP Public Data Release 4 (Wide)" 37.30408811578472 -4.678154867876906 1800.0 1 L r 37493788888815793 884.4614 25.560905 1085.2961 51.195354 1260.2465 36.46681 1312.0244 95.36567 1898.8645 203.5807 nan nan nan nan nan nan nan nan nan nan nan nan 1e-07 1e-07 0.0 0.0 0.0 0.0 1
_Cos_37493788888815899 11 "HSC-SSP Public Data Release 4 (Wide)" 37.313887074081315 -4.675488454369914 1800.0 1 L r 37493788888815899 900.518 23.394415 1139.9785 50.454903 1077.182 33.43172 877.6098 90.633736 1423.8612 178.04079 nan nan nan nan nan nan nan nan nan nan nan nan 1e-07 1e-07 0.0 0.0 0.0 0.0 1
_Cos_37493788888816594 11 "HSC-SSP Public Data Release 4 (Wide)" 37.45258250523153 -4.660441142931319 1800.0 1 L r 37493788888816594 1657.6344 25.364157 2227.8496 44.157486 2248.775 54.653442 2355.9045 95.60523 859.7177 155.1137 nan nan nan nan nan nan nan nan nan nan nan nan 1e-07 1e-07 0.0 0.0 0.0 0.0 1
_Cos_37493788888816842 11 "HSC-SSP Public Data Release 4 (Wide)" 37.320635849525026 -4.657009217934906 1800.0 1 L r 37493788888816842 793.6856 23.152895 1024.4136 46.936592 1382.887 30.122185 2019.5132 88.44852 3264.6396 270.94897 nan nan nan nan nan nan nan nan nan nan nan nan 1e-07 1e-07 0.0 0.0 0.0 0.0 1
_Cos_37493788888816905 11 "HSC-SSP Public Data Release 4 (Wide)" 37.36860723511507 -4.653860766138364 1800.0 1 L r 37493788888816905 809.6696 27.629076 1237.861 54.34942 2514.09 39.909225 3655.5054 100.998215 4376.6895 210.07568 nan nan nan nan nan nan nan nan nan nan nan nan 1e-07 1e-07 0.0 0.0 0.0 0.0 1
_Cos_37493788888817118 11 "HSC-SSP Public Data Release 4 (Wide)" 37.39350221300195 -4.651150615044327 1800.0 1 L r 37493788888817118 448.05783 32.15552 742.8415 53.068516 2032.037 33.963093 4132.9297 95.53937 7794.4873 180.0162 nan nan nan nan nan nan nan nan nan nan nan nan 1e-07 1e-07 0.0 0.0 0.0 0.0 1
_Cos_37493788888817595 11 "HSC-SSP Public Data Release 4 (Wide)" 37.41934879889658 -4.641599251750924 1800.0 1 L r 37493788888817595 917.0983 17.267246 1162.1193 36.983624 2183.369 24.89635 2491.8164 70.31205 3222.1887 139.91318 nan nan nan nan nan nan nan nan nan nan nan nan 1e-07 1e-07 0.0 0.0 0.0 0.0 1
_Cos_37493788888817728 11 "HSC-SSP Public Data Release 4 (Wide)" 37.301172822306526 -4.638469705102119 1800.0 1 L r 37493788888817728 1303.6625 25.58716 1399.3201 52.10091 2413.4697 41.757446 2668.2769 103.43695 4525.733 240.63924 nan nan nan nan nan nan nan nan nan nan nan nan 1e-07 1e-07 0.0 0.0 0.0 0.0 1
_Cos_37493788888817843 11 "HSC-SSP Public Data Release 4 (Wide)" 37.35051356792804 -4.637053613130297 1800.0 1 L r 37493788888817843 754.12506 17.06867 1081.2028 36.70563 1212.7269 23.525888 1725.065 72.80071 2690.5525 168.27965 nan nan nan nan nan nan nan nan nan nan nan nan 1e-07 1e-07 0.0 0.0 0.0 0.0 1
_Cos_37493788888817889 11 "HSC-SSP Public Data Release 4 (Wide)" 37.39603346890811 -4.635538440106351 1800.0 1 L r 37493788888817889 499.11276 25.164818 598.29016 46.487617 1229.114 23.018682 1705.4148 67.30856 1649.2029 116.77511 nan nan nan nan nan nan nan nan nan nan nan nan 1e-07 1e-07 0.0 0.0 0.0 0.0 1
_Cos_37493788888817998 11 "HSC-SSP Public Data Release 4 (Wide)" 37.366819041034155 -4.632651095023937 1800.0 1 L r 37493788888817998 768.1173 18.803783 1095.4835 45.050762 1639.4225 27.216496 2201.9883 70.5727 2409.8054 151.00969 nan nan nan nan nan nan nan nan nan nan nan nan 1e-07 1e-07 0.0 0.0 0.0 0.0 1
_Cos_37493788888818124 11 "HSC-SSP Public Data Release 4 (Wide)" 37.42558165329573 -4.629776298952245 1800.0 1 L r 37493788888818124 511.6961 16.961344 713.0009 36.489613 1562.3983 26.427465 1959.6097 68.38166 2246.7993 173.27766 nan nan nan nan nan nan nan nan nan nan nan nan 1e-07 1e-07 0.0 0.0 0.0 0.0 1
_Cos_37493788888819519 11 "HSC-SSP Public Data Release 4 (Wide)" 37.38659955554798 -4.600679732059422 1800.0 1 L r 37493788888819519 576.4313 18.769499 761.98193 42.217964 918.54517 28.255966 1542.1981 102.75166 888.94806 148.62163 nan nan nan nan nan nan nan nan nan nan nan nan 1e-07 1e-07 0.0 0.0 0.0 0.0 1
_Cos_37493788888819525 11 "HSC-SSP Public Data Release 4 (Wide)" 37.422800340111394 -4.600017899895893 1800.0 1 L r 37493788888819525 864.6634 23.967081 1193.9557 46.132633 2026.1631 41.260178 3178.8232 102.35266 4353.224 198.9069 nan nan nan nan nan nan nan nan nan nan nan nan 1e-07 1e-07 0.0 0.0 0.0 0.0 1
_Cos_37493900557945760 11 "HSC-SSP Public Data Release 4 (Wide)" 37.11685733926074 -5.802568876986824 1800.0 1 L r 37493900557945760 937.00745 25.77821 988.5904 37.102432 1163.5103 37.73581 965.4221 76.12615 1251.5332 234.99588 nan nan nan nan nan nan nan nan nan nan nan nan 1e-07 1e-07 0.0 0.0 0.0 0.0 1
_Cos_37493900557949702 11 "HSC-SSP Public Data Release 4 (Wide)" 37.1395056528399 -5.720535042816834 1800.0 1 L r 37493900557949702 741.94324 23.875904 1226.889 36.906662 2568.6335 36.638645 4448.4834 92.891235 5312.9067 267.7975 nan nan nan nan nan nan nan nan nan nan nan nan 1e-07 1e-07 0.0 0.0 0.0 0.0 1
_Cos_37493900557950041 11 "HSC-SSP Public Data Release 4 (Wide)" 37.238078298293246 -5.713158965706027 1800.0 1 L r 37493900557950041 402.38177 36.66098 509.83582 46.223606 1208.1526 35.85567 899.63574 84.8896 1070.3141 200.95285 nan nan nan nan nan nan nan nan nan nan nan nan 1e-07 1e-07 0.0 0.0 0.0 0.0 1
_Cos_37493900557963554 11 "HSC-SSP Public Data Release 4 (Wide)" 37.1440514873546 -5.804755290518881 1800.0 1 L r 37493900557963554 978.0505 23.730665 1005.63635 30.094778 1896.6932 35.986298 2613.8438 75.500015 3571.966 218.56776 nan nan nan nan nan nan nan nan nan nan nan nan 1e-07 1e-07 0.0 0.0 0.0 0.0 1
_Cos_37493900557963714 11 "HSC-SSP Public Data Release 4 (Wide)" 37.20771834986209 -5.800807444344078 1800.0 1 L r 37493900557963714 851.21484 33.8925 1323.9045 41.09751 2976.4714 40.20296 7092.6943 106.865395 7501.73 222.65001 nan nan nan nan nan nan nan nan nan nan nan nan 1e-07 1e-07 0.0 0.0 0.0 0.0 1
_Cos_37493900557964035 11 "HSC-SSP Public Data Release 4 (Wide)" 37.220972119776135 -5.7936780137265655 1800.0 1 L r 37493900557964035 740.1732 29.263348 866.33124 37.1719 2003.809 33.085968 2855.0425 81.41248 3054.1716 236.57008 nan nan nan nan nan nan nan nan nan nan nan nan 1e-07 1e-07 0.0 0.0 0.0 0.0 1
_Cos_37493900557964287 11 "HSC-SSP Public Data Release 4 (Wide)" 37.27445471171016 -5.786813329186768 1800.0 1 L r 37493900557964287 1121.5538 34.76173 1190.9327 50.622322 1584.9979 46.716583 2951.0176 117.46232 2406.9087 223.37221 nan nan nan nan nan nan nan nan nan nan nan nan 1e-07 1e-07 0.0 0.0 0.0 0.0 1
_Cos_37493900557964528 11 "HSC-SSP Public Data Release 4 (Wide)" 37.156332700385335 -5.779746332810044 1800.0 1 L r 37493900557964528 812.3734 50.502785 1209.6927 65.84708 1567.3695 48.3783 2921.331 112.239334 4278.5034 266.68246 nan nan nan nan nan nan nan nan nan nan nan nan 1e-07 1e-07 0.0 0.0 0.0 0.0 1
_Cos_37493900557964655 11 "HSC-SSP Public Data Release 4 (Wide)" 37.2324012075675 -5.777275361553243 1800.0 1 L r 37493900557964655 697.87885 28.56445 762.5412 46.24288 1456.7114 49.0077 1611.6937 102.26294 968.6338 208.18582 nan nan nan nan nan nan nan nan nan nan nan nan 1e-07 1e-07 0.0 0.0 0.0 0.0 1
_Cos_37493900557964954 11 "HSC-SSP Public Data Release 4 (Wide)" 37.20739560284324 -5.77032346684853 1800.0 1 L r 37493900557964954 570.3235 24.084696 924.3719 38.40744 1447.5513 37.366764 2956.985 101.519325 2712.2615 202.26967 nan nan nan nan nan nan nan nan nan nan nan nan 1e-07 1e-07 0.0 0.0 0.0 0.0 1
_Cos_37493900557965092 11 "HSC-SSP Public Data Release 4 (Wide)" 37.28162891514725 -5.76926425350692 1800.0 1 L r 37493900557965092 932.139 29.753168 962.97327 41.620087 982.33734 35.548817 1114.0177 93.413086 1216.3221 223.6462 nan nan nan nan nan nan nan nan nan nan nan nan 1e-07 1e-07 0.0 0.0 0.0 0.0 1
_Cos_37493900557965314 11 "HSC-SSP Public Data Release 4 (Wide)" 37.256741118136034 -5.763369568871171 1800.0 1 L r 37493900557965314 846.81384 21.092474 879.6055 29.897335 1300.4504 29.142698 1153.8208 67.9377 1823.8795 200.50476 nan nan nan nan nan nan nan nan nan nan nan nan 1e-07 1e-07 0.0 0.0 0.0 0.0 1
_Cos_37493900557965324 11 "HSC-SSP Public Data Release 4 (Wide)" 37.12458480830041 -5.763936633007402 1800.0 1 L r 37493900557965324 1199.7844 23.708967 1340.6903 38.41007 1544.7329 36.01574 1865.215 83.07038 2170.8225 198.45116 nan nan nan nan nan nan nan nan nan nan nan nan 1e-07 1e-07 0.0 0.0 0.0 0.0 1
_Cos_37493900557965541 11 "HSC-SSP Public Data Release 4 (Wide)" 37.196239867136974 -5.7592165437262715 1800.0 1 L r 37493900557965541 1249.768 34.86527 1579.4574 57.451004 2016.5857 47.606785 2319.4924 115.38922 3057.3362 230.4158 nan nan nan nan nan nan nan nan nan nan nan nan 1e-07 1e-07 0.0 0.0 0.0 0.0 1
_Cos_37493900557966061 11 "HSC-SSP Public Data Release 4 (Wide)" 37.2835971453469 -5.745916424541417 1800.0 1 L r 37493900557966061 613.50476 25.214888 724.86084 38.24204 972.06805 30.203878 1664.3221 97.103836 1884.3578 222.85728 nan nan nan nan nan nan nan nan nan nan nan nan 1e-07 1e-07 0.0 0.0 0.0 0.0 1
_Cos_37493900557966647 11 "HSC-SSP Public Data Release 4 (Wide)" 37.09968453557247 -5.735963789920428 1800.0 1 L r 37493900557966647 668.8561 36.574585 783.2236 62.6213 1090.411 55.21723 1252.6505 126.840126 710.04694 215.28235 nan nan nan nan nan nan nan nan nan nan nan nan 1e-07 1e-07 0.0 0.0 0.0 0.0 1
_Cos_37493900557966821 11 "HSC-SSP Public Data Release 4 (Wide)" 37.22331628206945 -5.733061967574423 1800.0 1 L r 37493900557966821 2282.4485 32.72926 2986.4583 56.741783 3147.7288 42.195465 3027.4526 98.93486 3495.098 273.09607 nan nan nan nan nan nan nan nan nan nan nan nan 1e-07 1e-07 0.0 0.0 0.0 0.0 1
_Cos_37493900557966891 11 "HSC-SSP Public Data Release 4 (Wide)" 37.24300368911111 -5.7310688283627815 1800.0 1 L r 37493900557966891 636.1788 32.86435 569.4504 35.011604 1081.7095 25.277094 1487.0631 70.314 1387.1405 177.93378 nan nan nan nan nan nan nan nan nan nan nan nan 1e-07 1e-07 0.0 0.0 0.0 0.0 1
_Cos_37493900557966992 11 "HSC-SSP Public Data Release 4 (Wide)" 37.257484949381336 -5.729324369033381 1800.0 1 L r 37493900557966992 782.489 22.221966 954.15607 34.686268 1233.1981 35.283424 2154.4604 97.26205 2000.0435 255.22253 nan nan nan nan nan nan nan nan nan nan nan nan 1e-07 1e-07 0.0 0.0 0.0 0.0 1
_Cos_37493900557967612 11 "HSC-SSP Public Data Release 4 (Wide)" 37.10914738246477 -5.713827066865399 1800.0 1 L r 37493900557967612 1673.97 30.743385 2114.8594 47.78641 3305.3096 39.85206 5013.3857 91.73238 5419.719 206.7653 nan nan nan nan nan nan nan nan nan nan nan nan 1e-07 1e-07 0.0 0.0 0.0 0.0 1
_Cos_37493900557968073 11 "HSC-SSP Public Data Release 4 (Wide)" 37.24652536304156 -5.702661640745069 1800.0 1 L r 37493900557968073 1132.9569 34.779694 1229.8225 49.387974 1363.8342 37.99994 1267.2528 89.42076 1619.3029 305.6064 nan nan nan nan nan nan nan nan nan nan nan nan 1e-07 1e-07 0.0 0.0 0.0 0.0 1
_Cos_37493900557968374 11 "HSC-SSP Public Data Release 4 (Wide)" 37.1371545309515 -5.695635593045685 1800.0 1 L r 37493900557968374 1132.8196 20.062763 1676.2838 33.424534 2707.0383 30.433187 3610.4058 76.4815 3811.008 210.55875 nan nan nan nan nan nan nan nan nan nan nan nan 1e-07 1e-07 0.0 0.0 0.0 0.0 1
_Cos_37493900557969016 11 "HSC-SSP Public Data Release 4 (Wide)" 37.10429853604127 -5.6796925494144785 1800.0 1 L r 37493900557969016 871.77905 23.7085 1182.319 41.30639 1747.0183 43.067932 1949.5945 86.839516 2924.5723 221.02086 nan nan nan nan nan nan nan nan nan nan nan nan 1e-07 1e-07 0.0 0.0 0.0 0.0 1
_Cos_37493900557969205 11 "HSC-SSP Public Data Release 4 (Wide)" 37.12439800863397 -5.677349107450232 1800.0 1 L r 37493900557969205 982.3605 20.694702 1151.3158 31.800442 1157.4249 26.745611 1226.0779 72.873184 1501.2245 170.04361 nan nan nan nan nan nan nan nan nan nan nan nan 1e-07 1e-07 0.0 0.0 0.0 0.0 1
_Cos_37493904852910706 11 "HSC-SSP Public Data Release 4 (Wide)" 37.270548318466126 -5.661282117620073 1800.0 1 L r 37493904852910706 628.12726 27.053238 680.20325 42.278755 1024.048 37.221397 1440.6709 89.62607 1302.9977 251.41867 nan nan nan nan nan nan nan nan nan nan nan nan 1e-07 1e-07 0.0 0.0 0.0 0.0 1
_Cos_37493904852912967 11 "HSC-SSP Public Data Release 4 (Wide)" 37.26837014185807 -5.6026566981447985 1800.0 1 L r 37493904852912967 928.5575 22.656101 1064.5071 33.302444 1154.1257 27.043392 1451.2727 70.467255 2322.1519 190.8967 nan nan nan nan nan nan nan nan nan nan nan nan 1e-07 1e-07 0.0 0.0 0.0 0.0 1
_Cos_37493904852913755 11 "HSC-SSP Public Data Release 4 (Wide)" 37.12593488785173 -5.583613432460358 1800.0 1 L r 37493904852913755 715.58905 21.786028 941.29755 31.775427 1043.566 37.142952 1208.979 93.444954 2612.9604 318.25366 nan nan nan nan nan nan nan nan nan nan nan nan 1e-07 1e-07 0.0 0.0 0.0 0.0 1
_Cos_37493904852914265 11 "HSC-SSP Public Data Release 4 (Wide)" 37.21648768599666 -5.569942731126541 1800.0 1 L r 37493904852914265 1145.2898 26.252792 1317.0011 43.8537 1623.6289 41.53931 2282.9033 100.74552 1775.3073 182.29 nan nan nan nan nan nan nan nan nan nan nan nan 1e-07 1e-07 0.0 0.0 0.0 0.0 1
_Cos_37493904852914685 11 "HSC-SSP Public Data Release 4 (Wide)" 37.19226657791713 -5.5590062095942105 1800.0 1 L r 37493904852914685 672.9324 20.756426 886.97156 33.908424 1161.2482 25.917727 1310.488 66.325294 1268.3456 168.36363 nan nan nan nan nan nan nan nan nan nan nan nan 1e-07 1e-07 0.0 0.0 0.0 0.0 1
_Cos_37493904852915003 11 "HSC-SSP Public Data Release 4 (Wide)" 37.152620694631096 -5.551694745626593 1800.0 1 L r 37493904852915003 927.2871 59.681194 1149.3347 128.9944 2925.007 51.555267 4259.9253 100.11156 4535.909 223.31183 nan nan nan nan nan nan nan nan nan nan nan nan 1e-07 1e-07 0.0 0.0 0.0 0.0 1
_Cos_37493904852915320 11 "HSC-SSP Public Data Release 4 (Wide)" 37.233978305591585 -5.544194878299967 1800.0 1 L r 37493904852915320 496.41113 50.598686 672.3491 67.05285 1018.124 36.517212 1651.1583 89.30841 2379.4585 198.515 nan nan nan nan nan nan nan nan nan nan nan nan 1e-07 1e-07 0.0 0.0 0.0 0.0 1
_Cos_37493904852915504 11 "HSC-SSP Public Data Release 4 (Wide)" 37.24552994459979 -5.540021116086475 1800.0 1 L r 37493904852915504 1145.4832 32.037243 1285.0641 60.806065 1071.7367 20.934076 1162.9917 57.750385 1625.3192 174.02191 nan nan nan nan nan nan nan nan nan nan nan nan 1e-07 1e-07 0.0 0.0 0.0 0.0 1
