output/Jan25/final/field_e_L2_visit1_final_targets.ecsv
# %ECSV 1.0
# ---
# datatype:
# - {name: ob_code, datatype: string}
# - {name: catId, datatype: int32}
# - {name: description, datatype: string}
# - {name: ra, datatype: float64}
# - {name: dec, datatype: float64}
# - {name: exptime, datatype: float64}
# - {name: priority, datatype: int32}
# - {name: resolution, datatype: string}
# - {name: reference_arm, datatype: string}
# - {name: obj_id, datatype: int64}
# - {name: g_hsc, datatype: float64}
# - {name: g_hsc_err, datatype: float64}
# - {name: r2_hsc, datatype: float64}
# - {name: r2_hsc_err, datatype: float64}
# - {name: i2_hsc, datatype: float64}
# - {name: i2_hsc_err, datatype: float64}
# - {name: z_hsc, datatype: float64}
# - {name: z_hsc_err, datatype: float64}
# - {name: y_hsc, datatype: float64}
# - {name: y_hsc_err, datatype: float64}
# - {name: epoch, datatype: float64}
# - {name: input_catalog_id, datatype: float64}
# - {name: psf_flux_g, datatype: float64}
# - {name: psf_flux_error_g, datatype: float64}
# - {name: psf_flux_r, datatype: float64}
# - {name: psf_flux_error_r, datatype: float64}
# - {name: psf_flux_i, datatype: float64}
# - {name: psf_flux_error_i, datatype: float64}
# - {name: psf_flux_z, datatype: float64}
# - {name: psf_flux_error_z, datatype: float64}
# - {name: psf_flux_y, datatype: float64}
# - {name: psf_flux_error_y, datatype: float64}
# - {name: parallax, datatype: float64}
# - {name: parallax_error, datatype: float64}
# - {name: pmra, datatype: float64}
# - {name: pmra_error, datatype: float64}
# - {name: pmdec, datatype: float64}
# - {name: pmdec_error, datatype: float64}
# - {name: target_type, datatype: int32}
# schema: astropy-2.0
ob_code catId description ra dec exptime priority resolution reference_arm obj_id g_hsc g_hsc_err r2_hsc r2_hsc_err i2_hsc i2_hsc_err z_hsc z_hsc_err y_hsc y_hsc_err epoch input_catalog_id psf_flux_g psf_flux_error_g psf_flux_r psf_flux_error_r psf_flux_i psf_flux_error_i psf_flux_z psf_flux_error_z psf_flux_y psf_flux_error_y parallax parallax_error pmra pmra_error pmdec pmdec_error target_type
[from data line 1447]
_Cos_42041892967308917 11 "HSC-SSP Public Data Release 4 (Wide)" 132.72976105016497 0.20398166362131723 1800.0 1 L r 42041892967308917 1469.0027 18.412891 1609.3146 29.418665 1789.3115 24.793121 2846.5786 57.650852 2607.824 101.16074 nan nan nan nan nan nan nan nan nan nan nan nan 1e-07 1e-07 0.0 0.0 0.0 0.0 1
_Cos_42041892967309240 11 "HSC-SSP Public Data Release 4 (Wide)" 132.70771189407714 0.20863369794976697 1800.0 1 L r 42041892967309240 383.86343 19.098927 721.22644 27.03337 1156.1543 25.363495 2955.4678 58.363457 4278.312 86.81085 nan nan nan nan nan nan nan nan nan nan nan nan 1e-07 1e-07 0.0 0.0 0.0 0.0 1
_Cos_42041892967309259 11 "HSC-SSP Public Data Release 4 (Wide)" 132.76225845505058 0.21175394327101615 1800.0 1 L r 42041892967309259 680.1163 23.56926 873.35016 38.875275 1867.8187 36.33636 2481.1792 85.4448 2424.9675 135.60194 nan nan nan nan nan nan nan nan nan nan nan nan 1e-07 1e-07 0.0 0.0 0.0 0.0 1
_Cos_42041892967309962 11 "HSC-SSP Public Data Release 4 (Wide)" 132.85494829738283 0.22227099841391826 1800.0 1 L r 42041892967309962 948.2448 16.910799 1181.4119 32.746838 1011.7697 29.015093 1491.457 70.61671 1029.6846 91.487305 nan nan nan nan nan nan nan nan nan nan nan nan 1e-07 1e-07 0.0 0.0 0.0 0.0 1
_Cos_42041892967310367 11 "HSC-SSP Public Data Release 4 (Wide)" 132.77603239293254 0.2284292631967305 1800.0 1 L r 42041892967310367 494.4608 15.551031 641.11273 27.773628 987.10187 25.480927 1501.6388 73.08912 1520.5585 90.95441 nan nan nan nan nan nan nan nan nan nan nan nan 1e-07 1e-07 0.0 0.0 0.0 0.0 1
_Cos_42041892967310904 11 "HSC-SSP Public Data Release 4 (Wide)" 132.69571564455336 0.2396235495498427 1800.0 1 L r 42041892967310904 787.4983 15.923211 871.4396 27.265282 1080.9415 27.497742 1089.2168 57.312416 1292.2811 101.948326 nan nan nan nan nan nan nan nan nan nan nan nan 1e-07 1e-07 0.0 0.0 0.0 0.0 1
_Cos_42041892967311285 11 "HSC-SSP Public Data Release 4 (Wide)" 132.83011326537698 0.24549412803384477 1800.0 1 L r 42041892967311285 471.82117 16.222483 613.6653 23.584494 1260.4393 29.634491 2248.581 70.074 3825.4446 145.99306 nan nan nan nan nan nan nan nan nan nan nan nan 1e-07 1e-07 0.0 0.0 0.0 0.0 1
_Cos_42041892967311343 11 "HSC-SSP Public Data Release 4 (Wide)" 132.7570517276513 0.24737436971269366 1800.0 1 L r 42041892967311343 1449.7302 19.10188 1544.3137 30.511904 2007.6406 44.632828 1680.2234 90.473495 2702.0803 181.96338 nan nan nan nan nan nan nan nan nan nan nan nan 1e-07 1e-07 0.0 0.0 0.0 0.0 1
_Cos_42041892967311578 11 "HSC-SSP Public Data Release 4 (Wide)" 132.73950897636146 0.25108319940645324 1800.0 1 L r 42041892967311578 463.21326 22.241318 665.29236 39.30383 1013.7288 30.058178 1579.9244 62.752235 1447.0494 98.613785 nan nan nan nan nan nan nan nan nan nan nan nan 1e-07 1e-07 0.0 0.0 0.0 0.0 1
_Cos_42041892967312231 11 "HSC-SSP Public Data Release 4 (Wide)" 132.80940885301206 0.2547781955497312 1800.0 1 L r 42041892967312231 503.4863 18.123446 713.6254 33.486443 1011.82855 30.929659 1689.1847 61.690357 1828.3689 108.79245 nan nan nan nan nan nan nan nan nan nan nan nan 1e-07 1e-07 0.0 0.0 0.0 0.0 1
_Cos_42041892967312442 11 "HSC-SSP Public Data Release 4 (Wide)" 132.80320563428694 0.26312627323686505 1800.0 1 L r 42041892967312442 1104.91 23.896244 1781.8506 38.562843 2735.325 41.434654 4889.986 90.67555 5127.377 158.61186 nan nan nan nan nan nan nan nan nan nan nan nan 1e-07 1e-07 0.0 0.0 0.0 0.0 1
_Cos_42041892967312479 11 "HSC-SSP Public Data Release 4 (Wide)" 132.77393389322734 0.26459599221929886 1800.0 1 L r 42041892967312479 492.33838 16.072197 543.496 27.023474 1030.3579 28.895723 1413.0352 65.920715 1840.8068 174.08287 nan nan nan nan nan nan nan nan nan nan nan nan 1e-07 1e-07 0.0 0.0 0.0 0.0 1
_Cos_42041892967312644 11 "HSC-SSP Public Data Release 4 (Wide)" 132.68829439037694 0.266419182061772 1800.0 1 L r 42041892967312644 565.7273 15.367894 761.57764 28.053394 1201.9032 33.514763 1333.1171 72.11479 1661.7263 131.26149 nan nan nan nan nan nan nan nan nan nan nan nan 1e-07 1e-07 0.0 0.0 0.0 0.0 1
_Cos_42041892967312843 11 "HSC-SSP Public Data Release 4 (Wide)" 132.6810676368681 0.2700828207979879 1800.0 1 L r 42041892967312843 510.34637 21.006453 629.6208 31.907122 1139.39 35.507114 1511.1136 76.48025 1520.0822 135.15327 nan nan nan nan nan nan nan nan nan nan nan nan 1e-07 1e-07 0.0 0.0 0.0 0.0 1
_Cos_42041892967312964 11 "HSC-SSP Public Data Release 4 (Wide)" 132.8169400121062 0.2747651362297607 1800.0 1 L r 42041892967312964 1196.7424 17.454813 1663.466 27.705685 3499.7964 40.55719 4670.609 76.28469 4137.724 145.1937 nan nan nan nan nan nan nan nan nan nan nan nan 1e-07 1e-07 0.0 0.0 0.0 0.0 1
_Cos_42041897262252829 11 "HSC-SSP Public Data Release 4 (Wide)" 132.85640396213128 0.2927588339628415 1800.0 1 L r 42041897262252829 315.3379 18.835955 480.08725 28.096668 1100.2649 29.886278 2151.5012 61.87053 3813.134 113.41676 nan nan nan nan nan nan nan nan nan nan nan nan 1e-07 1e-07 0.0 0.0 0.0 0.0 1
_Cos_42041897262253407 11 "HSC-SSP Public Data Release 4 (Wide)" 132.6922029523021 0.3081248057052167 1800.0 1 L r 42041897262253407 1436.5553 16.422216 1867.2379 26.72251 2480.7654 22.955355 3466.4883 53.134968 3732.83 93.8185 nan nan nan nan nan nan nan nan nan nan nan nan 1e-07 1e-07 0.0 0.0 0.0 0.0 1
_Cos_42041897262253560 11 "HSC-SSP Public Data Release 4 (Wide)" 132.76677064967177 0.3120602900153492 1800.0 1 L r 42041897262253560 988.1756 21.734768 1296.3589 36.215885 1835.0181 36.15414 3378.6326 72.39599 3735.967 121.052505 nan nan nan nan nan nan nan nan nan nan nan nan 1e-07 1e-07 0.0 0.0 0.0 0.0 1
_Cos_42041897262255150 11 "HSC-SSP Public Data Release 4 (Wide)" 132.86411001670018 0.35211897531471015 1800.0 1 L r 42041897262255150 1536.7998 16.63078 2000.4397 28.207592 2416.339 31.273417 2465.031 60.98466 3059.461 125.67021 nan nan nan nan nan nan nan nan nan nan nan nan 1e-07 1e-07 0.0 0.0 0.0 0.0 1
_Cos_42041897262255313 11 "HSC-SSP Public Data Release 4 (Wide)" 132.7761078235884 0.35586917466098844 1800.0 1 L r 42041897262255313 615.4094 14.079659 762.51965 23.37551 1067.9546 19.925867 1261.2942 47.117973 2018.901 87.19229 nan nan nan nan nan nan nan nan nan nan nan nan 1e-07 1e-07 0.0 0.0 0.0 0.0 1
_Cos_42041897262255458 11 "HSC-SSP Public Data Release 4 (Wide)" 132.73443474952302 0.35959808142625843 1800.0 1 L r 42041897262255458 768.6543 22.245459 959.60266 36.32533 1041.788 33.30048 2326.526 95.61474 2596.6733 143.5463 nan nan nan nan nan nan nan nan nan nan nan nan 1e-07 1e-07 0.0 0.0 0.0 0.0 1
_Cos_42041897262256026 11 "HSC-SSP Public Data Release 4 (Wide)" 132.83662279108702 0.37500782413144745 1800.0 1 L r 42041897262256026 764.49445 15.67653 948.5257 26.090933 1537.3983 33.455776 2312.2273 68.48702 2415.599 112.50556 nan nan nan nan nan nan nan nan nan nan nan nan 1e-07 1e-07 0.0 0.0 0.0 0.0 1
_Cos_42041897262256754 11 "HSC-SSP Public Data Release 4 (Wide)" 132.7974220570184 0.3946155942638532 1800.0 1 L r 42041897262256754 461.8191 18.679483 606.82477 30.728352 920.1135 34.33684 979.13605 68.890274 840.661 115.44484 nan nan nan nan nan nan nan nan nan nan nan nan 1e-07 1e-07 0.0 0.0 0.0 0.0 1
_Cos_42041897262269513 11 "HSC-SSP Public Data Release 4 (Wide)" 132.75708282654233 0.28306349248308127 1800.0 1 L r 42041897262269513 1086.8812 14.573257 1543.2701 24.22563 2195.5679 23.107483 3113.1538 53.378376 2349.2664 102.2432 nan nan nan nan nan nan nan nan nan nan nan nan 1e-07 1e-07 0.0 0.0 0.0 0.0 1
_Cos_42041897262269782 11 "HSC-SSP Public Data Release 4 (Wide)" 132.71797913783692 0.2872153611354996 1800.0 1 L r 42041897262269782 1302.127 31.671425 1292.5704 40.033115 2839.8286 63.176487 4664.431 110.641266 6661.0796 224.86359 nan nan nan nan nan nan nan nan nan nan nan nan 1e-07 1e-07 0.0 0.0 0.0 0.0 1
_Cos_42041897262269845 11 "HSC-SSP Public Data Release 4 (Wide)" 132.84311698621622 0.2883342873196808 1800.0 1 L r 42041897262269845 482.66342 23.938557 654.8661 32.817707 957.39325 37.763393 710.62463 62.59513 607.48376 124.518196 nan nan nan nan nan nan nan nan nan nan nan nan 1e-07 1e-07 0.0 0.0 0.0 0.0 1
_Cos_42041897262269887 11 "HSC-SSP Public Data Release 4 (Wide)" 132.81282599932078 0.29009176731725855 1800.0 1 L r 42041897262269887 584.2216 22.589 647.95856 32.696465 922.0845 35.66768 1220.3602 76.536964 1223.5297 145.45703 nan nan nan nan nan nan nan nan nan nan nan nan 1e-07 1e-07 0.0 0.0 0.0 0.0 1
_Cos_42041897262270550 11 "HSC-SSP Public Data Release 4 (Wide)" 132.7346916602657 0.30326456781797634 1800.0 1 L r 42041897262270550 1044.9905 23.461767 1548.8649 42.676876 1910.738 36.754177 3028.5398 77.53129 3343.9395 139.65195 nan nan nan nan nan nan nan nan nan nan nan nan 1e-07 1e-07 0.0 0.0 0.0 0.0 1
_Cos_42041897262270937 11 "HSC-SSP Public Data Release 4 (Wide)" 132.82502434057818 0.3109602406238447 1800.0 1 L r 42041897262270937 1276.3398 17.76836 1672.987 34.364147 2025.3569 27.376123 3537.8335 54.671844 2150.0464 126.40059 nan nan nan nan nan nan nan nan nan nan nan nan 1e-07 1e-07 0.0 0.0 0.0 0.0 1
_Cos_42041897262271104 11 "HSC-SSP Public Data Release 4 (Wide)" 132.75328512156244 0.31421097112490554 1800.0 1 L r 42041897262271104 918.8562 19.010231 1051.2856 31.222494 1492.4761 28.638103 1813.5109 62.5016 3036.9424 140.50922 nan nan nan nan nan nan nan nan nan nan nan nan 1e-07 1e-07 0.0 0.0 0.0 0.0 1
_Cos_42041897262271382 11 "HSC-SSP Public Data Release 4 (Wide)" 132.83549198136754 0.319606917464828 1800.0 1 L r 42041897262271382 605.91425 19.496857 736.197 35.23238 935.6858 39.644722 1164.1744 79.50051 1319.7971 143.22913 nan nan nan nan nan nan nan nan nan nan nan nan 1e-07 1e-07 0.0 0.0 0.0 0.0 1
_Cos_42041897262271720 11 "HSC-SSP Public Data Release 4 (Wide)" 132.70638886539516 0.3266230363471428 1800.0 1 L r 42041897262271720 581.58923 22.913895 894.2271 39.359737 1063.2445 33.16466 1776.4614 76.7232 2292.0525 142.01108 nan nan nan nan nan nan nan nan nan nan nan nan 1e-07 1e-07 0.0 0.0 0.0 0.0 1
_Cos_42041897262271921 11 "HSC-SSP Public Data Release 4 (Wide)" 132.7642000447984 0.3299098081170902 1800.0 1 L r 42041897262271921 1450.1072 26.29977 1822.7289 44.490616 2806.8774 44.6381 4130.019 90.9954 2789.1697 151.40816 nan nan nan nan nan nan nan nan nan nan nan nan 1e-07 1e-07 0.0 0.0 0.0 0.0 1
_Cos_42041897262271940 11 "HSC-SSP Public Data Release 4 (Wide)" 132.78702748940853 0.3308712997629471 1800.0 1 L r 42041897262271940 806.6572 17.006073 818.1531 27.031645 968.79626 25.12792 1254.4459 49.84252 1062.8123 91.04955 nan nan nan nan nan nan nan nan nan nan nan nan 1e-07 1e-07 0.0 0.0 0.0 0.0 1
_Cos_42041897262271989 11 "HSC-SSP Public Data Release 4 (Wide)" 132.7362961550145 0.332528890568282 1800.0 1 L r 42041897262271989 1067.0297 24.932453 1543.5406 55.58576 2829.7065 37.112522 4052.6987 75.15485 4585.2637 139.42445 nan nan nan nan nan nan nan nan nan nan nan nan 1e-07 1e-07 0.0 0.0 0.0 0.0 1
_Cos_42041897262272057 11 "HSC-SSP Public Data Release 4 (Wide)" 132.68783509125385 0.33429377640296387 1800.0 1 L r 42041897262272057 323.2961 16.078093 165.04683 24.176355 3518.7717 154.24016 5472.4097 289.7251 3866.1035 428.2259 nan nan nan nan nan nan nan nan nan nan nan nan 1e-07 1e-07 0.0 0.0 0.0 0.0 1
_Cos_42041897262272138 11 "HSC-SSP Public Data Release 4 (Wide)" 132.83358592294783 0.33374764647672056 1800.0 1 L r 42041897262272138 714.61487 16.739305 1183.4597 29.16867 1503.458 28.707312 2722.7083 71.2705 2829.887 109.258705 nan nan nan nan nan nan nan nan nan nan nan nan 1e-07 1e-07 0.0 0.0 0.0 0.0 1
_Cos_42041897262272227 11 "HSC-SSP Public Data Release 4 (Wide)" 132.80906210150536 0.33772481903175927 1800.0 1 L r 42041897262272227 1083.0531 19.537893 1654.0503 32.03376 3248.2834 37.780266 6129.509 67.880325 8153.6367 136.2187 nan nan nan nan nan nan nan nan nan nan nan nan 1e-07 1e-07 0.0 0.0 0.0 0.0 1
_Cos_42041897262273096 11 "HSC-SSP Public Data Release 4 (Wide)" 132.71902551790885 0.35118704013234797 1800.0 1 L r 42041897262273096 557.06445 16.78895 651.1546 31.909367 997.9297 39.355312 1243.6664 64.29744 1601.3303 129.87646 nan nan nan nan nan nan nan nan nan nan nan nan 1e-07 1e-07 0.0 0.0 0.0 0.0 1
_Cos_42041897262273227 11 "HSC-SSP Public Data Release 4 (Wide)" 132.79586155429493 0.3535202472231527 1800.0 1 L r 42041897262273227 543.4472 19.293108 687.556 32.68133 1254.3414 36.978992 1617.3827 69.973625 1203.9326 123.38292 nan nan nan nan nan nan nan nan nan nan nan nan 1e-07 1e-07 0.0 0.0 0.0 0.0 1
_Cos_42041897262273300 11 "HSC-SSP Public Data Release 4 (Wide)" 132.8204998908099 0.3555810022373396 1800.0 1 L r 42041897262273300 968.1857 17.499403 1120.647 32.39919 1831.9722 34.57315 1879.0789 71.140465 3026.7737 113.90565 nan nan nan nan nan nan nan nan nan nan nan nan 1e-07 1e-07 0.0 0.0 0.0 0.0 1
_Cos_42041897262273530 11 "HSC-SSP Public Data Release 4 (Wide)" 132.69868317839 0.36027416134942053 1800.0 1 L r 42041897262273530 1098.4015 15.5605 1387.4648 25.996555 2266.2966 27.484196 2632.1367 58.542194 3240.4167 112.51715 nan nan nan nan nan nan nan nan nan nan nan nan 1e-07 1e-07 0.0 0.0 0.0 0.0 1
_Cos_42041897262274160 11 "HSC-SSP Public Data Release 4 (Wide)" 132.69227261343843 0.3729861387208418 1800.0 1 L r 42041897262274160 1208.7628 18.161762 1446.3319 30.084696 2663.527 42.53257 6328.616 136.27763 3577.92 134.5535 nan nan nan nan nan nan nan nan nan nan nan nan 1e-07 1e-07 0.0 0.0 0.0 0.0 1
_Cos_42041897262274354 11 "HSC-SSP Public Data Release 4 (Wide)" 132.854333083452 0.37700735925139484 1800.0 1 L r 42041897262274354 1270.9141 12.819416 1438.0294 21.540077 1932.8969 23.31944 3000.205 55.800354 3509.6565 97.9697 nan nan nan nan nan nan nan nan nan nan nan nan 1e-07 1e-07 0.0 0.0 0.0 0.0 1
_Cos_42041897262274377 11 "HSC-SSP Public Data Release 4 (Wide)" 132.75708093310072 0.3760536209026684 1800.0 1 L r 42041897262274377 1047.2671 28.075483 1369.5913 41.74916 2059.9443 53.124363 3577.5032 110.21234 4657.291 172.2516 nan nan nan nan nan nan nan nan nan nan nan nan 1e-07 1e-07 0.0 0.0 0.0 0.0 1
_Cos_42041897262274711 11 "HSC-SSP Public Data Release 4 (Wide)" 132.70609878669836 0.38233605282278194 1800.0 1 L r 42041897262274711 862.874 16.77521 985.3121 26.647251 1671.5538 25.62036 2961.8918 63.117382 2904.1565 109.434265 nan nan nan nan nan nan nan nan nan nan nan nan 1e-07 1e-07 0.0 0.0 0.0 0.0 1
_Cos_42041897262275238 11 "HSC-SSP Public Data Release 4 (Wide)" 132.77154668442665 0.3963069189684297 1800.0 1 L r 42041897262275238 156.6843 20.631218 278.9152 24.047655 1434.208 35.1645 3276.6824 63.31333 6742.718 144.14742 nan nan nan nan nan nan nan nan nan nan nan nan 1e-07 1e-07 0.0 0.0 0.0 0.0 1
_Cos_42041897262275395 11 "HSC-SSP Public Data Release 4 (Wide)" 132.72601842502056 0.3985086646230826 1800.0 1 L r 42041897262275395 1370.4933 33.28828 1010.26666 48.847958 1115.8765 43.968395 2643.1848 93.39133 3633.6562 169.99246 nan nan nan nan nan nan nan nan nan nan nan nan 1e-07 1e-07 0.0 0.0 0.0 0.0 1
_Cos_42042026111275518 11 "HSC-SSP Public Data Release 4 (Wide)" 132.67013761851564 0.021483374900184354 1800.0 1 L r 42042026111275518 619.69293 18.104069 824.55524 32.00735 1142.5824 26.17974 1475.9185 63.153595 1936.0702 102.33844 nan nan nan nan nan nan nan nan nan nan nan nan 1e-07 1e-07 0.0 0.0 0.0 0.0 1
_Cos_42042026111291841 11 "HSC-SSP Public Data Release 4 (Wide)" 132.64804782739586 0.001403666914851646 1800.0 1 L r 42042026111291841 1793.0579 20.095928 2202.366 31.8492 2384.4832 23.969543 3092.3662 53.36639 4078.7354 104.03893 nan nan nan nan nan nan nan nan nan nan nan nan 1e-07 1e-07 0.0 0.0 0.0 0.0 1
_Cos_42042030406239213 11 "HSC-SSP Public Data Release 4 (Wide)" 132.67522340028034 0.10668758920070609 1800.0 1 L r 42042030406239213 633.0167 21.419506 618.4769 31.831451 1138.2448 35.664906 1326.4414 83.64205 1352.0432 117.25348 nan nan nan nan nan nan nan nan nan nan nan nan 1e-07 1e-07 0.0 0.0 0.0 0.0 1
