output/Jan25/final/field_e_L3_visit1_final_targets.ecsv
# %ECSV 1.0
# ---
# datatype:
# - {name: ob_code, datatype: string}
# - {name: catId, datatype: int32}
# - {name: description, datatype: string}
# - {name: ra, datatype: float64}
# - {name: dec, datatype: float64}
# - {name: exptime, datatype: float64}
# - {name: priority, datatype: int32}
# - {name: resolution, datatype: string}
# - {name: reference_arm, datatype: string}
# - {name: obj_id, datatype: int64}
# - {name: g_hsc, datatype: float64}
# - {name: g_hsc_err, datatype: float64}
# - {name: r2_hsc, datatype: float64}
# - {name: r2_hsc_err, datatype: float64}
# - {name: i2_hsc, datatype: float64}
# - {name: i2_hsc_err, datatype: float64}
# - {name: z_hsc, datatype: float64}
# - {name: z_hsc_err, datatype: float64}
# - {name: y_hsc, datatype: float64}
# - {name: y_hsc_err, datatype: float64}
# - {name: epoch, datatype: float64}
# - {name: input_catalog_id, datatype: float64}
# - {name: psf_flux_g, datatype: float64}
# - {name: psf_flux_error_g, datatype: float64}
# - {name: psf_flux_r, datatype: float64}
# - {name: psf_flux_error_r, datatype: float64}
# - {name: psf_flux_i, datatype: float64}
# - {name: psf_flux_error_i, datatype: float64}
# - {name: psf_flux_z, datatype: float64}
# - {name: psf_flux_error_z, datatype: float64}
# - {name: psf_flux_y, datatype: float64}
# - {name: psf_flux_error_y, datatype: float64}
# - {name: parallax, datatype: float64}
# - {name: parallax_error, datatype: float64}
# - {name: pmra, datatype: float64}
# - {name: pmra_error, datatype: float64}
# - {name: pmdec, datatype: float64}
# - {name: pmdec_error, datatype: float64}
# - {name: target_type, datatype: int32}
# schema: astropy-2.0
ob_code catId description ra dec exptime priority resolution reference_arm obj_id g_hsc g_hsc_err r2_hsc r2_hsc_err i2_hsc i2_hsc_err z_hsc z_hsc_err y_hsc y_hsc_err epoch input_catalog_id psf_flux_g psf_flux_error_g psf_flux_r psf_flux_error_r psf_flux_i psf_flux_error_i psf_flux_z psf_flux_error_z psf_flux_y psf_flux_error_y parallax parallax_error pmra pmra_error pmdec pmdec_error target_type
[from data line 1553]
_Star_3078621807470707200 3006 Fstar_v3.3 128.52202456369125 1.543616431057905 1800.0 1 L r 3078621807470707200 nan nan nan nan nan nan nan nan nan nan 2016.0 3006.0 47654.77 659.56 63853.71 531.13 70473.52 685.82 72903.12 2535.91 68018.34 2832.09 0.2877302761673962 0.32822627 -1.285791690958639 0.35794333 -0.6691466908906355 0.28256223 3
_Star_3078629534117349504 3006 Fstar_v3.3 128.52258839989108 1.636062787089105 1800.0 1 L r 3078629534117349504 nan nan nan nan nan nan nan nan nan nan 2016.0 3006.0 52165.85 358.76 60705.28 507.73 64915.19 405.13 73604.85 4780.73 62509.53 11870.08 0.0365575264472108 0.34244487 0.3169717849816652 0.34607697 -2.8791612138471425 0.29048422 3
_Star_3078605619739015552 3006 Fstar_v3.3 128.66970700717448 1.4242944791446068 1800.0 1 L r 3078605619739015552 nan nan nan nan nan nan nan nan nan nan 2016.0 3006.0 99684.22 564.65 141067.17 617.68 160422.87 572.7 163164.75 2029.54 184597.53 2155.52 0.0062325823466699 0.2102026 0.2295309443506748 0.2242878 -2.268006995214375 0.16239585 3
_Star_3078606036350784512 3006 Fstar_v3.3 128.66822216896048 1.4626045233135418 1800.0 1 L r 3078606036350784512 nan nan nan nan nan nan nan nan nan nan 2016.0 3006.0 52735.84 181.27 65697.15 477.72 72075.27 482.81 73726.89 1073.24 78600.6 4860.96 0.0762091886708549 0.34167448 -1.5955762319530669 0.34932107 0.1938335904806227 0.2723813 3
_Star_3078622254147305856 3006 Fstar_v3.3 128.56200121714355 1.5655552716825023 1800.0 1 L r 3078622254147305856 nan nan nan nan nan nan nan nan nan nan 2016.0 3006.0 46733.29 432.62 59575.28 507.83 63390.78 499.78 66207.4 1050.86 61674.54 1434.48 0.1582049703328492 0.34373555 -0.4968873498676295 0.39151472 0.0349246627332276 0.3402974 3
_Star_3078624040853455744 3006 Fstar_v3.3 128.64961425430258 1.528225640555784 1800.0 1 L r 3078624040853455744 nan nan nan nan nan nan nan nan nan nan 2016.0 3006.0 21688.34 396.72 27298.97 332.04 30961.79 418.77 31767.75 539.77 29603.7 1118.29 1.3824749602470994 0.7902946 2.2399801188154527 1.0749068000000002 -4.754368348612964 1.1695651000000002 3
_Star_3078618985677606272 3006 Fstar_v3.3 128.62358215577532 1.5303591410690909 1800.0 1 L r 3078618985677606272 nan nan nan nan nan nan nan nan nan nan 2016.0 3006.0 165922.89 879.94 222344.57 742.76 244966.36 711.61 249313.92 3835.91 258074.99 1745.16 0.0126242435091878 0.1531534 -1.5493743009468428 0.16902716 1.0320357224520218 0.124771714 3
_Star_3078624242717586176 3006 Fstar_v3.3 128.66506630830324 1.5460847191670588 1800.0 1 L r 3078624242717586176 nan nan nan nan nan nan nan nan nan nan 2016.0 3006.0 39295.82 540.47 52784.5 525.93 58042.53 516.95 59301.6 1150.16 59668.71 6709.52 0.5318126227515066 0.5143747999999999 -0.8215786585341001 0.55699927 -3.20707051750743 0.40647054 3
_Star_3078604966904002560 3006 Fstar_v3.3 128.72652762924162 1.442713076951864 1800.0 1 L r 3078604966904002560 nan nan nan nan nan nan nan nan nan nan 2016.0 3006.0 27153.52 412.23 37444.33 456.61 42932.51 740.27 43433.64 1452.62 47523.27 3034.48 -0.2708163687167957 0.6842969 -0.2790815083266156 0.64708036 -3.4298737949464435 0.4788274 3
_Star_3078610567541339904 3006 Fstar_v3.3 128.76167370167022 1.4231654158343925 1800.0 1 L r 3078610567541339904 nan nan nan nan nan nan nan nan nan nan 2016.0 3006.0 304667.51 706.29 416319.19 1740.45 468971.11 1262.99 481133.87 2556.48 500111.25 5465.71 0.0784268361173588 0.12473815 -3.638550916646965 0.12600924 0.8423631587695636 0.09595937 3
_Star_3078607376381469824 3006 Fstar_v3.3 128.7973609205599 1.4050495349029433 1800.0 1 L r 3078607376381469824 nan nan nan nan nan nan nan nan nan nan 2016.0 3006.0 35428.0 585.98 49671.4 475.42 56580.42 487.62 59894.39 921.47 58996.52 1645.35 -0.0862715906023077 0.5432639 -0.0687770662311524 0.5750765 -0.8908705556723747 0.4743208 3
_Star_3078612491686777472 3006 Fstar_v3.3 128.72969199075965 1.522344918168042 1800.0 1 L r 3078612491686777472 nan nan nan nan nan nan nan nan nan nan 2016.0 3006.0 19454.78 531.21 25474.54 511.05 27875.71 449.0 30449.95 1456.01 30357.5 1226.39 0.3216855955475392 0.93361545 1.2362512385792186 0.90233123 -2.547613780974219 0.7492099 3
_Star_3078623933479930752 3006 Fstar_v3.3 128.69641294059738 1.5299365820080668 1800.0 1 L r 3078623933479930752 nan nan nan nan nan nan nan nan nan nan 2016.0 3006.0 19418.96 351.11 24716.44 315.09 27704.26 437.61 27617.62 1114.49 30537.0 3513.73 -1.3403681956331166 0.8996597 0.1263341951602239 0.8614813 -1.6222070737598908 0.70395917 3
_Star_3078612216808852608 3006 Fstar_v3.3 128.7642141700345 1.500078992387719 1800.0 1 L r 3078612216808852608 nan nan nan nan nan nan nan nan nan nan 2016.0 3006.0 442655.62 815.81 541684.04 1340.07 578930.39 1671.63 570671.61 3190.44 571670.99 2814.82 0.2034317239860368 0.096604265 -0.3836023126839461 0.099410154 -1.742916095037395 0.07776596 3
_Star_3078611392175115648 3006 Fstar_v3.3 128.77760891928946 1.4843473339464133 1800.0 1 L r 3078611392175115648 nan nan nan nan nan nan nan nan nan nan 2016.0 3006.0 22901.61 247.46 28733.33 478.5 32495.71 536.22 30816.69 548.59 34127.61 780.25 0.8320391435070624 0.87323 0.1242206050358984 0.9195849 -2.0521173233579093 0.7651409 3
_Star_3078611598333569664 3006 Fstar_v3.3 128.78940348377498 1.5085586901108947 1800.0 1 L r 3078611598333569664 nan nan nan nan nan nan nan nan nan nan 2016.0 3006.0 83680.87 1042.18 113142.55 577.0 128654.97 583.0 131239.96 1214.33 137121.65 3043.05 0.4574832681665162 0.27147642 -0.4634615420370255 0.25319868 -0.6157594420790575 0.19763897 3
_Star_3078629396678393088 3006 Fstar_v3.3 128.56715510756928 1.6273768274216809 1800.0 1 L r 3078629396678393088 nan nan nan nan nan nan nan nan nan nan 2016.0 3006.0 68578.17 602.38 95074.92 648.17 106117.32 578.02 108669.23 1045.52 113717.23 4906.01 0.1754247606268149 0.24395072 0.892042684628119 0.24418257 0.6715003675076804 0.21750557 3
_Star_3079382424704626176 3006 Fstar_v3.3 128.58366800087728 1.731392963498576 1800.0 1 L r 3079382424704626176 nan nan nan nan nan nan nan nan nan nan 2016.0 3006.0 74505.1 1997.3 96522.03 1670.17 96762.27 1496.26 87085.62 3047.85 80216.93 2296.64 -0.1259611965733832 0.3018704 -0.7153176257944751 0.29639348 0.1945469519996831 0.23890886 3
_Star_3078630839787429504 3006 Fstar_v3.3 128.65600148045428 1.6989094067015922 1800.0 1 L r 3078630839787429504 nan nan nan nan nan nan nan nan nan nan 2016.0 3006.0 33323.14 963.14 41654.89 707.61 45795.9 597.18 46918.7 1605.43 48384.54 2679.71 0.7053820541203598 0.55918795 0.1757177921429105 0.5379139000000001 -0.267658028310606 0.4535312 3
_Star_3078632042378282240 3006 Fstar_v3.3 128.6815450574847 1.7394263712740567 1800.0 1 L r 3078632042378282240 nan nan nan nan nan nan nan nan nan nan 2016.0 3006.0 53647.08 569.46 68143.8 575.1 75639.12 427.68 76367.05 1137.55 73951.42 6008.21 -0.3568672095540314 0.3583688 -2.530858714225071 0.34441766 -2.9899583399108614 0.28721014 3
_Star_3078624689394205952 3006 Fstar_v3.3 128.69709518998872 1.576076284839644 1800.0 1 L r 3078624689394205952 nan nan nan nan nan nan nan nan nan nan 2016.0 3006.0 31668.4 620.16 41651.08 477.15 46330.45 485.65 48760.32 1454.9 47122.32 557.88 0.5186498388512395 0.61135155 -0.5951920525243628 0.5937845 0.1211493413826951 0.43979093 3
_Star_3078624826833172352 3006 Fstar_v3.3 128.71235196429114 1.5980970067166078 1800.0 1 L r 3078624826833172352 nan nan nan nan nan nan nan nan nan nan 2016.0 3006.0 63618.92 379.52 77187.37 401.74 82563.08 449.8 84245.35 1940.05 83519.18 3630.74 0.2937606010127558 0.33287516 -2.027095026527296 0.3760073 -4.414835517600563 0.27223393 3
_Star_3078626441740889600 3006 Fstar_v3.3 128.75204977028173 1.620337082726819 1800.0 1 L r 3078626441740889600 nan nan nan nan nan nan nan nan nan nan 2016.0 3006.0 407404.9 1124.95 528282.86 1123.48 584071.78 1178.11 589856.42 2576.22 602207.2 2979.04 0.1072017992101359 0.086351044 -3.580259106571764 0.09417617 -4.867343828805444 0.07978387 3
_Star_3078631389543252736 3006 Fstar_v3.3 128.69751473968432 1.7360730712924168 1800.0 1 L r 3078631389543252736 nan nan nan nan nan nan nan nan nan nan 2016.0 3006.0 41662.57 643.78 55819.53 464.97 62388.74 888.08 63239.17 802.04 66715.4 5816.28 -0.2571257682419726 0.45198256 -0.3488366014399606 0.4562527 -3.0044891447632858 0.400012 3
_Star_3078608024920729856 3006 Fstar_v3.3 128.86189926152645 1.4577062761328885 1800.0 1 L r 3078608024920729856 nan nan nan nan nan nan nan nan nan nan 2016.0 3006.0 72809.18 548.62 89270.13 456.41 96557.48 796.39 94333.58 1110.3 91307.43 1924.15 0.0728046789285263 0.34581736 -1.0957269050188234 0.32217482 -0.8072498602121686 0.21725638 3
_Star_3078607200286992384 3006 Fstar_v3.3 128.87544337368627 1.4379289166533906 1800.0 1 L r 3078607200286992384 nan nan nan nan nan nan nan nan nan nan 2016.0 3006.0 75722.75 409.67 99647.45 792.78 112136.35 498.54 113173.96 1002.24 117215.81 4145.65 0.1117766669890787 0.3184197 -0.4025673712995964 0.31491673 0.3634384562641998 0.20645471 3
_Star_3078609747202275072 3006 Fstar_v3.3 128.8726295584 1.4772219533141413 1800.0 1 L r 3078609747202275072 nan nan nan nan nan nan nan nan nan nan 2016.0 3006.0 392054.19 1900.81 526000.16 950.52 586767.28 2050.4 595424.24 4866.55 604263.06 7330.83 0.0834469920347177 0.09885671 -0.4374898039093516 0.098532856 1.0273561316865738 0.0667146 3
_Star_3078611357815393792 3006 Fstar_v3.3 128.8326815535113 1.5013033299430032 1800.0 1 L r 3078611357815393792 nan nan nan nan nan nan nan nan nan nan 2016.0 3006.0 258289.07 1000.58 337494.43 858.55 369271.58 1208.42 368626.03 1592.67 380422.57 3414.12 0.1037701499432534 0.13960359 -1.1085683309222285 0.13620104 0.8019419530256332 0.093699455 3
_Star_3078613247601308160 3006 Fstar_v3.3 128.84246989820696 1.5450010491141373 1800.0 1 L r 3078613247601308160 nan nan nan nan nan nan nan nan nan nan 2016.0 3006.0 80832.57 452.28 111016.16 659.2 126097.41 491.16 126225.3 1301.74 125599.1 764.07 -0.2443753484065655 0.25364137 -1.9016011949772067 0.24361175 -0.2638865806687825 0.20485434 3
_Star_3078613007083133824 3006 Fstar_v3.3 128.86863229912188 1.5358786137909808 1800.0 1 L r 3078613007083133824 nan nan nan nan nan nan nan nan nan nan 2016.0 3006.0 165984.12 292.0 230858.87 860.51 260007.65 1048.9 268649.44 1934.7 273871.12 1659.27 0.3088855822110895 0.1473797 2.5557468401354626 0.1506779 -6.922719020956202 0.110268064 3
_Star_3078561158237548032 3006 Fstar_v3.3 128.97242194205802 1.4030183178105415 1800.0 1 L r 3078561158237548032 nan nan nan nan nan nan nan nan nan nan 2016.0 3006.0 111487.56 870.25 159832.98 724.58 183597.23 781.41 191613.52 1642.7 202612.51 2933.37 0.1116841566988069 0.17130502 0.2243564863433341 0.17717755 -0.767499670083479 0.1354708999999999 3
_Star_3078561295676517632 3006 Fstar_v3.3 128.98581155306104 1.420694589046982 1800.0 1 L r 3078561295676517632 nan nan nan nan nan nan nan nan nan nan 2016.0 3006.0 355620.0 921.69 492704.15 1053.26 557219.5 1650.0 569096.82 6797.8 586443.7 6689.03 0.1830820791005663 0.079110034 -2.569430840181952 0.0864838999999999 0.6075901096905927 0.064925775 3
_Star_3078703338835168512 3006 Fstar_v3.3 129.0252546163926 1.5349160885343929 1800.0 1 L r 3078703338835168512 nan nan nan nan nan nan nan nan nan nan 2016.0 3006.0 18875.83 385.38 26608.87 349.09 28066.37 474.25 31470.68 1443.25 32474.77 4184.55 0.8738702615259312 0.7808401999999999 -0.4912080965276276 0.7559090999999999 0.4616971651209902 0.48811066 3
_Star_3078656025474412032 3006 Fstar_v3.3 129.04447232562129 1.5015108751381638 1800.0 1 L r 3078656025474412032 nan nan nan nan nan nan nan nan nan nan 2016.0 3006.0 43658.24 298.4 57791.83 582.69 60772.4 264.53 63163.56 1027.21 62302.65 1993.82 -0.2540144442087551 0.3472708 -0.2940089389347398 0.3635731 0.4397634213333307 0.24469872 3
_Star_3078656472151022080 3006 Fstar_v3.3 129.0901803129243 1.5150310570042538 1800.0 1 L r 3078656472151022080 nan nan nan nan nan nan nan nan nan nan 2016.0 3006.0 122785.23 380.55 165175.76 455.48 180428.92 1253.67 188932.48 733.29 186082.88 2584.37 0.0565738029606986 0.14329809 -1.7051616285765014 0.15609792 0.2399406723906709 0.112425886 3
_Star_3078703098316525312 3006 Fstar_v3.3 129.05623359217552 1.5312794979768054 1800.0 1 L r 3078703098316525312 nan nan nan nan nan nan nan nan nan nan 2016.0 3006.0 196782.38 688.72 273568.66 812.09 307543.35 901.61 320262.87 2090.77 324538.35 3097.91 0.0921167855478311 0.11246699 -1.771580748012768 0.12173191 0.9132226605478212 0.08197431 3
_Star_3078708458436306944 3006 Fstar_v3.3 128.90235613520105 1.6224835890931657 1800.0 1 L r 3078708458436306944 nan nan nan nan nan nan nan nan nan nan 2016.0 3006.0 14672.56 513.25 18071.16 437.54 20507.19 378.91 21712.32 1295.66 22118.01 2608.12 -0.1437446345536043 1.8094991 -0.1334272617588333 1.4937599 -1.1190530354170072 1.3256983 3
_Star_3078720999740373120 3006 Fstar_v3.3 128.8433961160869 1.6969039670336032 1800.0 1 L r 3078720999740373120 nan nan nan nan nan nan nan nan nan nan 2016.0 3006.0 43067.19 800.7 56413.88 666.38 63753.84 533.23 66476.27 1040.8 65836.37 1030.05 0.0426544147395287 0.35953942 0.9842281695668208 0.37748817 -4.1913992096294335 0.28868127 3
_Star_3078709283069574272 3006 Fstar_v3.3 128.9184667774955 1.6810849239595822 1800.0 1 L r 3078709283069574272 nan nan nan nan nan nan nan nan nan nan 2016.0 3006.0 375548.73 750.24 483399.32 1638.88 526922.23 1843.22 531601.75 2496.1 536717.73 7852.02 0.1196269307954232 0.081734285 -0.0329537215838072 0.08407192 0.1727803269470634 0.06493961 3
_Star_3078709390443672832 3006 Fstar_v3.3 128.93594134575645 1.680732768875069 1800.0 1 L r 3078709390443672832 nan nan nan nan nan nan nan nan nan nan 2016.0 3006.0 373444.8 958.6 503670.61 1448.75 560307.61 687.91 572408.6 2338.69 582943.18 2669.52 0.1349037409507777 0.08484923 -3.881298781887175 0.08203602 0.1667806931729881 0.06261528 3
_Star_3078721274618291712 3006 Fstar_v3.3 128.90298756445762 1.7083172404791442 1800.0 1 L r 3078721274618291712 nan nan nan nan nan nan nan nan nan nan 2016.0 3006.0 77465.16 557.51 107931.04 794.37 120588.57 500.13 124699.9 1190.91 126050.9 2365.71 0.1998730511708406 0.22027886 -1.1292284082658932 0.21995829 0.83296154271173 0.16994384 3
_Star_3079382806956512000 3006 Fstar_v3.3 128.56616784055336 1.7601478413667664 1800.0 1 L r 3079382806956512000 nan nan nan nan nan nan nan nan nan nan 2016.0 3006.0 196384.2 778.67 274047.75 752.68 307486.63 1111.87 318028.68 2156.44 328417.69 3578.69 0.2574808382688071 0.14512217 -0.5631676787162103 0.15028702 1.357066901154345 0.112201504 3
_Star_3079383455496687744 3006 Fstar_v3.3 128.61670988575352 1.805657352322272 1800.0 1 L r 3079383455496687744 nan nan nan nan nan nan nan nan nan nan 2016.0 3006.0 29308.02 757.2 37662.23 497.6 40393.0 562.25 40853.23 1719.26 45405.29 4658.6 0.7345020864629632 0.65014356 0.207292958155719 0.6634504 -1.7923113546667384 0.5352778 3
_Star_3078632420335305088 3006 Fstar_v3.3 128.6664889671225 1.7613931594630332 1800.0 1 L r 3078632420335305088 nan nan nan nan nan nan nan nan nan nan 2016.0 3006.0 16307.45 446.88 21225.92 473.22 22979.79 343.47 24274.26 933.11 23669.35 2699.96 -0.1310788222315011 1.369716 1.2915197794274786 1.2500757 -4.137186630852803 1.0251458 3
_Star_3078725054189557632 3006 Fstar_v3.3 128.78138885343412 1.7503163499275285 1800.0 1 L r 3078725054189557632 nan nan nan nan nan nan nan nan nan nan 2016.0 3006.0 504459.6 1259.13 671531.67 1183.82 732463.91 1444.37 734288.2 3703.44 751321.75 5322.81 0.0659439275560031 0.069098 -2.550688827969232 0.07834283 0.116632798866005 0.060523953 3
