output/Jan25/final/field_a_L4_visit1_final_targets.ecsv
# %ECSV 1.0
# ---
# datatype:
# - {name: ob_code, datatype: string}
# - {name: catId, datatype: int32}
# - {name: description, datatype: string}
# - {name: ra, datatype: float64}
# - {name: dec, datatype: float64}
# - {name: exptime, datatype: float64}
# - {name: priority, datatype: int32}
# - {name: resolution, datatype: string}
# - {name: reference_arm, datatype: string}
# - {name: obj_id, datatype: int64}
# - {name: g_hsc, datatype: float64}
# - {name: g_hsc_err, datatype: float64}
# - {name: r2_hsc, datatype: float64}
# - {name: r2_hsc_err, datatype: float64}
# - {name: i2_hsc, datatype: float64}
# - {name: i2_hsc_err, datatype: float64}
# - {name: z_hsc, datatype: float64}
# - {name: z_hsc_err, datatype: float64}
# - {name: y_hsc, datatype: float64}
# - {name: y_hsc_err, datatype: float64}
# - {name: epoch, datatype: float64}
# - {name: input_catalog_id, datatype: float64}
# - {name: psf_flux_g, datatype: float64}
# - {name: psf_flux_error_g, datatype: float64}
# - {name: psf_flux_r, datatype: float64}
# - {name: psf_flux_error_r, datatype: float64}
# - {name: psf_flux_i, datatype: float64}
# - {name: psf_flux_error_i, datatype: float64}
# - {name: psf_flux_z, datatype: float64}
# - {name: psf_flux_error_z, datatype: float64}
# - {name: psf_flux_y, datatype: float64}
# - {name: psf_flux_error_y, datatype: float64}
# - {name: parallax, datatype: float64}
# - {name: parallax_error, datatype: float64}
# - {name: pmra, datatype: float64}
# - {name: pmra_error, datatype: float64}
# - {name: pmdec, datatype: float64}
# - {name: pmdec_error, datatype: float64}
# - {name: target_type, datatype: int32}
# schema: astropy-2.0
ob_code catId description ra dec exptime priority resolution reference_arm obj_id g_hsc g_hsc_err r2_hsc r2_hsc_err i2_hsc i2_hsc_err z_hsc z_hsc_err y_hsc y_hsc_err epoch input_catalog_id psf_flux_g psf_flux_error_g psf_flux_r psf_flux_error_r psf_flux_i psf_flux_error_i psf_flux_z psf_flux_error_z psf_flux_y psf_flux_error_y parallax parallax_error pmra pmra_error pmdec pmdec_error target_type
[from data line 260]
_Cos_38553851241975836 11 "HSC-SSP Public Data Release 4 (Wide)" 35.737628222846595 -3.424389082974474 1800.0 1 L r 38553851241975836 1751.4299 23.662683 1999.6521 51.40775 2858.9895 38.340954 3830.3354 108.40365 2896.6533 141.14378 nan nan nan nan nan nan nan nan nan nan nan nan 1e-07 1e-07 0.0 0.0 0.0 0.0 1
_Cos_38553846947013412 11 "HSC-SSP Public Data Release 4 (Wide)" 35.66564718954735 -3.551664791144368 1800.0 1 L r 38553846947013412 2081.5535 20.03404 2178.9336 41.908497 2694.8125 36.71462 3269.785 95.99071 3233.4966 148.63806 nan nan nan nan nan nan nan nan nan nan nan nan 1e-07 1e-07 0.0 0.0 0.0 0.0 1
_Cos_38553846947019848 11 "HSC-SSP Public Data Release 4 (Wide)" 35.74007751027414 -3.4583349665908147 1800.0 1 L r 38553846947019848 1979.3232 31.144472 2194.627 65.573784 5293.544 59.202248 5478.4473 144.6571 7092.0396 292.82327 nan nan nan nan nan nan nan nan nan nan nan nan 1e-07 1e-07 0.0 0.0 0.0 0.0 1
_Cos_38553842652029225 11 "HSC-SSP Public Data Release 4 (Wide)" 35.718120596687875 -3.636488866924692 1800.0 1 L r 38553842652029225 1783.5886 18.366945 2302.1292 40.268475 4413.966 43.04122 4885.3906 103.60129 7448.7827 212.72372 nan nan nan nan nan nan nan nan nan nan nan nan 1e-07 1e-07 0.0 0.0 0.0 0.0 1
_Cos_38553842652044736 11 "HSC-SSP Public Data Release 4 (Wide)" 35.70885342009609 -3.7144533216223707 1800.0 1 L r 38553842652044736 1335.1688 14.2052 1668.5729 34.79563 1835.1376 23.458418 2942.5894 65.93365 2877.159 115.42456 nan nan nan nan nan nan nan nan nan nan nan nan 1e-07 1e-07 0.0 0.0 0.0 0.0 1
_Cos_38553846947009080 11 "HSC-SSP Public Data Release 4 (Wide)" 35.75580429996969 -3.6211598159028453 1800.0 1 L r 38553846947009080 1799.2007 16.059706 2701.345 31.461079 5363.99 28.20441 6273.112 75.18275 7736.8174 147.89151 nan nan nan nan nan nan nan nan nan nan nan nan 1e-07 1e-07 0.0 0.0 0.0 0.0 1
_Cos_38554117529960005 11 "HSC-SSP Public Data Release 4 (Wide)" 35.404101582126984 -3.638281360507109 1800.0 1 L r 38554117529960005 1399.3981 14.54171 1537.8113 30.615562 1395.3599 23.414913 1293.6945 64.50335 1506.1633 116.41791 nan nan nan nan nan nan nan nan nan nan nan nan 1e-07 1e-07 0.0 0.0 0.0 0.0 1
_Cos_38553846947018111 11 "HSC-SSP Public Data Release 4 (Wide)" 35.695652647468705 -3.4850946280446595 1800.0 1 L r 38553846947018111 1601.5353 34.808353 1985.3328 66.50675 3433.2668 49.863842 5190.811 121.35676 6840.7026 247.9126 nan nan nan nan nan nan nan nan nan nan nan nan 1e-07 1e-07 0.0 0.0 0.0 0.0 1
_Cos_38553846947011087 11 "HSC-SSP Public Data Release 4 (Wide)" 35.64897749332766 -3.5880332419168255 1800.0 1 L r 38553846947011087 1495.6733 26.311502 2527.6492 55.383556 4354.573 40.84088 6358.7964 110.44752 5974.339 178.37044 nan nan nan nan nan nan nan nan nan nan nan nan 1e-07 1e-07 0.0 0.0 0.0 0.0 1
_Cos_38553846947010604 11 "HSC-SSP Public Data Release 4 (Wide)" 35.684397655598644 -3.596541698569436 1800.0 1 L r 38553846947010604 1316.71 14.252695 1562.6328 30.268959 1661.2006 24.025667 1950.9811 70.820435 1971.1849 106.683105 nan nan nan nan nan nan nan nan nan nan nan nan 1e-07 1e-07 0.0 0.0 0.0 0.0 1
_Cos_38553846947010326 11 "HSC-SSP Public Data Release 4 (Wide)" 35.725187119877226 -3.6006539201391883 1800.0 1 L r 38553846947010326 1295.3984 17.29542 1254.4077 33.13311 896.8177 20.672802 1054.503 57.877117 1302.3159 100.8417 nan nan nan nan nan nan nan nan nan nan nan nan 1e-07 1e-07 0.0 0.0 0.0 0.0 1
_Cos_38553846947012068 11 "HSC-SSP Public Data Release 4 (Wide)" 35.75819894001362 -3.5719084197291413 1800.0 1 L r 38553846947012068 1057.9761 13.031572 1225.1172 26.948332 1283.2115 19.075914 2215.1816 56.037407 2263.5203 93.74777 nan nan nan nan nan nan nan nan nan nan nan nan 1e-07 1e-07 0.0 0.0 0.0 0.0 1
_Cos_38553705213091055 11 "HSC-SSP Public Data Release 4 (Wide)" 35.85229194019166 -3.7887337440891415 1800.0 1 L r 38553705213091055 1845.9865 16.763515 3265.2588 32.17406 5665.075 22.886349 8851.495 61.353806 10897.804 117.95679 nan nan nan nan nan nan nan nan nan nan nan nan 1e-07 1e-07 0.0 0.0 0.0 0.0 1
_Cos_38553851241982646 11 "HSC-SSP Public Data Release 4 (Wide)" 35.7020706615605 -3.2920238405854705 1800.0 1 L r 38553851241982646 4387.301 18.704294 7685.423 34.899475 16473.443 32.736347 21915.836 74.99998 32116.174 150.65533 nan nan nan nan nan nan nan nan nan nan nan nan 1e-07 1e-07 0.0 0.0 0.0 0.0 1
_Cos_38553838357077594 11 "HSC-SSP Public Data Release 4 (Wide)" 35.63075577198437 -3.882172567081717 1800.0 1 L r 38553838357077594 2121.583 14.149496 2559.423 34.645996 3575.752 22.746744 4627.8853 63.584824 5545.0894 110.28 nan nan nan nan nan nan nan nan nan nan nan nan 1e-07 1e-07 0.0 0.0 0.0 0.0 1
_Cos_38553696623160303 11 "HSC-SSP Public Data Release 4 (Wide)" 35.907599173458294 -4.0092396901577345 1800.0 1 L r 38553696623160303 1371.7649 16.067059 1465.835 37.12679 1500.1196 21.475508 1504.6703 59.274067 1416.8363 111.04124 nan nan nan nan nan nan nan nan nan nan nan nan 1e-07 1e-07 0.0 0.0 0.0 0.0 1
_Cos_38553572069084168 11 "HSC-SSP Public Data Release 4 (Wide)" 35.993351863995144 -3.571241385461446 1800.0 1 L r 38553572069084168 1503.0754 16.033539 1692.3187 29.41278 2688.298 24.828556 2968.7844 66.605385 3592.0825 97.04778 nan nan nan nan nan nan nan nan nan nan nan nan 1e-07 1e-07 0.0 0.0 0.0 0.0 1
_Cos_38554126119887133 11 "HSC-SSP Public Data Release 4 (Wide)" 35.36477183734637 -3.3881597685858114 1800.0 1 L r 38554126119887133 1278.6088 30.94957 2673.6006 40.28897 4176.85 36.9595 7894.9087 97.85384 8577.906 154.75638 nan nan nan nan nan nan nan nan nan nan nan nan 1e-07 1e-07 0.0 0.0 0.0 0.0 1
_Cos_38553988680917065 11 "HSC-SSP Public Data Release 4 (Wide)" 35.51357158023174 -3.275161741745588 1800.0 1 L r 38553988680917065 1520.1802 21.381275 1806.8707 31.329758 2822.7493 36.06627 4078.9475 83.35364 4806.7188 173.41919 nan nan nan nan nan nan nan nan nan nan nan nan 1e-07 1e-07 0.0 0.0 0.0 0.0 1
_Cos_38553992975898870 11 "HSC-SSP Public Data Release 4 (Wide)" 35.59879155956872 -3.2045961171649315 1800.0 1 L r 38553992975898870 877.95636 14.6572485 1119.3473 24.127409 1139.82 28.936058 1337.4001 56.721928 1357.0948 83.72899 nan nan nan nan nan nan nan nan nan nan nan nan 1e-07 1e-07 0.0 0.0 0.0 0.0 1
_Cos_38553284306299190 11 "HSC-SSP Public Data Release 4 (Wide)" 36.36731380234161 -4.0112217386324005 1800.0 1 L r 38553284306299190 567.5904 18.698019 885.90643 41.923286 1307.7585 34.12782 1989.9042 103.244896 1883.9904 192.78526 nan nan nan nan nan nan nan nan nan nan nan nan 1e-07 1e-07 0.0 0.0 0.0 0.0 1
_Cos_38553288601239956 11 "HSC-SSP Public Data Release 4 (Wide)" 36.376080877477804 -3.9953148089605044 1800.0 1 L r 38553288601239956 871.256 30.14883 893.59686 64.63994 1187.4258 48.79274 1235.7158 118.51356 1325.156 177.22543 nan nan nan nan nan nan nan nan nan nan nan nan 1e-07 1e-07 0.0 0.0 0.0 0.0 1
_Cos_38553288601244115 11 "HSC-SSP Public Data Release 4 (Wide)" 36.428790640593306 -3.911584646990906 1800.0 1 L r 38553288601244115 594.37787 29.129042 445.63168 48.227097 1317.8726 66.186775 1272.0824 118.234184 1655.0793 219.69244 nan nan nan nan nan nan nan nan nan nan nan nan 1e-07 1e-07 0.0 0.0 0.0 0.0 1
_Cos_38553288601259767 11 "HSC-SSP Public Data Release 4 (Wide)" 36.37208792264479 -3.9774033140738076 1800.0 1 L r 38553288601259767 651.15045 16.282675 780.3722 39.223484 1210.5785 28.218147 1229.465 71.65117 2157.7498 165.36977 nan nan nan nan nan nan nan nan nan nan nan nan 1e-07 1e-07 0.0 0.0 0.0 0.0 1
_Cos_38553288601261036 11 "HSC-SSP Public Data Release 4 (Wide)" 36.403613241682464 -3.953126344224307 1800.0 1 L r 38553288601261036 630.2854 19.426203 644.9656 46.464565 1031.0043 34.672882 1690.1439 104.23855 2287.6958 203.13306 nan nan nan nan nan nan nan nan nan nan nan nan 1e-07 1e-07 0.0 0.0 0.0 0.0 1
_Cos_38553288601263307 11 "HSC-SSP Public Data Release 4 (Wide)" 36.39027753369356 -3.9088730712867523 1800.0 1 L r 38553288601263307 1073.2454 18.70077 1231.5397 42.877068 1386.959 31.085493 1939.7795 104.47664 1697.1202 147.95474 nan nan nan nan nan nan nan nan nan nan nan nan 1e-07 1e-07 0.0 0.0 0.0 0.0 1
_Cos_38553288601263720 11 "HSC-SSP Public Data Release 4 (Wide)" 36.39716326929842 -3.902592791607821 1800.0 1 L r 38553288601263720 1407.7188 22.475224 1547.6628 46.752934 2142.205 45.49697 2514.3794 123.52956 3206.7234 219.17328 nan nan nan nan nan nan nan nan nan nan nan nan 1e-07 1e-07 0.0 0.0 0.0 0.0 1
_Cos_38553288601264624 11 "HSC-SSP Public Data Release 4 (Wide)" 36.43485498772356 -3.885846747411537 1800.0 1 L r 38553288601264624 894.73895 24.23426 987.8756 32.752373 2136.793 27.283606 2105.036 76.11116 2610.2356 147.75586 nan nan nan nan nan nan nan nan nan nan nan nan 1e-07 1e-07 0.0 0.0 0.0 0.0 1
_Cos_38553288601265787 11 "HSC-SSP Public Data Release 4 (Wide)" 36.38058779869608 -3.865447010663217 1800.0 1 L r 38553288601265787 816.7746 19.53042 1289.6091 36.6821 2143.5605 31.616755 3805.006 115.5369 4887.379 165.12141 nan nan nan nan nan nan nan nan nan nan nan nan 1e-07 1e-07 0.0 0.0 0.0 0.0 1
_Cos_38553288601265869 11 "HSC-SSP Public Data Release 4 (Wide)" 36.406390480588485 -3.8637279949426673 1800.0 1 L r 38553288601265869 941.3839 13.847715 1008.36346 27.215961 971.3098 22.354872 1064.4923 78.01066 877.6994 99.46819 nan nan nan nan nan nan nan nan nan nan nan nan 1e-07 1e-07 0.0 0.0 0.0 0.0 1
_Cos_38553288601266189 11 "HSC-SSP Public Data Release 4 (Wide)" 36.43031685233135 -3.857350389190037 1800.0 1 L r 38553288601266189 588.63196 17.87766 826.6182 35.54264 1372.119 26.889862 1961.505 89.44113 2324.091 150.97063 nan nan nan nan nan nan nan nan nan nan nan nan 1e-07 1e-07 0.0 0.0 0.0 0.0 1
_Cos_38553288601266681 11 "HSC-SSP Public Data Release 4 (Wide)" 36.403484868877776 -3.846709382408438 1800.0 1 L r 38553288601266681 927.15906 15.1014805 1061.191 33.557114 1845.6515 25.143808 2295.5125 78.45357 3034.882 146.17628 nan nan nan nan nan nan nan nan nan nan nan nan 1e-07 1e-07 0.0 0.0 0.0 0.0 1
_Cos_38553288601266776 11 "HSC-SSP Public Data Release 4 (Wide)" 36.37630332139511 -3.8456138690336985 1800.0 1 L r 38553288601266776 1175.7576 19.691416 1120.944 42.977375 2065.2678 36.887432 2082.935 100.64789 2139.8257 178.80846 nan nan nan nan nan nan nan nan nan nan nan nan 1e-07 1e-07 0.0 0.0 0.0 0.0 1
_Cos_38553288601267751 11 "HSC-SSP Public Data Release 4 (Wide)" 36.44014552386734 -3.8273958748428623 1800.0 1 L r 38553288601267751 408.75864 23.345322 528.02686 48.915493 1621.7242 50.768497 2297.3108 117.98186 2758.472 231.37703 nan nan nan nan nan nan nan nan nan nan nan nan 1e-07 1e-07 0.0 0.0 0.0 0.0 1
_Cos_38553292896208653 11 "HSC-SSP Public Data Release 4 (Wide)" 36.4359321289203 -3.7792063885184537 1800.0 1 L r 38553292896208653 582.0553 13.768903 574.9614 28.8325 958.7051 22.581472 1173.3102 60.5701 1367.22 99.256004 nan nan nan nan nan nan nan nan nan nan nan nan 1e-07 1e-07 0.0 0.0 0.0 0.0 1
_Cos_38553292896213124 11 "HSC-SSP Public Data Release 4 (Wide)" 36.36083975958084 -3.6856809158220356 1800.0 1 L r 38553292896213124 498.37085 17.766191 757.56036 46.677807 1259.8156 23.968788 1924.0746 72.208885 1898.2385 103.17615 nan nan nan nan nan nan nan nan nan nan nan nan 1e-07 1e-07 0.0 0.0 0.0 0.0 1
_Cos_38553292896213999 11 "HSC-SSP Public Data Release 4 (Wide)" 36.41674734601033 -3.667338854400786 1800.0 1 L r 38553292896213999 977.1089 23.35158 1101.4664 43.548424 1391.2129 39.164024 1621.1056 109.03038 2472.154 171.44292 nan nan nan nan nan nan nan nan nan nan nan nan 1e-07 1e-07 0.0 0.0 0.0 0.0 1
_Cos_38553292896225949 11 "HSC-SSP Public Data Release 4 (Wide)" 36.400358052214166 -3.8107269007135804 1800.0 1 L r 38553292896225949 1738.2963 16.368622 2345.1772 34.132107 2485.2046 34.71141 2482.5623 107.94924 2733.1084 219.85648 nan nan nan nan nan nan nan nan nan nan nan nan 1e-07 1e-07 0.0 0.0 0.0 0.0 1
_Cos_38553292896226404 11 "HSC-SSP Public Data Release 4 (Wide)" 36.40619921313439 -3.803249725074667 1800.0 1 L r 38553292896226404 386.90652 24.045162 595.6855 42.44792 1019.76526 32.769405 1898.6743 91.99153 2557.0588 172.2246 nan nan nan nan nan nan nan nan nan nan nan nan 1e-07 1e-07 0.0 0.0 0.0 0.0 1
_Cos_38553292896227112 11 "HSC-SSP Public Data Release 4 (Wide)" 36.40656838609416 -3.788161686935321 1800.0 1 L r 38553292896227112 801.7908 13.294522 820.7188 25.86154 952.90063 22.149672 1123.949 69.549805 1316.8328 109.020065 nan nan nan nan nan nan nan nan nan nan nan nan 1e-07 1e-07 0.0 0.0 0.0 0.0 1
_Cos_38553292896227678 11 "HSC-SSP Public Data Release 4 (Wide)" 36.38529768443226 -3.778573047446004 1800.0 1 L r 38553292896227678 676.80804 14.20816 864.0694 27.913023 1306.313 25.360977 1585.2001 69.02205 2079.1807 109.42034 nan nan nan nan nan nan nan nan nan nan nan nan 1e-07 1e-07 0.0 0.0 0.0 0.0 1
_Cos_38553292896229095 11 "HSC-SSP Public Data Release 4 (Wide)" 36.443540567874905 -3.749560411794745 1800.0 1 L r 38553292896229095 360.8289 14.489871 471.99243 28.289282 1014.5965 23.038465 1289.1743 71.56149 1302.0767 115.54359 nan nan nan nan nan nan nan nan nan nan nan nan 1e-07 1e-07 0.0 0.0 0.0 0.0 1
_Cos_38553292896230939 11 "HSC-SSP Public Data Release 4 (Wide)" 36.38731227241756 -3.7088449471606357 1800.0 1 L r 38553292896230939 781.1699 16.154772 925.36194 32.824966 1370.0062 27.230328 1821.2712 89.78 1676.8827 125.582886 nan nan nan nan nan nan nan nan nan nan nan nan 1e-07 1e-07 0.0 0.0 0.0 0.0 1
_Cos_38553292896231105 11 "HSC-SSP Public Data Release 4 (Wide)" 36.42824996812353 -3.7065129528684477 1800.0 1 L r 38553292896231105 407.55957 15.006623 591.5139 29.06149 1146.4137 21.37009 1513.8406 59.07886 2579.9966 149.53493 nan nan nan nan nan nan nan nan nan nan nan nan 1e-07 1e-07 0.0 0.0 0.0 0.0 1
_Cos_38553292896231509 11 "HSC-SSP Public Data Release 4 (Wide)" 36.40452804124567 -3.6974096542478474 1800.0 1 L r 38553292896231509 758.9585 15.649078 920.86816 30.290506 1328.1674 23.946335 2083.2227 67.48682 2193.5505 111.421745 nan nan nan nan nan nan nan nan nan nan nan nan 1e-07 1e-07 0.0 0.0 0.0 0.0 1
_Cos_38553292896232167 11 "HSC-SSP Public Data Release 4 (Wide)" 36.425830565800496 -3.681865771808076 1800.0 1 L r 38553292896232167 737.80164 14.044961 952.72034 32.028 932.5863 18.97583 1121.8693 55.28203 2096.7222 138.1589 nan nan nan nan nan nan nan nan nan nan nan nan 1e-07 1e-07 0.0 0.0 0.0 0.0 1
_Cos_38553292896233964 11 "HSC-SSP Public Data Release 4 (Wide)" 36.402908225518004 -3.6443474206658393 1800.0 1 L r 38553292896233964 571.751 17.08704 648.2904 28.562943 1102.3195 24.568079 1720.7582 69.12111 1954.4716 103.15639 nan nan nan nan nan nan nan nan nan nan nan nan 1e-07 1e-07 0.0 0.0 0.0 0.0 1
_Cos_38553297191174560 11 "HSC-SSP Public Data Release 4 (Wide)" 36.39662787374396 -3.619740986550832 1800.0 1 L r 38553297191174560 778.43506 17.110975 981.4116 31.172514 1553.0952 26.326815 1919.8499 72.480965 2369.0435 112.33787 nan nan nan nan nan nan nan nan nan nan nan nan 1e-07 1e-07 0.0 0.0 0.0 0.0 1
_Cos_38553417450264573 11 "HSC-SSP Public Data Release 4 (Wide)" 36.18739819412744 -4.244141092595605 1800.0 1 L r 38553417450264573 772.46765 16.206087 1009.0062 38.620937 1009.7657 23.722683 1023.83984 60.629 1423.0681 154.2707 nan nan nan nan nan nan nan nan nan nan nan nan 1e-07 1e-07 0.0 0.0 0.0 0.0 1
_Cos_38553417450265239 11 "HSC-SSP Public Data Release 4 (Wide)" 36.17039734877318 -4.231259320921514 1800.0 1 L r 38553417450265239 673.00684 48.429855 526.13135 40.3498 1117.7844 22.95854 1682.6451 67.78352 2368.4902 161.06734 nan nan nan nan nan nan nan nan nan nan nan nan 1e-07 1e-07 0.0 0.0 0.0 0.0 1
_Cos_38553417450279551 11 "HSC-SSP Public Data Release 4 (Wide)" 36.184779501906384 -4.331155560640766 1800.0 1 L r 38553417450279551 802.5703 19.7302 943.7099 36.876797 1139.0072 24.16381 1884.175 90.7652 2835.4253 172.2494 nan nan nan nan nan nan nan nan nan nan nan nan 1e-07 1e-07 0.0 0.0 0.0 0.0 1
