output/Jan25/final/field_e_L4_visit1_final_targets.ecsv
# %ECSV 1.0
# ---
# datatype:
# - {name: ob_code, datatype: string}
# - {name: catId, datatype: int32}
# - {name: description, datatype: string}
# - {name: ra, datatype: float64}
# - {name: dec, datatype: float64}
# - {name: exptime, datatype: float64}
# - {name: priority, datatype: int32}
# - {name: resolution, datatype: string}
# - {name: reference_arm, datatype: string}
# - {name: obj_id, datatype: int64}
# - {name: g_hsc, datatype: float64}
# - {name: g_hsc_err, datatype: float64}
# - {name: r2_hsc, datatype: float64}
# - {name: r2_hsc_err, datatype: float64}
# - {name: i2_hsc, datatype: float64}
# - {name: i2_hsc_err, datatype: float64}
# - {name: z_hsc, datatype: float64}
# - {name: z_hsc_err, datatype: float64}
# - {name: y_hsc, datatype: float64}
# - {name: y_hsc_err, datatype: float64}
# - {name: epoch, datatype: float64}
# - {name: input_catalog_id, datatype: float64}
# - {name: psf_flux_g, datatype: float64}
# - {name: psf_flux_error_g, datatype: float64}
# - {name: psf_flux_r, datatype: float64}
# - {name: psf_flux_error_r, datatype: float64}
# - {name: psf_flux_i, datatype: float64}
# - {name: psf_flux_error_i, datatype: float64}
# - {name: psf_flux_z, datatype: float64}
# - {name: psf_flux_error_z, datatype: float64}
# - {name: psf_flux_y, datatype: float64}
# - {name: psf_flux_error_y, datatype: float64}
# - {name: parallax, datatype: float64}
# - {name: parallax_error, datatype: float64}
# - {name: pmra, datatype: float64}
# - {name: pmra_error, datatype: float64}
# - {name: pmdec, datatype: float64}
# - {name: pmdec_error, datatype: float64}
# - {name: target_type, datatype: int32}
# schema: astropy-2.0
ob_code catId description ra dec exptime priority resolution reference_arm obj_id g_hsc g_hsc_err r2_hsc r2_hsc_err i2_hsc i2_hsc_err z_hsc z_hsc_err y_hsc y_hsc_err epoch input_catalog_id psf_flux_g psf_flux_error_g psf_flux_r psf_flux_error_r psf_flux_i psf_flux_error_i psf_flux_z psf_flux_error_z psf_flux_y psf_flux_error_y parallax parallax_error pmra pmra_error pmdec pmdec_error target_type
[from data line 1543]
_Star_3073679738927237504 3006 Fstar_v3.3 129.31440725060605 -0.3533694417544429 1800.0 1 L r 3073679738927237504 nan nan nan nan nan nan nan nan nan nan 2016.0 3006.0 69956.2 431.24 87117.6 815.94 96575.29 584.4 98253.02 1357.87 98788.51 3552.15 0.2918917040694471 0.23463461 -0.8769735372871796 0.2596232 0.5846033956358314 0.2199657 3
_Star_3073624763345719680 3006 Fstar_v3.3 129.41612484026578 -0.5765641571194031 1800.0 1 L r 3073624763345719680 nan nan nan nan nan nan nan nan nan nan 2016.0 3006.0 45405.29 722.77 56951.69 567.98 60828.37 416.6 59652.15 1018.4 55471.04 3794.51 0.3704841386182136 0.31854916 0.3427849613454164 0.36414334 0.5735706839424186 0.30744165 3
_Star_3073625141302858880 3006 Fstar_v3.3 129.45217715240258 -0.5530393850712775 1800.0 1 L r 3073625141302858880 nan nan nan nan nan nan nan nan nan nan 2016.0 3006.0 467419.07 1111.14 639596.94 3393.75 709359.51 1497.47 725480.79 3089.72 724413.57 12168.57 0.2926202839081037 0.070130095 -1.1617054915030711 0.08325433 2.324175748769296 0.0638591 3
_Star_3073672252798823936 3006 Fstar_v3.3 129.4340972391615 -0.5289080644223075 1800.0 1 L r 3073672252798823936 nan nan nan nan nan nan nan nan nan nan 2016.0 3006.0 521706.2 745.75 688883.7 2211.82 749801.48 1780.35 759882.0 2925.49 751806.3 5592.83 0.1523075173110111 0.06442522 -4.353092201532183 0.07527941 0.691054134672664 0.057911478 3
_Star_3073625244382078080 3006 Fstar_v3.3 129.4726532536781 -0.5494833978197343 1800.0 1 L r 3073625244382078080 nan nan nan nan nan nan nan nan nan nan 2016.0 3006.0 433896.37 2610.8 591324.5 3121.27 665374.89 2823.93 677308.61 3540.2 692701.48 3052.2 0.187737495254381 0.06732495 1.588341124025124 0.07506192 1.3311852452919095 0.057819977 3
_Star_3073622465538026624 3006 Fstar_v3.3 129.57723425803945 -0.585651444485236 1800.0 1 L r 3073622465538026624 nan nan nan nan nan nan nan nan nan nan 2016.0 3006.0 53008.64 493.94 72481.33 709.97 79028.99 867.42 83788.84 980.55 87149.74 6327.28 -0.2836507907111645 0.28111175 -1.1970599761369085 0.3370975999999999 -0.3347253387900782 0.24423102 3
_Star_3073626073310438400 3006 Fstar_v3.3 129.6143839000422 -0.5319901533772933 1800.0 1 L r 3073626073310438400 nan nan nan nan nan nan nan nan nan nan 2016.0 3006.0 434857.1 2640.62 583587.68 2961.11 667461.11 1246.72 683197.64 2492.45 693914.57 2893.29 0.1371288366298704 0.06953781 -2.373272113929679 0.0798871999999999 -0.6250400890044652 0.06382789 3
_Star_3073673519814525312 3006 Fstar_v3.3 129.36300096604722 -0.4812475371815014 1800.0 1 L r 3073673519814525312 nan nan nan nan nan nan nan nan nan nan 2016.0 3006.0 51360.11 605.64 63227.51 737.13 68219.14 732.75 68458.29 1191.88 69193.65 3024.23 0.322141293562872 0.3519138 -1.0795495002113673 0.39548644 0.348587099107782 0.2928933 3
_Star_3073673416735304064 3006 Fstar_v3.3 129.38362535412918 -0.4908556349236994 1800.0 1 L r 3073673416735304064 nan nan nan nan nan nan nan nan nan nan 2016.0 3006.0 71210.89 897.5 91762.67 788.54 101247.91 754.88 104410.91 1716.95 106156.48 4492.51 -0.0799990533467502 0.23590931 -1.5929220085039997 0.26830235 -6.626391072246156 0.21861412 3
_Star_3073672562036467968 3006 Fstar_v3.3 129.42446690934165 -0.5044644440454322 1800.0 1 L r 3073672562036467968 nan nan nan nan nan nan nan nan nan nan 2016.0 3006.0 157872.31 623.35 221649.22 1487.62 250856.85 721.56 259600.99 1896.07 259888.0 3517.96 0.1715457317208902 0.11965364 -0.8918899346193814 0.14341335 1.0768801534592778 0.11410163 3
_Star_3073674688044723072 3006 Fstar_v3.3 129.48514602977187 -0.4391073459291521 1800.0 1 L r 3073674688044723072 nan nan nan nan nan nan nan nan nan nan 2016.0 3006.0 112136.35 1105.01 142438.03 783.99 157118.09 735.28 159201.06 2182.0 160393.28 1814.24 0.2383496793100651 0.16954388 -2.3421819960548054 0.20871037 -4.922947673724907 0.14756271 3
_Star_3073626928008355840 3006 Fstar_v3.3 129.52402135612363 -0.5072289816360972 1800.0 1 L r 3073626928008355840 nan nan nan nan nan nan nan nan nan nan 2016.0 3006.0 330937.59 1317.67 445642.41 1893.41 497996.64 1844.32 505482.42 2794.33 523680.4 4574.88 0.1597052074202972 0.086055115 -3.519527155397425 0.10830716 0.9661963273778535 0.0686403959999999 3
_Star_3073633357574971008 3006 Fstar_v3.3 129.57744275698818 -0.4585333999535826 1800.0 1 L r 3073633357574971008 nan nan nan nan nan nan nan nan nan nan 2016.0 3006.0 265501.28 1575.05 349451.2 1985.53 388424.25 1561.95 392704.9 3111.66 400190.15 5459.54 0.2587151160079387 0.09755977 -1.974170963652083 0.11128537 1.2809557289130074 0.08720381 3
_Star_3073633181480762368 3006 Fstar_v3.3 129.5955023154273 -0.4635766464497724 1800.0 1 L r 3073633181480762368 nan nan nan nan nan nan nan nan nan nan 2016.0 3006.0 300265.86 1547.6 363434.4 1991.01 378849.31 870.59 374029.79 1949.49 369374.1 4904.75 0.1455926754757592 0.08964303 -2.284308688002569 0.108738355 0.1541071418413143 0.08409804 3
_Star_3073632459926252288 3006 Fstar_v3.3 129.62257948757022 -0.4704749305149007 1800.0 1 L r 3073632459926252288 nan nan nan nan nan nan nan nan nan nan 2016.0 3006.0 115746.01 898.48 147824.39 781.1 161400.93 717.71 160157.05 1202.94 160393.28 2788.95 0.2744510297877144 0.17471464 -1.7896935816129782 0.1880346 0.4913006750362881 0.15015244 3
_Star_3073681456913201024 3006 Fstar_v3.3 129.50847670919927 -0.4021782259078474 1800.0 1 L r 3073681456913201024 nan nan nan nan nan nan nan nan nan nan 2016.0 3006.0 33381.56 598.0 43896.11 485.4 47235.28 650.58 48286.55 1710.76 50903.35 3216.55 0.3731917427601261 0.40499833 -1.0645979559450351 0.4505863000000001 -0.5263504677509516 0.31489554 3
_Star_3073680838437912192 3006 Fstar_v3.3 129.5364739358116 -0.3949476666818674 1800.0 1 L r 3073680838437912192 nan nan nan nan nan nan nan nan nan nan 2016.0 3006.0 16184.76 406.42 20108.81 304.13 19874.95 589.11 24793.98 1549.59 29173.34 4184.92 0.694063250910251 1.0018436 2.3795804789670303 1.09637 -0.5770154925972022 1.030781 3
_Star_3073694204377105920 3006 Fstar_v3.3 129.15953376720594 -0.3107249728811303 1800.0 1 L r 3073694204377105920 nan nan nan nan nan nan nan nan nan nan 2016.0 3006.0 38828.1 663.13 50487.81 565.92 53317.11 765.33 53155.23 690.26 58391.07 2477.01 1.364795838448199 0.36000174 -0.5802874441264637 0.38639808 0.6557366902182321 0.34035015 3
_Star_3073694479254391296 3006 Fstar_v3.3 129.13080665829344 -0.2912933671700607 1800.0 1 L r 3073694479254391296 nan nan nan nan nan nan nan nan nan nan 2016.0 3006.0 25693.68 359.7 34395.87 506.15 39670.36 854.95 39274.08 1393.95 51502.23 1611.19 -0.7188782518006536 0.4792939000000001 3.918355498657904 0.54208106 -4.798331087027552 0.4364607 3
_Star_3073697468551642752 3006 Fstar_v3.3 129.18038049581037 -0.2036447066493633 1800.0 1 L r 3073697468551642752 nan nan nan nan nan nan nan nan nan nan 2016.0 3006.0 67413.44 671.26 88941.88 1625.84 100523.22 704.85 100301.31 1204.65 109462.64 2319.44 -0.2960573939539503 0.31112003 -0.8983735177442982 0.32934523 0.2765317386090369 0.24164437 3
_Star_3073691975288644864 3006 Fstar_v3.3 129.31399144616464 -0.3201918136443595 1800.0 1 L r 3073691975288644864 nan nan nan nan nan nan nan nan nan nan 2016.0 3006.0 514690.35 1732.64 684772.91 3816.99 747250.46 1668.99 765994.98 4655.64 767691.03 4178.07 0.3452631442727505 0.062472485 -4.960894736793271 0.07617621 -0.0875852955488052 0.056549486 3
_Star_3073696540839342976 3006 Fstar_v3.3 129.25572976467635 -0.2135681754391014 1800.0 1 L r 3073696540839342976 nan nan nan nan nan nan nan nan nan nan 2016.0 3006.0 98643.01 1032.19 136240.44 694.42 150309.49 1005.77 153188.49 915.69 158542.68 3070.87 0.1820933368740629 0.17173974 -1.1414940953997958 0.1893954 0.6843771783967235 0.15988311 3
_Star_3076706350840251520 3006 Fstar_v3.3 129.22723591416425 -0.1183687986451936 1800.0 1 L r 3076706350840251520 nan nan nan nan nan nan nan nan nan nan 2016.0 3006.0 45774.74 1619.33 60811.59 372.35 67239.81 580.41 68225.37 1751.92 71210.89 3154.9 0.126101740729765 0.30777702 -1.0209844260973528 0.34630713 -0.1968448815478777 0.29264438 3
_Star_3076707484711670528 3006 Fstar_v3.3 129.18154014247554 -0.0768344445573564 1800.0 1 L r 3076707484711670528 nan nan nan nan nan nan nan nan nan nan 2016.0 3006.0 175011.31 1147.36 232052.66 989.13 259553.11 1750.14 265354.4 2021.19 272161.29 2036.19 0.1062447818304942 0.12250827 4.978373658632337 0.13386482 -10.655631999585555 0.10652451 3
_Star_3073702832965911424 3006 Fstar_v3.3 129.272435339927 -0.1650657613289333 1800.0 1 L r 3073702832965911424 nan nan nan nan nan nan nan nan nan nan 2016.0 3006.0 312712.96 1847.07 438112.86 1497.85 490079.03 1454.8 508377.56 1965.64 523777.0 4526.51 0.2637062074070477 0.07974868 -6.187840196372383 0.08722192 -2.798939021085616 0.07373296 3
_Star_3073703687664292352 3006 Fstar_v3.3 129.26803568981305 -0.1437184036572537 1800.0 1 L r 3073703687664292352 nan nan nan nan nan nan nan nan nan nan 2016.0 3006.0 25575.61 694.41 35801.89 807.98 37492.64 494.46 39332.01 3632.14 43521.71 3818.86 0.1021581007158469 0.50860924 -1.1614961682986398 0.6031485 -0.6664291517455987 0.53423923 3
_Star_3076708485439577600 3006 Fstar_v3.3 129.26849062400046 -0.0577568213426525 1800.0 1 L r 3076708485439577600 nan nan nan nan nan nan nan nan nan nan 2016.0 3006.0 66323.34 639.14 93597.85 343.97 105688.12 1105.91 112115.66 1752.47 113246.94 3067.07 0.1531844683360041 0.24739273 -0.2040790279494969 0.25305253 0.0433907360332716 0.20279078 3
_Star_3076708721663494784 3006 Fstar_v3.3 129.27338335343066 -0.0392129033856284 1800.0 1 L r 3076708721663494784 nan nan nan nan nan nan nan nan nan nan 2016.0 3006.0 47514.5 599.81 62176.48 502.86 70356.87 736.08 75548.56 1334.46 80839.95 991.98 0.1684885968075811 0.3082783 -1.2504196958174898 0.32532585 -0.3074168890078065 0.26440883 3
_Star_3073680254323329152 3006 Fstar_v3.3 129.38432472655614 -0.3100168301402033 1800.0 1 L r 3073680254323329152 nan nan nan nan nan nan nan nan nan nan 2016.0 3006.0 37234.56 471.27 49671.4 314.84 55573.26 643.96 58747.07 1000.24 56367.22 5728.53 -0.6041935693428236 0.35579908 -1.6304384825280671 0.37723693 -0.8208603660726232 0.30447298 3
_Star_3073685854960675584 3006 Fstar_v3.3 129.42105699919074 -0.3310475531187585 1800.0 1 L r 3073685854960675584 nan nan nan nan nan nan nan nan nan nan 2016.0 3006.0 445395.87 1451.38 665926.84 2079.84 751530.32 2435.11 766489.0 3576.41 797014.22 10737.35 0.1774755254561665 0.06640244 0.0017388736072122 0.09324816 0.1255581789703556 0.058474462 3
_Star_3073686232917811072 3006 Fstar_v3.3 129.39812806289197 -0.2926241703121128 1800.0 1 L r 3073686232917811072 nan nan nan nan nan nan nan nan nan nan 2016.0 3006.0 56742.17 452.32 85606.41 1035.17 96504.23 1201.0 105057.26 867.27 110251.96 3182.34 0.2588656048515753 0.28525928 -0.2608352750180945 0.31216988 0.2229586905706392 0.2599836 3
_Star_3073686507794784000 3006 Fstar_v3.3 129.46539645000072 -0.2700285579132746 1800.0 1 L r 3073686507794784000 nan nan nan nan nan nan nan nan nan nan 2016.0 3006.0 62538.3 734.74 83204.32 1851.86 92169.31 678.87 93675.49 866.92 95153.78 3491.22 0.1997738356593261 0.2353114 -1.8191763216617984 0.2537353 0.3722240393861434 0.1899484 3
_Star_3073698946020091136 3006 Fstar_v3.3 129.42173929966836 -0.2066390695323629 1800.0 1 L r 3073698946020091136 nan nan nan nan nan nan nan nan nan nan 2016.0 3006.0 280405.42 932.07 391837.99 1436.01 432540.19 1183.2 438880.1 818.96 444208.15 1049.01 -0.0122520897072392 0.09018145 -2.2477111533689014 0.09685355 -0.2734830326382734 0.07394189 3
_Star_3073682453345645824 3006 Fstar_v3.3 129.56015316972506 -0.3095852386987064 1800.0 1 L r 3073682453345645824 nan nan nan nan nan nan nan nan nan nan 2016.0 3006.0 81257.98 703.88 105493.72 643.61 115522.35 814.28 118923.03 2337.31 125125.61 3252.21 0.0341004549119623 0.21627572 0.5192998352961963 0.2563799 -4.572924056512933 0.19159849 3
_Star_3073686958766814080 3006 Fstar_v3.3 129.5548195039798 -0.2918032176413339 1800.0 1 L r 3073686958766814080 nan nan nan nan nan nan nan nan nan nan 2016.0 3006.0 118934.1 649.81 150060.43 714.96 160896.46 936.12 163691.58 2158.06 165586.86 1506.2 0.1616983502934429 0.1620821 0.3802660436399249 0.18905999 -4.273561963630864 0.14327675 3
_Star_3073687023190857984 3006 Fstar_v3.3 129.53740009962823 -0.2743877659267151 1800.0 1 L r 3073687023190857984 nan nan nan nan nan nan nan nan nan nan 2016.0 3006.0 146631.03 610.57 210313.19 807.75 242251.44 913.24 253598.26 1353.32 255921.0 3765.5 0.0815379276495817 0.12841053 -1.5504436450578505 0.15122196 -2.8268398859284383 0.116535805 3
_Star_3073682869957943168 3006 Fstar_v3.3 129.62790996153666 -0.3298994525079941 1800.0 1 L r 3073682869957943168 nan nan nan nan nan nan nan nan nan nan 2016.0 3006.0 36605.51 576.69 47963.0 991.87 50688.12 363.45 52969.54 777.61 53028.1 1583.07 0.3688512108959316 0.39258352 -1.6029774142290434 0.43499526 0.7294097465800707 0.31281772 3
_Star_3073683862094922880 3006 Fstar_v3.3 129.60024517312192 -0.2965992222157892 1800.0 1 L r 3073683862094922880 nan nan nan nan nan nan nan nan nan nan 2016.0 3006.0 30567.97 286.38 42362.97 528.14 48607.83 390.97 49188.77 1326.24 51114.74 5723.13 -0.2544577365539954 0.41169822 -1.6018324750718016 0.47217345 0.0853974444733377 0.34992728 3
_Star_3073683896454664064 3006 Fstar_v3.3 129.62211528751754 -0.2878201367656332 1800.0 1 L r 3073683896454664064 nan nan nan nan nan nan nan nan nan nan 2016.0 3006.0 333262.47 2829.43 451717.06 2218.78 497216.89 1763.58 509408.33 2776.62 500664.17 1438.26 0.2157170184660225 0.08465366 -3.546873341980297 0.102629535 -0.0768807422453488 0.07360557 3
_Star_3073687641666161024 3006 Fstar_v3.3 129.61260961564784 -0.2349702952050849 1800.0 1 L r 3073687641666161024 nan nan nan nan nan nan nan nan nan nan 2016.0 3006.0 17756.06 448.64 24503.39 666.67 26280.06 994.07 25582.71 813.4 35519.48 5069.59 2.2560974239532903 0.9819801 1.4038344327882528 1.1242895 -5.500804243328575 0.7622386 3
_Star_3073687985263551616 3006 Fstar_v3.3 129.57800016553998 -0.2066931316797933 1800.0 1 L r 3073687985263551616 nan nan nan nan nan nan nan nan nan nan 2016.0 3006.0 22034.67 580.37 29157.25 715.06 30270.96 624.05 34399.02 1932.52 38803.07 3718.1 1.3455310306094428 0.6523866 0.6639506815440197 0.6950420999999999 -1.7924280152745666 0.56654924 3
_Star_3073700011173109888 3006 Fstar_v3.3 129.3736940350683 -0.1689931200622779 1800.0 1 L r 3073700011173109888 nan nan nan nan nan nan nan nan nan nan 2016.0 3006.0 247255.64 878.36 345355.56 1281.56 382248.72 571.4 397215.5 1461.57 403149.53 2910.73 0.1312583491174368 0.09419828 -2.766328468813088 0.100968465 0.7598332970723611 0.08442163 3
_Star_3073705302571708288 3006 Fstar_v3.3 129.43127753816478 -0.0752803910484134 1800.0 1 L r 3073705302571708288 nan nan nan nan nan nan nan nan nan nan 2016.0 3006.0 160171.96 438.15 206246.43 881.41 222323.87 783.03 221383.82 2600.97 223370.69 2503.14 0.1127129645259203 0.1403267 4.605891024279245 0.15990575 -18.064879505614176 0.12351134 3
_Star_3075206994937205632 3006 Fstar_v3.3 129.45950850276574 -0.0125969820658569 1800.0 1 L r 3075206994937205632 nan nan nan nan nan nan nan nan nan nan 2016.0 3006.0 36686.5 630.17 49388.53 675.46 55144.97 548.33 57240.86 1680.42 54689.8 2559.71 0.5042945863238585 0.40897405 -1.3713480157723503 0.44688863 -0.0253406195634724 0.33501917 3
_Star_3075190300399633664 3006 Fstar_v3.3 129.58532657638656 -0.1457266751961755 1800.0 1 L r 3075190300399633664 nan nan nan nan nan nan nan nan nan nan 2016.0 3006.0 65636.59 1599.84 80091.47 488.34 84509.65 627.05 84579.75 663.72 88272.7 1630.43 0.0856319072932725 0.28979844 -0.9463392872302664 0.2957488 -0.0479027211260129 0.22354138 3
