output/Jan25/final/field_b_L3_visit1_final_targets.ecsv
# %ECSV 1.0
# ---
# datatype:
# - {name: ob_code, datatype: string}
# - {name: catId, datatype: int32}
# - {name: description, datatype: string}
# - {name: ra, datatype: float64}
# - {name: dec, datatype: float64}
# - {name: exptime, datatype: float64}
# - {name: priority, datatype: int32}
# - {name: resolution, datatype: string}
# - {name: reference_arm, datatype: string}
# - {name: obj_id, datatype: int64}
# - {name: g_hsc, datatype: float64}
# - {name: g_hsc_err, datatype: float64}
# - {name: r2_hsc, datatype: float64}
# - {name: r2_hsc_err, datatype: float64}
# - {name: i2_hsc, datatype: float64}
# - {name: i2_hsc_err, datatype: float64}
# - {name: z_hsc, datatype: float64}
# - {name: z_hsc_err, datatype: float64}
# - {name: y_hsc, datatype: float64}
# - {name: y_hsc_err, datatype: float64}
# - {name: epoch, datatype: float64}
# - {name: input_catalog_id, datatype: float64}
# - {name: psf_flux_g, datatype: float64}
# - {name: psf_flux_error_g, datatype: float64}
# - {name: psf_flux_r, datatype: float64}
# - {name: psf_flux_error_r, datatype: float64}
# - {name: psf_flux_i, datatype: float64}
# - {name: psf_flux_error_i, datatype: float64}
# - {name: psf_flux_z, datatype: float64}
# - {name: psf_flux_error_z, datatype: float64}
# - {name: psf_flux_y, datatype: float64}
# - {name: psf_flux_error_y, datatype: float64}
# - {name: parallax, datatype: float64}
# - {name: parallax_error, datatype: float64}
# - {name: pmra, datatype: float64}
# - {name: pmra_error, datatype: float64}
# - {name: pmdec, datatype: float64}
# - {name: pmdec_error, datatype: float64}
# - {name: target_type, datatype: int32}
# schema: astropy-2.0
ob_code catId description ra dec exptime priority resolution reference_arm obj_id g_hsc g_hsc_err r2_hsc r2_hsc_err i2_hsc i2_hsc_err z_hsc z_hsc_err y_hsc y_hsc_err epoch input_catalog_id psf_flux_g psf_flux_error_g psf_flux_r psf_flux_error_r psf_flux_i psf_flux_error_i psf_flux_z psf_flux_error_z psf_flux_y psf_flux_error_y parallax parallax_error pmra pmra_error pmdec pmdec_error target_type
[from data line 1093]
_Cos_42823924907512560 11 "HSC-SSP Public Data Release 4 (Wide)" 37.79502763850697 1.8664580789005307 1800.0 1 L r 42823924907512560 527.9127 24.832724 522.39056 29.210451 923.6508 35.90936 1144.8939 55.444077 1222.2163 158.70398 nan nan nan nan nan nan nan nan nan nan nan nan 1e-07 1e-07 0.0 0.0 0.0 0.0 1
_Cos_42823924907514023 11 "HSC-SSP Public Data Release 4 (Wide)" 37.798456440128696 1.8989668107908022 1800.0 1 L r 42823924907514023 709.7266 23.36696 759.41724 34.302677 1105.4532 32.848568 1226.3496 48.8294 2228.5356 141.50061 nan nan nan nan nan nan nan nan nan nan nan nan 1e-07 1e-07 0.0 0.0 0.0 0.0 1
_Cos_42823924907526250 11 "HSC-SSP Public Data Release 4 (Wide)" 37.68576053480292 1.7661231914382147 1800.0 1 L r 42823924907526250 987.0871 29.442205 1020.0397 39.705906 1546.691 57.146805 1340.045 67.39441 2454.6523 174.73027 nan nan nan nan nan nan nan nan nan nan nan nan 1e-07 1e-07 0.0 0.0 0.0 0.0 1
_Cos_42823924907526597 11 "HSC-SSP Public Data Release 4 (Wide)" 37.70468523410498 1.774446226278301 1800.0 1 L r 42823924907526597 467.5258 24.37251 671.8374 31.936636 1627.1895 44.091347 2076.7407 63.567867 2542.259 168.70732 nan nan nan nan nan nan nan nan nan nan nan nan 1e-07 1e-07 0.0 0.0 0.0 0.0 1
_Cos_42823924907526822 11 "HSC-SSP Public Data Release 4 (Wide)" 37.827460979820465 1.7796915310337906 1800.0 1 L r 42823924907526822 726.25165 21.481127 1109.9574 27.693438 2029.4362 37.908833 3020.2195 55.195408 10738.293 290.2122 nan nan nan nan nan nan nan nan nan nan nan nan 1e-07 1e-07 0.0 0.0 0.0 0.0 1
_Cos_42823924907527094 11 "HSC-SSP Public Data Release 4 (Wide)" 37.7750544730794 1.7834646011420008 1800.0 1 L r 42823924907527094 861.89417 23.746353 1175.0052 32.007217 1576.363 52.674767 1905.9708 71.463356 1749.1117 178.8167 nan nan nan nan nan nan nan nan nan nan nan nan 1e-07 1e-07 0.0 0.0 0.0 0.0 1
_Cos_42823924907527442 11 "HSC-SSP Public Data Release 4 (Wide)" 37.81633719123225 1.7899774762382439 1800.0 1 L r 42823924907527442 944.75397 27.167894 1205.0847 38.224926 1277.7347 49.787495 1489.1373 72.14202 1505.8206 171.79008 nan nan nan nan nan nan nan nan nan nan nan nan 1e-07 1e-07 0.0 0.0 0.0 0.0 1
_Cos_42823924907527821 11 "HSC-SSP Public Data Release 4 (Wide)" 37.667015794998136 1.7987718370778931 1800.0 1 L r 42823924907527821 719.81195 19.651356 1029.2654 27.94011 2240.728 31.965723 2883.7815 54.09399 3764.0852 210.96428 nan nan nan nan nan nan nan nan nan nan nan nan 1e-07 1e-07 0.0 0.0 0.0 0.0 1
_Cos_42823924907527852 11 "HSC-SSP Public Data Release 4 (Wide)" 37.779405724835115 1.7990585707260058 1800.0 1 L r 42823924907527852 1219.1659 27.819838 1399.898 36.51452 1285.5708 45.35621 1894.7655 80.45043 1767.4608 206.9894 nan nan nan nan nan nan nan nan nan nan nan nan 1e-07 1e-07 0.0 0.0 0.0 0.0 1
_Cos_42823924907528556 11 "HSC-SSP Public Data Release 4 (Wide)" 37.66164666454481 1.8155412692078083 1800.0 1 L r 42823924907528556 1284.2518 26.39421 1736.2803 37.627445 2630.25 58.12791 3031.5527 78.28418 5076.095 237.36632 nan nan nan nan nan nan nan nan nan nan nan nan 1e-07 1e-07 0.0 0.0 0.0 0.0 1
_Cos_42823924907528949 11 "HSC-SSP Public Data Release 4 (Wide)" 37.67287758560275 1.8233146991440787 1800.0 1 L r 42823924907528949 809.1216 27.830606 1143.8224 46.024303 1704.2671 58.11765 3511.492 108.4467 2233.823 238.45518 nan nan nan nan nan nan nan nan nan nan nan nan 1e-07 1e-07 0.0 0.0 0.0 0.0 1
_Cos_42823924907529183 11 "HSC-SSP Public Data Release 4 (Wide)" 37.718576569487524 1.8295029404932504 1800.0 1 L r 42823924907529183 139.81036 17.09194 111.51326 33.91021 1417.9243 98.2203 258.72498 53.44557 260.06277 160.20601 nan nan nan nan nan nan nan nan nan nan nan nan 1e-07 1e-07 0.0 0.0 0.0 0.0 1
_Cos_42823924907529850 11 "HSC-SSP Public Data Release 4 (Wide)" 37.74425963340116 1.8438540095253146 1800.0 1 L r 42823924907529850 1134.9421 21.844597 1112.1978 27.951448 1260.6035 31.327755 1655.8934 61.673397 1768.0726 138.67041 nan nan nan nan nan nan nan nan nan nan nan nan 1e-07 1e-07 0.0 0.0 0.0 0.0 1
_Cos_42823924907530368 11 "HSC-SSP Public Data Release 4 (Wide)" 37.69853091486449 1.8547708116404553 1800.0 1 L r 42823924907530368 848.5139 19.071815 1186.2931 26.83931 1375.1483 30.15386 1799.2688 50.948124 2754.9338 145.49995 nan nan nan nan nan nan nan nan nan nan nan nan 1e-07 1e-07 0.0 0.0 0.0 0.0 1
_Cos_42823924907530376 11 "HSC-SSP Public Data Release 4 (Wide)" 37.828444699142665 1.8544269430210678 1800.0 1 L r 42823924907530376 764.01465 20.497688 973.8469 29.966972 951.9338 33.162052 872.1137 47.16811 870.2281 145.60173 nan nan nan nan nan nan nan nan nan nan nan nan 1e-07 1e-07 0.0 0.0 0.0 0.0 1
_Cos_42823924907530507 11 "HSC-SSP Public Data Release 4 (Wide)" 37.68564679813003 1.8586769877598055 1800.0 1 L r 42823924907530507 738.8423 20.385199 939.8304 31.119638 1116.9132 31.337526 1664.3176 56.25254 2769.992 195.96413 nan nan nan nan nan nan nan nan nan nan nan nan 1e-07 1e-07 0.0 0.0 0.0 0.0 1
_Cos_42823924907530812 11 "HSC-SSP Public Data Release 4 (Wide)" 37.71421888102325 1.8653186740164935 1800.0 1 L r 42823924907530812 902.0377 31.700806 1056.973 41.38152 970.93524 42.109917 1773.4612 80.885574 1284.7737 159.41197 nan nan nan nan nan nan nan nan nan nan nan nan 1e-07 1e-07 0.0 0.0 0.0 0.0 1
_Cos_42823924907531248 11 "HSC-SSP Public Data Release 4 (Wide)" 37.8206450394166 1.8752272984500775 1800.0 1 L r 42823924907531248 427.53302 25.290218 549.10333 32.673603 927.206 60.139908 968.92 80.51636 1588.4977 198.10596 nan nan nan nan nan nan nan nan nan nan nan nan 1e-07 1e-07 0.0 0.0 0.0 0.0 1
_Cos_42823924907531409 11 "HSC-SSP Public Data Release 4 (Wide)" 37.83472437226976 1.8759693199295249 1800.0 1 L r 42823924907531409 620.2485 32.387524 742.1008 22.409687 3255.3232 42.223957 3488.266 49.093155 4681.8945 122.82428 nan nan nan nan nan nan nan nan nan nan nan nan 1e-07 1e-07 0.0 0.0 0.0 0.0 1
_Cos_42823924907531485 11 "HSC-SSP Public Data Release 4 (Wide)" 37.69421742619179 1.8800431096021042 1800.0 1 L r 42823924907531485 630.7582 18.249914 857.2249 28.614908 952.1525 28.767824 998.5038 41.751183 1364.6263 102.81737 nan nan nan nan nan nan nan nan nan nan nan nan 1e-07 1e-07 0.0 0.0 0.0 0.0 1
_Cos_42823924907531699 11 "HSC-SSP Public Data Release 4 (Wide)" 37.747254693909476 1.881969869095051 1800.0 1 L r 42823924907531699 847.5807 27.56053 968.4619 29.225153 1114.4 34.237083 1512.3734 56.77986 2250.5215 139.23663 nan nan nan nan nan nan nan nan nan nan nan nan 1e-07 1e-07 0.0 0.0 0.0 0.0 1
_Cos_42823924907532320 11 "HSC-SSP Public Data Release 4 (Wide)" 37.76672322740017 1.895638732683158 1800.0 1 L r 42823924907532320 721.3996 30.349009 887.0788 35.66336 980.75415 44.26557 908.9247 69.50086 701.75476 207.04097 nan nan nan nan nan nan nan nan nan nan nan nan 1e-07 1e-07 0.0 0.0 0.0 0.0 1
_Cos_42823924907532382 11 "HSC-SSP Public Data Release 4 (Wide)" 37.781027731597206 1.8973867268749272 1800.0 1 L r 42823924907532382 873.9163 29.8642 1084.2753 39.541798 1313.488 52.64928 1459.3761 73.56863 2804.2642 214.17291 nan nan nan nan nan nan nan nan nan nan nan nan 1e-07 1e-07 0.0 0.0 0.0 0.0 1
_Cos_42824053756532176 11 "HSC-SSP Public Data Release 4 (Wide)" 37.609037260484904 1.5198808305052969 1800.0 1 L r 42824053756532176 763.5703 25.998104 1049.5746 35.98102 2132.2344 34.486855 2577.8157 55.07014 2976.7666 161.30267 nan nan nan nan nan nan nan nan nan nan nan nan 1e-07 1e-07 0.0 0.0 0.0 0.0 1
_Cos_42824053756532647 11 "HSC-SSP Public Data Release 4 (Wide)" 37.51936617253097 1.5291644574458005 1800.0 1 L r 42824053756532647 722.161 23.70687 942.17175 36.279224 1002.0883 34.12481 1398.0353 57.11562 1789.9059 192.21506 nan nan nan nan nan nan nan nan nan nan nan nan 1e-07 1e-07 0.0 0.0 0.0 0.0 1
_Cos_42824053756532856 11 "HSC-SSP Public Data Release 4 (Wide)" 37.574049773398364 1.5332585864257928 1800.0 1 L r 42824053756532856 579.5123 23.683619 671.50867 38.36817 1019.61597 36.938923 1349.149 61.27552 1632.577 149.78667 nan nan nan nan nan nan nan nan nan nan nan nan 1e-07 1e-07 0.0 0.0 0.0 0.0 1
_Cos_42824053756533016 11 "HSC-SSP Public Data Release 4 (Wide)" 37.61730481072306 1.5362863084893374 1800.0 1 L r 42824053756533016 783.29376 25.870346 853.60834 33.048367 1210.4291 41.7941 967.49115 54.02662 1190.4391 153.181 nan nan nan nan nan nan nan nan nan nan nan nan 1e-07 1e-07 0.0 0.0 0.0 0.0 1
_Cos_42824053756534234 11 "HSC-SSP Public Data Release 4 (Wide)" 37.53424544875981 1.5610017881372993 1800.0 1 L r 42824053756534234 639.2098 27.293476 761.6287 32.70884 1386.813 40.521423 2097.0837 58.57992 2418.0757 173.29208 nan nan nan nan nan nan nan nan nan nan nan nan 1e-07 1e-07 0.0 0.0 0.0 0.0 1
_Cos_42824053756548344 11 "HSC-SSP Public Data Release 4 (Wide)" 37.54037433637758 1.4888608277533415 1800.0 1 L r 42824053756548344 462.9029 33.134003 505.37064 43.41838 1555.4132 63.344505 1374.2423 153.85077 1440.0731 187.69559 nan nan nan nan nan nan nan nan nan nan nan nan 1e-07 1e-07 0.0 0.0 0.0 0.0 1
_Cos_42824053756548837 11 "HSC-SSP Public Data Release 4 (Wide)" 37.574080393860385 1.4992571189821358 1800.0 1 L r 42824053756548837 1045.2318 27.127806 1300.5565 44.586334 1292.6947 36.366863 1322.104 51.934494 1429.4578 142.01724 nan nan nan nan nan nan nan nan nan nan nan nan 1e-07 1e-07 0.0 0.0 0.0 0.0 1
_Cos_42824053756549049 11 "HSC-SSP Public Data Release 4 (Wide)" 37.55973188302048 1.5067715645284898 1800.0 1 L r 42824053756549049 1043.8351 32.972366 1128.9655 36.432735 1159.6765 31.071823 1280.4758 57.691917 11677.252 619.7452 nan nan nan nan nan nan nan nan nan nan nan nan 1e-07 1e-07 0.0 0.0 0.0 0.0 1
_Cos_42824053756549180 11 "HSC-SSP Public Data Release 4 (Wide)" 37.5262795179046 1.5068478051981087 1800.0 1 L r 42824053756549180 419.35507 24.000654 433.42065 31.918879 965.879 33.24622 1237.1866 56.27178 1250.8068 119.737686 nan nan nan nan nan nan nan nan nan nan nan nan 1e-07 1e-07 0.0 0.0 0.0 0.0 1
_Cos_42824053756549335 11 "HSC-SSP Public Data Release 4 (Wide)" 37.65432726907768 1.50907472440208 1800.0 1 L r 42824053756549335 1107.2505 46.710426 1509.9841 82.524765 1484.3207 49.332905 2616.9045 67.90454 2292.3604 188.27702 nan nan nan nan nan nan nan nan nan nan nan nan 1e-07 1e-07 0.0 0.0 0.0 0.0 1
_Cos_42824053756549653 11 "HSC-SSP Public Data Release 4 (Wide)" 37.51332640394159 1.5175144322592915 1800.0 1 L r 42824053756549653 754.32227 23.858515 930.5384 39.896515 1050.6656 35.22109 1344.63 61.531788 2045.9374 209.54553 nan nan nan nan nan nan nan nan nan nan nan nan 1e-07 1e-07 0.0 0.0 0.0 0.0 1
_Cos_42824053756550539 11 "HSC-SSP Public Data Release 4 (Wide)" 37.64250538219385 1.5365650119530085 1800.0 1 L r 42824053756550539 1165.0491 26.60886 1380.9175 46.553246 1859.923 29.78955 2210.751 44.745533 2207.0486 110.526665 nan nan nan nan nan nan nan nan nan nan nan nan 1e-07 1e-07 0.0 0.0 0.0 0.0 1
_Cos_42824053756550598 11 "HSC-SSP Public Data Release 4 (Wide)" 37.48479924894434 1.5364284908237187 1800.0 1 L r 42824053756550598 1233.2097 20.16697 1378.578 28.969536 1760.4608 24.621466 1962.4128 44.912216 3410.4033 133.90431 nan nan nan nan nan nan nan nan nan nan nan nan 1e-07 1e-07 0.0 0.0 0.0 0.0 1
_Cos_42824053756551408 11 "HSC-SSP Public Data Release 4 (Wide)" 37.56778283172016 1.5536537400958401 1800.0 1 L r 42824053756551408 693.66736 24.723694 1111.5187 33.276302 2061.499 36.82295 3298.352 88.518074 2067.2927 158.96936 nan nan nan nan nan nan nan nan nan nan nan nan 1e-07 1e-07 0.0 0.0 0.0 0.0 1
_Cos_42824053756552050 11 "HSC-SSP Public Data Release 4 (Wide)" 37.5141479017666 1.5666138599198145 1800.0 1 L r 42824053756552050 601.40155 30.719526 814.17926 46.927193 1725.7916 54.405087 2577.362 119.66708 1371.9796 183.27684 nan nan nan nan nan nan nan nan nan nan nan nan 1e-07 1e-07 0.0 0.0 0.0 0.0 1
_Cos_42824053756552364 11 "HSC-SSP Public Data Release 4 (Wide)" 37.642041846034346 1.5729261897922955 1800.0 1 L r 42824053756552364 1044.7617 44.664104 1194.7947 73.65826 1218.0264 53.072037 1596.5441 102.19191 2204.0415 196.2231 nan nan nan nan nan nan nan nan nan nan nan nan 1e-07 1e-07 0.0 0.0 0.0 0.0 1
_Cos_42824053756552475 11 "HSC-SSP Public Data Release 4 (Wide)" 37.62053908060465 1.576040807643746 1800.0 1 L r 42824053756552475 1468.5658 24.072218 1682.628 44.964172 2021.5345 43.088585 2362.2314 80.62747 3934.702 167.29756 nan nan nan nan nan nan nan nan nan nan nan nan 1e-07 1e-07 0.0 0.0 0.0 0.0 1
_Cos_42824058051495083 11 "HSC-SSP Public Data Release 4 (Wide)" 37.63392219547776 1.597283406370432 1800.0 1 L r 42824058051495083 485.6699 26.754436 482.6801 37.700397 1057.5221 31.822603 1025.0902 51.433422 1449.042 147.9673 nan nan nan nan nan nan nan nan nan nan nan nan 1e-07 1e-07 0.0 0.0 0.0 0.0 1
_Cos_42824058051495171 11 "HSC-SSP Public Data Release 4 (Wide)" 37.530687544809474 1.5987485900228442 1800.0 1 L r 42824058051495171 583.38464 27.592476 655.62665 49.54382 1274.069 66.4551 1626.0614 101.521065 1599.5151 227.12273 nan nan nan nan nan nan nan nan nan nan nan nan 1e-07 1e-07 0.0 0.0 0.0 0.0 1
_Cos_42824058051496269 11 "HSC-SSP Public Data Release 4 (Wide)" 37.596710766062294 1.6209748709706433 1800.0 1 L r 42824058051496269 423.83044 27.209406 586.18066 36.76914 1304.8955 42.664238 1841.2277 67.725426 1959.4879 171.7999 nan nan nan nan nan nan nan nan nan nan nan nan 1e-07 1e-07 0.0 0.0 0.0 0.0 1
_Cos_42824058051496376 11 "HSC-SSP Public Data Release 4 (Wide)" 37.64011571525951 1.6228632116200128 1800.0 1 L r 42824058051496376 415.47385 29.792889 515.93713 36.873077 1109.7601 36.752113 1376.28 59.695545 1415.3947 136.21434 nan nan nan nan nan nan nan nan nan nan nan nan 1e-07 1e-07 0.0 0.0 0.0 0.0 1
_Cos_42824058051515203 11 "HSC-SSP Public Data Release 4 (Wide)" 37.60934554361798 1.5961118079320764 1800.0 1 L r 42824058051515203 422.12714 24.404442 487.22955 42.277798 1066.2372 44.785004 1601.6313 72.45786 2317.9526 196.6225 nan nan nan nan nan nan nan nan nan nan nan nan 1e-07 1e-07 0.0 0.0 0.0 0.0 1
_Cos_42824058051515337 11 "HSC-SSP Public Data Release 4 (Wide)" 37.58780874328743 1.5999018162456768 1800.0 1 L r 42824058051515337 545.0804 25.614368 646.5855 38.856388 950.8482 33.77748 1255.4889 55.94189 942.7633 120.44665 nan nan nan nan nan nan nan nan nan nan nan nan 1e-07 1e-07 0.0 0.0 0.0 0.0 1
_Cos_42824058051515418 11 "HSC-SSP Public Data Release 4 (Wide)" 37.5562489705915 1.6019107160963688 1800.0 1 L r 42824058051515418 584.4822 21.477633 602.7576 39.028126 967.0486 28.509745 1378.7051 49.630898 2269.5215 165.43892 nan nan nan nan nan nan nan nan nan nan nan nan 1e-07 1e-07 0.0 0.0 0.0 0.0 1
_Cos_42824058051515989 11 "HSC-SSP Public Data Release 4 (Wide)" 37.549694570377746 1.6144341146545336 1800.0 1 L r 42824058051515989 506.87634 24.651386 659.70856 28.499464 1303.5153 30.480757 2184.3335 55.85818 2423.8254 152.77173 nan nan nan nan nan nan nan nan nan nan nan nan 1e-07 1e-07 0.0 0.0 0.0 0.0 1
_Cos_42824058051516274 11 "HSC-SSP Public Data Release 4 (Wide)" 37.62066955392329 1.618321784529425 1800.0 1 L r 42824058051516274 862.7727 23.074945 908.2328 28.569336 1109.7855 36.311085 1522.9648 70.89808 1537.5247 132.49382 nan nan nan nan nan nan nan nan nan nan nan nan 1e-07 1e-07 0.0 0.0 0.0 0.0 1
_Cos_42824058051516340 11 "HSC-SSP Public Data Release 4 (Wide)" 37.566755285178864 1.6183521694982712 1800.0 1 L r 42824058051516340 848.2989 24.187046 1011.92896 35.518497 1485.4441 38.00875 2076.4084 65.43507 1759.9486 128.28291 nan nan nan nan nan nan nan nan nan nan nan nan 1e-07 1e-07 0.0 0.0 0.0 0.0 1
_Cos_42824058051517127 11 "HSC-SSP Public Data Release 4 (Wide)" 37.63133232156738 1.6361172217294129 1800.0 1 L r 42824058051517127 455.3807 27.286219 638.21545 36.815937 1341.1084 32.91093 1715.4841 51.05911 1808.5908 129.45468 nan nan nan nan nan nan nan nan nan nan nan nan 1e-07 1e-07 0.0 0.0 0.0 0.0 1
