output/Jan25/final/field_e_L3_visit2_final_targets.ecsv
# %ECSV 1.0
# ---
# datatype:
# - {name: ob_code, datatype: string}
# - {name: catId, datatype: int32}
# - {name: description, datatype: string}
# - {name: ra, datatype: float64}
# - {name: dec, datatype: float64}
# - {name: exptime, datatype: float64}
# - {name: priority, datatype: int32}
# - {name: resolution, datatype: string}
# - {name: reference_arm, datatype: string}
# - {name: obj_id, datatype: int64}
# - {name: g_hsc, datatype: float64}
# - {name: g_hsc_err, datatype: float64}
# - {name: r2_hsc, datatype: float64}
# - {name: r2_hsc_err, datatype: float64}
# - {name: i2_hsc, datatype: float64}
# - {name: i2_hsc_err, datatype: float64}
# - {name: z_hsc, datatype: float64}
# - {name: z_hsc_err, datatype: float64}
# - {name: y_hsc, datatype: float64}
# - {name: y_hsc_err, datatype: float64}
# - {name: epoch, datatype: float64}
# - {name: input_catalog_id, datatype: float64}
# - {name: psf_flux_g, datatype: float64}
# - {name: psf_flux_error_g, datatype: float64}
# - {name: psf_flux_r, datatype: float64}
# - {name: psf_flux_error_r, datatype: float64}
# - {name: psf_flux_i, datatype: float64}
# - {name: psf_flux_error_i, datatype: float64}
# - {name: psf_flux_z, datatype: float64}
# - {name: psf_flux_error_z, datatype: float64}
# - {name: psf_flux_y, datatype: float64}
# - {name: psf_flux_error_y, datatype: float64}
# - {name: parallax, datatype: float64}
# - {name: parallax_error, datatype: float64}
# - {name: pmra, datatype: float64}
# - {name: pmra_error, datatype: float64}
# - {name: pmdec, datatype: float64}
# - {name: pmdec_error, datatype: float64}
# - {name: target_type, datatype: int32}
# schema: astropy-2.0
ob_code catId description ra dec exptime priority resolution reference_arm obj_id g_hsc g_hsc_err r2_hsc r2_hsc_err i2_hsc i2_hsc_err z_hsc z_hsc_err y_hsc y_hsc_err epoch input_catalog_id psf_flux_g psf_flux_error_g psf_flux_r psf_flux_error_r psf_flux_i psf_flux_error_i psf_flux_z psf_flux_error_z psf_flux_y psf_flux_error_y parallax parallax_error pmra pmra_error pmdec pmdec_error target_type
[from data line 1336]
_Star_3078650493556446464 3006 Fstar_v3.3 129.1599457403617 1.3775676988484522 1800.0 1 L r 3078650493556446464 nan nan nan nan nan nan nan nan nan nan 2016.0 3006.0 19512.21 338.1 26562.35 448.27 31013.18 580.74 31179.3 750.73 36777.87 3395.94 -1.2679270095575876 0.76986736 -2.7114649953090484 0.7805861 -0.3995614716562875 0.5142694999999999 3
_Star_3078650356117489792 3006 Fstar_v3.3 129.2091743433707 1.3726527044362984 1800.0 1 L r 3078650356117489792 nan nan nan nan nan nan nan nan nan nan 2016.0 3006.0 56899.19 520.6 82692.56 614.1 95285.43 805.73 99491.6 889.23 103969.62 1732.39 -0.0388889937412772 0.23980087 -2.1433698035934 0.24833296 -2.3009996106471537 0.18296275 3
_Star_3078543119374781440 3006 Fstar_v3.3 129.27245938729504 1.26738240340884 1800.0 1 L r 3078543119374781440 nan nan nan nan nan nan nan nan nan nan 2016.0 3006.0 346821.41 1058.29 489447.51 1269.45 553281.72 1270.41 563983.21 2651.78 595040.48 4964.81 0.4144987212824191 0.07746105 -3.789194969265884 0.07813127 -1.351574241965873 0.059109055 3
_Star_3078637097554251776 3006 Fstar_v3.3 129.30709868772405 1.2967781531699083 1800.0 1 L r 3078637097554251776 nan nan nan nan nan nan nan nan nan nan 2016.0 3006.0 149247.27 700.92 197527.03 643.67 221894.27 776.21 227334.98 1623.98 231220.5 3625.04 0.3253707362902517 0.13154215 -2.723139634627989 0.13450512 -2.9771860229228766 0.09495191 3
_Star_3078638609383628928 3006 Fstar_v3.3 129.29529615619515 1.3540868541107036 1800.0 1 L r 3078638609383628928 nan nan nan nan nan nan nan nan nan nan 2016.0 3006.0 47769.01 461.92 65142.76 490.49 71283.1 502.98 70994.79 2276.11 72675.26 983.43 -0.3140855928003208 0.2739024 -1.6827135647330382 0.29525605 -3.639179207180861 0.22162898 3
_Star_3078637917892189696 3006 Fstar_v3.3 129.32808325756557 1.3499669440797666 1800.0 1 L r 3078637917892189696 nan nan nan nan nan nan nan nan nan nan 2016.0 3006.0 81708.31 628.01 109291.43 669.3 121357.46 913.31 121022.57 1207.84 126132.2 1287.07 0.2191532545061089 0.20659077 -2.2831803897974727 0.21927236 0.4384907752704456 0.17737648 3
_Star_3078346100635262464 3006 Fstar_v3.3 129.41897557224243 1.0650607184651768 1800.0 1 L r 3078346100635262464 nan nan nan nan nan nan nan nan nan nan 2016.0 3006.0 35683.4 615.18 45204.97 423.97 50912.74 616.26 51897.49 1152.63 58757.91 2271.98 0.3184345110469331 0.39003164 0.5790939054914089 0.4470272 -2.9561318670489745 0.31340867 3
_Star_3078444300767670784 3006 Fstar_v3.3 129.49498902770338 1.1898407306401324 1800.0 1 L r 3078444300767670784 nan nan nan nan nan nan nan nan nan nan 2016.0 3006.0 71585.66 752.95 77158.9 773.27 75981.26 919.13 74354.34 743.24 71678.03 1881.51 0.1427391737564424 0.25726828 -0.8366136312684875 0.27921095 0.156272117766986 0.21883634 3
_Star_3078439490404281728 3006 Fstar_v3.3 129.56111553682965 1.1058840362999338 1800.0 1 L r 3078439490404281728 nan nan nan nan nan nan nan nan nan nan 2016.0 3006.0 45480.57 508.83 62010.67 531.45 70078.71 485.76 69577.12 1450.52 88199.54 8845.17 0.2250982390165192 0.30593818 -1.3635435189031155 0.41279113 0.3654211791619675 0.28543478 3
_Star_3078445434639048448 3006 Fstar_v3.3 129.4265322793301 1.2343186441534786 1800.0 1 L r 3078445434639048448 nan nan nan nan nan nan nan nan nan nan 2016.0 3006.0 32129.69 435.01 41345.34 506.2 46407.27 813.44 45749.5 898.61 51840.17 1010.51 0.8037987823519481 0.40077955 -0.0016249224427054 0.4283598 -3.0854994140062395 0.34076697 3
_Star_3078635031674146688 3006 Fstar_v3.3 129.4405314875823 1.2950395545689537 1800.0 1 L r 3078635031674146688 nan nan nan nan nan nan nan nan nan nan 2016.0 3006.0 85582.8 562.34 113226.06 791.84 126283.41 854.31 126527.9 1319.89 128785.22 3974.93 -0.1145994933278379 0.20282988 -1.3731337469445275 0.2119448 -0.1733984411040927 0.17788175 3
_Star_3078634756796235008 3006 Fstar_v3.3 129.4687823485709 1.2784606045675306 1800.0 1 L r 3078634756796235008 nan nan nan nan nan nan nan nan nan nan 2016.0 3006.0 164917.42 747.02 213710.6 1160.73 234501.64 850.98 233360.01 1751.7 237523.28 5832.55 0.211298663993279 0.119273044 -1.8688765096364268 0.12777196 -0.0190726905533085 0.10652021 3
_Star_3078447221345454336 3006 Fstar_v3.3 129.49051523264214 1.2918559856192855 1800.0 1 L r 3078447221345454336 nan nan nan nan nan nan nan nan nan nan 2016.0 3006.0 142871.83 1670.01 192888.46 958.64 212024.46 1326.16 217483.57 1292.4 224339.67 1970.37 0.3700906560012772 0.12652011 -1.258526851677198 0.13340706 0.9994274819931458 0.108803004 3
_Star_3078636199905266048 3006 Fstar_v3.3 129.38456024766322 1.3400952641108226 1800.0 1 L r 3078636199905266048 nan nan nan nan nan nan nan nan nan nan 2016.0 3006.0 30154.09 573.23 40214.86 563.96 45109.3 576.38 45321.7 1496.19 50218.81 1229.5 -0.1128560702831546 0.45021483 -1.2184643732656864 0.45885447 -0.4115154546546001 0.3612720999999999 3
_Star_3078639326641477504 3006 Fstar_v3.3 129.41146904600254 1.379279485892165 1800.0 1 L r 3078639326641477504 nan nan nan nan nan nan nan nan nan nan 2016.0 3006.0 26687.42 317.25 36397.05 487.32 41862.57 583.56 40699.22 1210.66 46168.53 775.32 -0.6711908146790364 0.5196869000000001 -1.1605425648151129 0.58468676 0.9146752027439432 0.42716086 3
_Star_3078636715301362304 3006 Fstar_v3.3 129.44339505262946 1.380640129828352 1800.0 1 L r 3078636715301362304 nan nan nan nan nan nan nan nan nan nan 2016.0 3006.0 46497.11 550.78 61114.78 483.8 67668.42 527.14 67487.97 1104.87 71460.52 2462.56 0.6046919941341118 0.29680243 -1.4705119196948508 0.31485888 0.6247182255379359 0.25246274 3
_Star_3078636509142927104 3006 Fstar_v3.3 129.45769532959451 1.371650191276491 1800.0 1 L r 3078636509142927104 nan nan nan nan nan nan nan nan nan nan 2016.0 3006.0 56289.34 551.47 72008.95 682.33 77180.32 712.49 76754.94 891.17 81482.84 1472.53 0.2805186317982933 0.25679004 -1.4107843178568429 0.27354372 -0.1497111898104041 0.2297015 3
_Star_3078636444720120576 3006 Fstar_v3.3 129.47327188521697 1.3606225631087494 1800.0 1 L r 3078636444720120576 nan nan nan nan nan nan nan nan nan nan 2016.0 3006.0 46810.85 594.16 62728.66 466.53 67487.97 900.56 70389.26 931.88 71684.7 1129.8 -0.7778271387236657 0.29824796 -0.9807337920289304 0.33369702 0.081019500736206 0.29314983 3
_Star_3078635787588418048 3006 Fstar_v3.3 129.49222380924277 1.3641922486272304 1800.0 1 L r 3078635787588418048 nan nan nan nan nan nan nan nan nan nan 2016.0 3006.0 158498.95 1167.72 207943.97 982.71 226207.18 894.42 230603.51 1037.76 236889.88 1775.14 0.1086914267044999 0.12705372 2.370813397405565 0.13934474 -7.538212242902559 0.11424695 3
_Star_3078636612222146944 3006 Fstar_v3.3 129.48289475931088 1.3798001092777692 1800.0 1 L r 3078636612222146944 nan nan nan nan nan nan nan nan nan nan 2016.0 3006.0 96522.03 1359.64 125333.28 524.2 138275.74 652.45 137248.17 1334.01 141535.83 2778.74 0.3261303730465527 0.17475134 -2.654416557390411 0.18883133 -0.4114669758655979 0.15085007 3
_Star_3078446602870161152 3006 Fstar_v3.3 129.59328734063874 1.2779545759219535 1800.0 1 L r 3078446602870161152 nan nan nan nan nan nan nan nan nan nan 2016.0 3006.0 447822.55 3306.69 594821.0 1849.0 664333.06 1623.3 676061.6 4056.11 679057.56 3172.83 0.2567506848776749 0.06559098 -1.586889396152234 0.0685307159999999 0.6378416638420888 0.05704671 3
_Star_3078453685270579840 3006 Fstar_v3.3 129.5617991968916 1.3365878115525625 1800.0 1 L r 3078453685270579840 nan nan nan nan nan nan nan nan nan nan 2016.0 3006.0 82768.72 492.31 109957.76 440.75 125010.48 755.89 128619.27 1089.38 124539.21 1152.1 0.2490873168848928 0.18596323 10.000518843994428 0.20473608 -1.8590461623384056 0.16907944 3
_Star_3078447534877412224 3006 Fstar_v3.3 129.5690851105928 1.3097043962508448 1800.0 1 L r 3078447534877412224 nan nan nan nan nan nan nan nan nan nan 2016.0 3006.0 567945.28 878.8 773937.53 1871.87 875842.47 1525.43 888517.69 1963.23 900463.15 13875.15 0.2265711545078088 0.055920634 0.3677309471199209 0.059278466 -9.099579861219418 0.046963733 3
_Star_3078453410392672256 3006 Fstar_v3.3 129.58429975038342 1.3303335882650589 1800.0 1 L r 3078453410392672256 nan nan nan nan nan nan nan nan nan nan 2016.0 3006.0 193796.69 837.49 259147.16 1192.7 286963.02 872.99 293322.85 1092.53 301318.98 3101.34 0.0046354579401438 0.10865203 -1.351326589213878 0.11339798 0.3865015659388416 0.09163007 3
_Star_3078452615824381696 3006 Fstar_v3.3 129.6108625316571 1.3147215586126135 1800.0 1 L r 3078452615824381696 nan nan nan nan nan nan nan nan nan nan 2016.0 3006.0 27409.83 285.6 35798.62 315.94 39382.76 509.89 42684.11 950.99 45263.29 2330.21 0.2417065763201165 0.42950553 0.508477274043781 0.5193013 -3.5542885479293065 0.39571464 3
_Star_3078453753990055168 3006 Fstar_v3.3 129.5961987148988 1.350997271903568 1800.0 1 L r 3078453753990055168 nan nan nan nan nan nan nan nan nan nan 2016.0 3006.0 282115.0 1209.8 385537.06 1057.82 430592.51 1642.68 443145.02 2464.01 462238.74 4552.84 0.2450742022125301 0.08801912 -1.4273145892162566 0.09167745 -1.4735340740116027 0.07309932 3
_Star_3078453577897061376 3006 Fstar_v3.3 129.6142617631078 1.3512577550217997 1800.0 1 L r 3078453577897061376 nan nan nan nan nan nan nan nan nan nan 2016.0 3006.0 224505.25 684.85 252525.98 898.94 251829.13 1528.51 243773.36 1722.1 242966.6 2246.98 0.0998875741462248 0.10604599 1.5888895716024407 0.111408606 -7.326342537957128 0.0903863 3
_Star_3078449832684456064 3006 Fstar_v3.3 129.69301444075924 1.3124801193240292 1800.0 1 L r 3078449832684456064 nan nan nan nan nan nan nan nan nan nan 2016.0 3006.0 143597.26 782.7 191966.95 622.36 214736.86 794.28 221078.35 1839.31 219495.97 6431.42 0.3488955054685959 0.13824882 -2.6869176435060527 0.15376051 -5.604329919544488 0.121060595 3
_Star_3078454716063575552 3006 Fstar_v3.3 129.69809401479802 1.3729912967440676 1800.0 1 L r 3078454716063575552 nan nan nan nan nan nan nan nan nan nan 2016.0 3006.0 25929.01 442.14 34086.81 545.36 36988.45 549.07 42810.12 1353.03 38774.52 1201.52 -0.2882579635576947 0.57748896 0.0052699105959689 0.6837977 -1.5230709755826148 0.5013307 3
_Star_3078651730507063296 3006 Fstar_v3.3 129.14409287470852 1.4368105105448945 1800.0 1 L r 3078651730507063296 nan nan nan nan nan nan nan nan nan nan 2016.0 3006.0 136907.19 1175.09 168091.58 604.56 178462.17 566.25 175835.36 1568.49 177152.14 2193.89 0.1510072202830884 0.14334276 -0.986362484370244 0.15370943 -0.2448893190276366 0.10965732 3
_Star_3078656407728121088 3006 Fstar_v3.3 129.12509822274708 1.5289181533238538 1800.0 1 L r 3078656407728121088 nan nan nan nan nan nan nan nan nan nan 2016.0 3006.0 22685.39 354.05 28017.3 660.22 32426.94 1625.71 33958.31 1072.23 32251.22 3595.61 0.1306567330529354 0.54490215 -0.145661142725804 0.6544594 -1.248917293255611 0.45459172 3
_Star_3078655269560160000 3006 Fstar_v3.3 129.19407368856054 1.4929628151789949 1800.0 1 L r 3078655269560160000 nan nan nan nan nan nan nan nan nan nan 2016.0 3006.0 63689.25 752.26 84144.63 736.64 92560.68 1384.4 89996.66 2144.03 98470.57 1254.04 0.3035910231994964 0.27110592 -0.1725814680540637 0.3457097 -5.7296748227768015 0.20664851 3
_Star_3078640739687426304 3006 Fstar_v3.3 129.322991980079 1.4419497723580548 1800.0 1 L r 3078640739687426304 nan nan nan nan nan nan nan nan nan nan 2016.0 3006.0 31320.34 692.5 39901.22 549.12 45022.13 449.21 43569.9 765.91 47808.64 1113.56 0.4611364800006086 0.40486246 0.5796345401506817 0.49048132 -2.4171815304708995 0.3572899 3
_Star_3078653104896640128 3006 Fstar_v3.3 129.34326016432402 1.4896711870820714 1800.0 1 L r 3078653104896640128 nan nan nan nan nan nan nan nan nan nan 2016.0 3006.0 93822.4 638.94 130144.59 685.88 146226.66 622.76 150586.47 1522.6 152695.47 1271.37 -0.0366521227875331 0.16727577 -2.8408281499069865 0.18808769 -0.8928940553466665 0.15070088 3
_Star_3078653143551675520 3006 Fstar_v3.3 129.36098018816642 1.5019980004143216 1800.0 1 L r 3078653143551675520 nan nan nan nan nan nan nan nan nan nan 2016.0 3006.0 18162.94 487.47 24451.53 1078.04 25415.93 746.65 24113.82 1900.97 28590.78 1694.43 -1.6708662580433198 0.7068846 -1.4174384856618856 0.8686367 0.8332401345700946 0.60041916 3
_Star_3078703648072378112 3006 Fstar_v3.3 129.1045340517907 1.5708575440921462 1800.0 1 L r 3078703648072378112 nan nan nan nan nan nan nan nan nan nan 2016.0 3006.0 61481.77 490.56 80765.57 470.5 89434.79 592.92 87552.1 867.27 88402.9 1916.59 0.0111350545982872 0.2640134 -0.6381967864033866 0.28611037 -0.0327228488346966 0.18166752 3
_Star_3078658812908890880 3006 Fstar_v3.3 129.200681561626 1.6168154775603882 1800.0 1 L r 3078658812908890880 nan nan nan nan nan nan nan nan nan nan 2016.0 3006.0 538352.33 1733.46 746838.38 2179.84 831355.04 2359.14 852601.63 3148.95 890647.73 2802.2 0.34572156902106 0.059086163 8.136385177582937 0.06862349 -26.34865010174456 0.045885324 3
_Star_3078707225780133632 3006 Fstar_v3.3 129.12122214388137 1.6994878793024488 1800.0 1 L r 3078707225780133632 nan nan nan nan nan nan nan nan nan nan 2016.0 3006.0 20218.37 412.99 24915.32 549.03 26017.53 397.91 28667.28 704.82 32304.75 3123.28 0.2174446244917572 0.6224599000000001 -1.504724229548832 0.64565545 -3.3805312912067387 0.5729073 3
_Star_3078712272366814848 3006 Fstar_v3.3 129.24028960720685 1.68384417419532 1800.0 1 L r 3078712272366814848 nan nan nan nan nan nan nan nan nan nan 2016.0 3006.0 162086.28 1022.32 219799.26 819.49 246709.82 1417.68 257481.76 1738.07 254417.08 2115.5 0.2929097328901913 0.12633182 3.0114825211975624 0.14221796 -5.758157666741571 0.10660748 3
_Star_3078665508762918656 3006 Fstar_v3.3 129.2790834905666 1.7067350573450533 1800.0 1 L r 3078665508762918656 nan nan nan nan nan nan nan nan nan nan 2016.0 3006.0 230752.23 904.53 316917.71 786.07 356177.07 1238.07 363668.79 2009.37 363401.2 1850.58 0.2334511850885429 0.10969161 -2.21183304845177 0.12684119 -0.0402815188248081 0.0999838 3
_Star_3078666780073232640 3006 Fstar_v3.3 129.35443225536474 1.70172038458377 1800.0 1 L r 3078666780073232640 nan nan nan nan nan nan nan nan nan nan 2016.0 3006.0 20131.04 416.57 26188.25 663.48 27046.21 546.14 27465.41 881.69 30768.49 1660.12 0.5802236858349694 0.7424979 -0.0103820891220332 0.80008096 -3.475781080294826 0.62821436 3
_Star_3078640052491787648 3006 Fstar_v3.3 129.38091392920705 1.41774320266967 1800.0 1 L r 3078640052491787648 nan nan nan nan nan nan nan nan nan nan 2016.0 3006.0 568520.26 1166.12 795840.36 2204.12 904869.93 1395.14 922371.79 1828.2 958222.52 6897.17 0.3417521598973465 0.059774183 -5.287750484979076 0.0724478 -0.2849514769589917 0.05685383 3
_Star_3078640185634972672 3006 Fstar_v3.3 129.40075102517224 1.438561516861624 1800.0 1 L r 3078640185634972672 nan nan nan nan nan nan nan nan nan nan 2016.0 3006.0 34149.62 438.74 45677.95 526.18 49338.49 565.53 49854.72 1208.79 53864.94 2677.93 -0.2209678718728806 0.37768143 -0.7289097510372096 0.41422504 -2.6189428419104 0.3190539 3
_Star_3078639915052780032 3006 Fstar_v3.3 129.43093521870568 1.417112470695476 1800.0 1 L r 3078639915052780032 nan nan nan nan nan nan nan nan nan nan 2016.0 3006.0 284463.46 1465.37 377768.69 1272.41 418048.05 1179.75 411857.1 2535.09 423122.45 3890.87 0.1916856721783881 0.084539875 -1.8167160209825923 0.089319 1.1261752773867075 0.07404184 3
_Star_3078642457673448192 3006 Fstar_v3.3 129.50596746713026 1.3819668374227263 1800.0 1 L r 3078642457673448192 nan nan nan nan nan nan nan nan nan nan 2016.0 3006.0 338023.1 1168.74 496576.17 1006.66 573464.41 2280.68 594821.0 2171.68 620106.72 3851.76 0.3268118143691512 0.07779392 -1.8158086660770605 0.08679564 1.1978434088521932 0.0700643059999999 3
_Star_3078643415450398464 3006 Fstar_v3.3 129.55581474612353 1.4639084683226182 1800.0 1 L r 3078643415450398464 nan nan nan nan nan nan nan nan nan nan 2016.0 3006.0 52281.27 809.06 65076.76 702.47 68433.16 466.1 66024.7 1207.28 72588.24 3845.17 0.4152147417512508 0.26676887 1.3514267787672558 0.28726563 -2.7589206526315 0.24639437 3
