output/Jan25/final/field_e_L3_visit2_final_targets.ecsv
# %ECSV 1.0
# ---
# datatype:
# - {name: ob_code, datatype: string}
# - {name: catId, datatype: int32}
# - {name: description, datatype: string}
# - {name: ra, datatype: float64}
# - {name: dec, datatype: float64}
# - {name: exptime, datatype: float64}
# - {name: priority, datatype: int32}
# - {name: resolution, datatype: string}
# - {name: reference_arm, datatype: string}
# - {name: obj_id, datatype: int64}
# - {name: g_hsc, datatype: float64}
# - {name: g_hsc_err, datatype: float64}
# - {name: r2_hsc, datatype: float64}
# - {name: r2_hsc_err, datatype: float64}
# - {name: i2_hsc, datatype: float64}
# - {name: i2_hsc_err, datatype: float64}
# - {name: z_hsc, datatype: float64}
# - {name: z_hsc_err, datatype: float64}
# - {name: y_hsc, datatype: float64}
# - {name: y_hsc_err, datatype: float64}
# - {name: epoch, datatype: float64}
# - {name: input_catalog_id, datatype: float64}
# - {name: psf_flux_g, datatype: float64}
# - {name: psf_flux_error_g, datatype: float64}
# - {name: psf_flux_r, datatype: float64}
# - {name: psf_flux_error_r, datatype: float64}
# - {name: psf_flux_i, datatype: float64}
# - {name: psf_flux_error_i, datatype: float64}
# - {name: psf_flux_z, datatype: float64}
# - {name: psf_flux_error_z, datatype: float64}
# - {name: psf_flux_y, datatype: float64}
# - {name: psf_flux_error_y, datatype: float64}
# - {name: parallax, datatype: float64}
# - {name: parallax_error, datatype: float64}
# - {name: pmra, datatype: float64}
# - {name: pmra_error, datatype: float64}
# - {name: pmdec, datatype: float64}
# - {name: pmdec_error, datatype: float64}
# - {name: target_type, datatype: int32}
# schema: astropy-2.0
ob_code catId description ra dec exptime priority resolution reference_arm obj_id g_hsc g_hsc_err r2_hsc r2_hsc_err i2_hsc i2_hsc_err z_hsc z_hsc_err y_hsc y_hsc_err epoch input_catalog_id psf_flux_g psf_flux_error_g psf_flux_r psf_flux_error_r psf_flux_i psf_flux_error_i psf_flux_z psf_flux_error_z psf_flux_y psf_flux_error_y parallax parallax_error pmra pmra_error pmdec pmdec_error target_type
[from data line 1725]
_Sky_3296418657 2007 "Sky positions from PS1" 129.12759380060297 1.4430002946654206 1800.0 1 L r 3296418657 nan nan nan nan nan nan nan nan nan nan nan nan nan nan nan nan nan nan nan nan nan nan 1e-07 1e-07 0.0 0.0 0.0 0.0 2
_Sky_3296427297 2007 "Sky positions from PS1" 129.27561551604384 1.443972034068593 1800.0 1 L r 3296427297 nan nan nan nan nan nan nan nan nan nan nan nan nan nan nan nan nan nan nan nan nan nan 1e-07 1e-07 0.0 0.0 0.0 0.0 2
_Sky_3296441025 2007 "Sky positions from PS1" 129.28764820144016 1.4655320024963707 1800.0 1 L r 3296441025 nan nan nan nan nan nan nan nan nan nan nan nan nan nan nan nan nan nan nan nan nan nan 1e-07 1e-07 0.0 0.0 0.0 0.0 2
_Sky_3296426154 2007 "Sky positions from PS1" 129.34812886144528 1.4439210519153831 1800.0 1 L r 3296426154 nan nan nan nan nan nan nan nan nan nan nan nan nan nan nan nan nan nan nan nan nan nan 1e-07 1e-07 0.0 0.0 0.0 0.0 2
_Sky_3306415657 2007 "Sky positions from PS1" 129.27441256885072 1.531328179013276 1800.0 1 L r 3306415657 nan nan nan nan nan nan nan nan nan nan nan nan nan nan nan nan nan nan nan nan nan nan 1e-07 1e-07 0.0 0.0 0.0 0.0 2
_Sky_3306427812 2007 "Sky positions from PS1" 129.2993378087817 1.530716677612622 1800.0 1 L r 3306427812 nan nan nan nan nan nan nan nan nan nan nan nan nan nan nan nan nan nan nan nan nan nan 1e-07 1e-07 0.0 0.0 0.0 0.0 2
_Sky_3306413936 2007 "Sky positions from PS1" 129.3240399961962 1.5318887242406 1800.0 1 L r 3306413936 nan nan nan nan nan nan nan nan nan nan nan nan nan nan nan nan nan nan nan nan nan nan 1e-07 1e-07 0.0 0.0 0.0 0.0 2
_Sky_3306412255 2007 "Sky positions from PS1" 129.1114463818915 1.6376395676199218 1800.0 1 L r 3306412255 nan nan nan nan nan nan nan nan nan nan nan nan nan nan nan nan nan nan nan nan nan nan 1e-07 1e-07 0.0 0.0 0.0 0.0 2
_Sky_3306443022 2007 "Sky positions from PS1" 129.15055117839972 1.6176337806791614 1800.0 1 L r 3306443022 nan nan nan nan nan nan nan nan nan nan nan nan nan nan nan nan nan nan nan nan nan nan 1e-07 1e-07 0.0 0.0 0.0 0.0 2
_Sky_3306424409 2007 "Sky positions from PS1" 129.18653787982953 1.5957220742877791 1800.0 1 L r 3306424409 nan nan nan nan nan nan nan nan nan nan nan nan nan nan nan nan nan nan nan nan nan nan 1e-07 1e-07 0.0 0.0 0.0 0.0 2
_Sky_3306417424 2007 "Sky positions from PS1" 129.17645080873086 1.6157717855960705 1800.0 1 L r 3306417424 nan nan nan nan nan nan nan nan nan nan nan nan nan nan nan nan nan nan nan nan nan nan 1e-07 1e-07 0.0 0.0 0.0 0.0 2
_Sky_3306425611 2007 "Sky positions from PS1" 129.1853054911217 1.6373213145697767 1800.0 1 L r 3306425611 nan nan nan nan nan nan nan nan nan nan nan nan nan nan nan nan nan nan nan nan nan nan 1e-07 1e-07 0.0 0.0 0.0 0.0 2
_Sky_3306443319 2007 "Sky positions from PS1" 129.1613350901106 1.7222114979768215 1800.0 1 L r 3306443319 nan nan nan nan nan nan nan nan nan nan nan nan nan nan nan nan nan nan nan nan nan nan 1e-07 1e-07 0.0 0.0 0.0 0.0 2
_Sky_3306411346 2007 "Sky positions from PS1" 129.2372164428813 1.6376415657883283 1800.0 1 L r 3306411346 nan nan nan nan nan nan nan nan nan nan nan nan nan nan nan nan nan nan nan nan nan nan 1e-07 1e-07 0.0 0.0 0.0 0.0 2
_Sky_3306426977 2007 "Sky positions from PS1" 129.3368965359501 1.594896992434214 1800.0 1 L r 3306426977 nan nan nan nan nan nan nan nan nan nan nan nan nan nan nan nan nan nan nan nan nan nan 1e-07 1e-07 0.0 0.0 0.0 0.0 2
_Sky_3306421147 2007 "Sky positions from PS1" 129.28504761591043 1.7239810288961976 1800.0 1 L r 3306421147 nan nan nan nan nan nan nan nan nan nan nan nan nan nan nan nan nan nan nan nan nan nan 1e-07 1e-07 0.0 0.0 0.0 0.0 2
_Sky_3296425585 2007 "Sky positions from PS1" 129.37309001137226 1.4004169364018175 1800.0 1 L r 3296425585 nan nan nan nan nan nan nan nan nan nan nan nan nan nan nan nan nan nan nan nan nan nan 1e-07 1e-07 0.0 0.0 0.0 0.0 2
_Sky_3296419477 2007 "Sky positions from PS1" 129.43578211683092 1.464809374000693 1800.0 1 L r 3296419477 nan nan nan nan nan nan nan nan nan nan nan nan nan nan nan nan nan nan nan nan nan nan 1e-07 1e-07 0.0 0.0 0.0 0.0 2
_Sky_3296434901 2007 "Sky positions from PS1" 129.45898694840238 1.4664634827146077 1800.0 1 L r 3296434901 nan nan nan nan nan nan nan nan nan nan nan nan nan nan nan nan nan nan nan nan nan nan 1e-07 1e-07 0.0 0.0 0.0 0.0 2
_Sky_3306423504 2007 "Sky positions from PS1" 129.37286023783548 1.488667781964937 1800.0 1 L r 3306423504 nan nan nan nan nan nan nan nan nan nan nan nan nan nan nan nan nan nan nan nan nan nan 1e-07 1e-07 0.0 0.0 0.0 0.0 2
_Sky_3306448294 2007 "Sky positions from PS1" 129.42301543874422 1.53014868918752 1800.0 1 L r 3306448294 nan nan nan nan nan nan nan nan nan nan nan nan nan nan nan nan nan nan nan nan nan nan 1e-07 1e-07 0.0 0.0 0.0 0.0 2
_Sky_3306409996 2007 "Sky positions from PS1" 129.44577265845376 1.488254302540849 1800.0 1 L r 3306409996 nan nan nan nan nan nan nan nan nan nan nan nan nan nan nan nan nan nan nan nan nan nan 1e-07 1e-07 0.0 0.0 0.0 0.0 2
_Sky_3296410091 2007 "Sky positions from PS1" 129.47017726100518 1.4864863230687322 1800.0 1 L r 3296410091 nan nan nan nan nan nan nan nan nan nan nan nan nan nan nan nan nan nan nan nan nan nan 1e-07 1e-07 0.0 0.0 0.0 0.0 2
_Sky_3306446672 2007 "Sky positions from PS1" 129.47237475194183 1.5284065371372302 1800.0 1 L r 3306446672 nan nan nan nan nan nan nan nan nan nan nan nan nan nan nan nan nan nan nan nan nan nan 1e-07 1e-07 0.0 0.0 0.0 0.0 2
_Sky_3306437852 2007 "Sky positions from PS1" 129.4944473611182 1.5296897531397136 1800.0 1 L r 3306437852 nan nan nan nan nan nan nan nan nan nan nan nan nan nan nan nan nan nan nan nan nan nan 1e-07 1e-07 0.0 0.0 0.0 0.0 2
_Sky_3296419141 2007 "Sky positions from PS1" 129.5430870408257 1.4431995395838282 1800.0 1 L r 3296419141 nan nan nan nan nan nan nan nan nan nan nan nan nan nan nan nan nan nan nan nan nan nan 1e-07 1e-07 0.0 0.0 0.0 0.0 2
_Sky_3296439009 2007 "Sky positions from PS1" 129.56927982658212 1.4011682930566989 1800.0 1 L r 3296439009 nan nan nan nan nan nan nan nan nan nan nan nan nan nan nan nan nan nan nan nan nan nan 1e-07 1e-07 0.0 0.0 0.0 0.0 2
_Sky_3296439847 2007 "Sky positions from PS1" 129.6171869318259 1.4010139112444424 1800.0 1 L r 3296439847 nan nan nan nan nan nan nan nan nan nan nan nan nan nan nan nan nan nan nan nan nan nan 1e-07 1e-07 0.0 0.0 0.0 0.0 2
_Sky_3306416003 2007 "Sky positions from PS1" 129.55488970494997 1.5072193975225474 1800.0 1 L r 3306416003 nan nan nan nan nan nan nan nan nan nan nan nan nan nan nan nan nan nan nan nan nan nan 1e-07 1e-07 0.0 0.0 0.0 0.0 2
_Sky_3306443324 2007 "Sky positions from PS1" 129.5430276472607 1.528143253464592 1800.0 1 L r 3306443324 nan nan nan nan nan nan nan nan nan nan nan nan nan nan nan nan nan nan nan nan nan nan 1e-07 1e-07 0.0 0.0 0.0 0.0 2
_Sky_3306442678 2007 "Sky positions from PS1" 129.53189678056717 1.551822741120911 1800.0 1 L r 3306442678 nan nan nan nan nan nan nan nan nan nan nan nan nan nan nan nan nan nan nan nan nan nan 1e-07 1e-07 0.0 0.0 0.0 0.0 2
_Sky_3306429839 2007 "Sky positions from PS1" 129.57940059009488 1.5520873999340756 1800.0 1 L r 3306429839 nan nan nan nan nan nan nan nan nan nan nan nan nan nan nan nan nan nan nan nan nan nan 1e-07 1e-07 0.0 0.0 0.0 0.0 2
_Sky_3306437989 2007 "Sky positions from PS1" 129.53107600480988 1.5926605797357822 1800.0 1 L r 3306437989 nan nan nan nan nan nan nan nan nan nan nan nan nan nan nan nan nan nan nan nan nan nan 1e-07 1e-07 0.0 0.0 0.0 0.0 2
_Sky_3306439078 2007 "Sky positions from PS1" 129.62677532493566 1.5913540588937962 1800.0 1 L r 3306439078 nan nan nan nan nan nan nan nan nan nan nan nan nan nan nan nan nan nan nan nan nan nan 1e-07 1e-07 0.0 0.0 0.0 0.0 2
_Sky_3306411955 2007 "Sky positions from PS1" 129.55454816772516 1.7190016930416288 1800.0 1 L r 3306411955 nan nan nan nan nan nan nan nan nan nan nan nan nan nan nan nan nan nan nan nan nan nan 1e-07 1e-07 0.0 0.0 0.0 0.0 2
_Sky_3306422755 2007 "Sky positions from PS1" 129.12511915180966 1.745748697528831 1800.0 1 L r 3306422755 nan nan nan nan nan nan nan nan nan nan nan nan nan nan nan nan nan nan nan nan nan nan 1e-07 1e-07 0.0 0.0 0.0 0.0 2
_Sky_3306419183 2007 "Sky positions from PS1" 129.11080456925436 1.767658043873758 1800.0 1 L r 3306419183 nan nan nan nan nan nan nan nan nan nan nan nan nan nan nan nan nan nan nan nan nan nan 1e-07 1e-07 0.0 0.0 0.0 0.0 2
_Sky_3306451873 2007 "Sky positions from PS1" 129.12399402856482 1.785478774938428 1800.0 1 L r 3306451873 nan nan nan nan nan nan nan nan nan nan nan nan nan nan nan nan nan nan nan nan nan nan 1e-07 1e-07 0.0 0.0 0.0 0.0 2
_Sky_3306424553 2007 "Sky positions from PS1" 129.18498842257785 1.7673091930122726 1800.0 1 L r 3306424553 nan nan nan nan nan nan nan nan nan nan nan nan nan nan nan nan nan nan nan nan nan nan 1e-07 1e-07 0.0 0.0 0.0 0.0 2
_Sky_3306441740 2007 "Sky positions from PS1" 129.1629958245091 1.80680508355252 1800.0 1 L r 3306441740 nan nan nan nan nan nan nan nan nan nan nan nan nan nan nan nan nan nan nan nan nan nan 1e-07 1e-07 0.0 0.0 0.0 0.0 2
_Sky_3306414405 2007 "Sky positions from PS1" 129.1990865688358 1.7868215864399148 1800.0 1 L r 3306414405 nan nan nan nan nan nan nan nan nan nan nan nan nan nan nan nan nan nan nan nan nan nan 1e-07 1e-07 0.0 0.0 0.0 0.0 2
_Sky_3306449431 2007 "Sky positions from PS1" 129.10942959866767 1.851200777270264 1800.0 1 L r 3306449431 nan nan nan nan nan nan nan nan nan nan nan nan nan nan nan nan nan nan nan nan nan nan 1e-07 1e-07 0.0 0.0 0.0 0.0 2
_Sky_3306409726 2007 "Sky positions from PS1" 129.16051651939807 1.849842512979833 1800.0 1 L r 3306409726 nan nan nan nan nan nan nan nan nan nan nan nan nan nan nan nan nan nan nan nan nan nan 1e-07 1e-07 0.0 0.0 0.0 0.0 2
_Sky_3306411505 2007 "Sky positions from PS1" 129.12663401906013 1.8713678921172376 1800.0 1 L r 3306411505 nan nan nan nan nan nan nan nan nan nan nan nan nan nan nan nan nan nan nan nan nan nan 1e-07 1e-07 0.0 0.0 0.0 0.0 2
_Sky_3306432884 2007 "Sky positions from PS1" 129.11104837487002 1.894654596391945 1800.0 1 L r 3306432884 nan nan nan nan nan nan nan nan nan nan nan nan nan nan nan nan nan nan nan nan nan nan 1e-07 1e-07 0.0 0.0 0.0 0.0 2
_Sky_3306451285 2007 "Sky positions from PS1" 129.22275830682676 1.82766527905644 1800.0 1 L r 3306451285 nan nan nan nan nan nan nan nan nan nan nan nan nan nan nan nan nan nan nan nan nan nan 1e-07 1e-07 0.0 0.0 0.0 0.0 2
_Sky_3306419963 2007 "Sky positions from PS1" 129.28591024398412 1.7643911350163142 1800.0 1 L r 3306419963 nan nan nan nan nan nan nan nan nan nan nan nan nan nan nan nan nan nan nan nan nan nan 1e-07 1e-07 0.0 0.0 0.0 0.0 2
_Sky_3306447852 2007 "Sky positions from PS1" 129.29819826220267 1.7459115675489283 1800.0 1 L r 3306447852 nan nan nan nan nan nan nan nan nan nan nan nan nan nan nan nan nan nan nan nan nan nan 1e-07 1e-07 0.0 0.0 0.0 0.0 2
_Sky_3306436243 2007 "Sky positions from PS1" 129.33410207996909 1.7671807897522702 1800.0 1 L r 3306436243 nan nan nan nan nan nan nan nan nan nan nan nan nan nan nan nan nan nan nan nan nan nan 1e-07 1e-07 0.0 0.0 0.0 0.0 2
_Sky_3306412812 2007 "Sky positions from PS1" 129.23557075605677 1.8511354414817816 1800.0 1 L r 3306412812 nan nan nan nan nan nan nan nan nan nan nan nan nan nan nan nan nan nan nan nan nan nan 1e-07 1e-07 0.0 0.0 0.0 0.0 2
_Sky_3306417515 2007 "Sky positions from PS1" 129.26048975556665 1.849078056290087 1800.0 1 L r 3306417515 nan nan nan nan nan nan nan nan nan nan nan nan nan nan nan nan nan nan nan nan nan nan 1e-07 1e-07 0.0 0.0 0.0 0.0 2
_Sky_3306413640 2007 "Sky positions from PS1" 129.2338574755286 1.891563586056879 1800.0 1 L r 3306413640 nan nan nan nan nan nan nan nan nan nan nan nan nan nan nan nan nan nan nan nan nan nan 1e-07 1e-07 0.0 0.0 0.0 0.0 2
_Sky_3306443656 2007 "Sky positions from PS1" 129.25783817765128 1.8911006440105955 1800.0 1 L r 3306443656 nan nan nan nan nan nan nan nan nan nan nan nan nan nan nan nan nan nan nan nan nan nan 1e-07 1e-07 0.0 0.0 0.0 0.0 2
_Sky_3306444131 2007 "Sky positions from PS1" 129.30807042498466 1.848926362996878 1800.0 1 L r 3306444131 nan nan nan nan nan nan nan nan nan nan nan nan nan nan nan nan nan nan nan nan nan nan 1e-07 1e-07 0.0 0.0 0.0 0.0 2
_Sky_3306431019 2007 "Sky positions from PS1" 129.32155565704767 1.869665853272052 1800.0 1 L r 3306431019 nan nan nan nan nan nan nan nan nan nan nan nan nan nan nan nan nan nan nan nan nan nan 1e-07 1e-07 0.0 0.0 0.0 0.0 2
_Sky_3306419924 2007 "Sky positions from PS1" 129.34565403364672 1.869565569386048 1800.0 1 L r 3306419924 nan nan nan nan nan nan nan nan nan nan nan nan nan nan nan nan nan nan nan nan nan nan 1e-07 1e-07 0.0 0.0 0.0 0.0 2
_Sky_3306420548 2007 "Sky positions from PS1" 129.09703979719802 1.914480594827926 1800.0 1 L r 3306420548 nan nan nan nan nan nan nan nan nan nan nan nan nan nan nan nan nan nan nan nan nan nan 1e-07 1e-07 0.0 0.0 0.0 0.0 2
_Sky_3306431433 2007 "Sky positions from PS1" 129.09689082237088 1.95442272084964 1800.0 1 L r 3306431433 nan nan nan nan nan nan nan nan nan nan nan nan nan nan nan nan nan nan nan nan nan nan 1e-07 1e-07 0.0 0.0 0.0 0.0 2
_Sky_3306433690 2007 "Sky positions from PS1" 129.2208223936493 1.9119350010923304 1800.0 1 L r 3306433690 nan nan nan nan nan nan nan nan nan nan nan nan nan nan nan nan nan nan nan nan nan nan 1e-07 1e-07 0.0 0.0 0.0 0.0 2
_Sky_3306427292 2007 "Sky positions from PS1" 129.19539319488646 1.9557155141236613 1800.0 1 L r 3306427292 nan nan nan nan nan nan nan nan nan nan nan nan nan nan nan nan nan nan nan nan nan nan 1e-07 1e-07 0.0 0.0 0.0 0.0 2
_Sky_3306439107 2007 "Sky positions from PS1" 129.21985583482004 1.955440086335916 1800.0 1 L r 3306439107 nan nan nan nan nan nan nan nan nan nan nan nan nan nan nan nan nan nan nan nan nan nan 1e-07 1e-07 0.0 0.0 0.0 0.0 2
_Sky_3306447700 2007 "Sky positions from PS1" 129.30734844015765 1.9724401467322232 1800.0 1 L r 3306447700 nan nan nan nan nan nan nan nan nan nan nan nan nan nan nan nan nan nan nan nan nan nan 1e-07 1e-07 0.0 0.0 0.0 0.0 2
_Sky_3306438419 2007 "Sky positions from PS1" 129.3559953018354 1.9750863631884803 1800.0 1 L r 3306438419 nan nan nan nan nan nan nan nan nan nan nan nan nan nan nan nan nan nan nan nan nan nan 1e-07 1e-07 0.0 0.0 0.0 0.0 2
_Sky_3306426642 2007 "Sky positions from PS1" 129.2458326340749 1.9937863706383585 1800.0 1 L r 3306426642 nan nan nan nan nan nan nan nan nan nan nan nan nan nan nan nan nan nan nan nan nan nan 1e-07 1e-07 0.0 0.0 0.0 0.0 2
_Sky_3306450236 2007 "Sky positions from PS1" 129.31683841216056 1.9957479172049104 1800.0 1 L r 3306450236 nan nan nan nan nan nan nan nan nan nan nan nan nan nan nan nan nan nan nan nan nan nan 1e-07 1e-07 0.0 0.0 0.0 0.0 2
_Sky_3306427946 2007 "Sky positions from PS1" 129.45428386393985 1.7645281856231725 1800.0 1 L r 3306427946 nan nan nan nan nan nan nan nan nan nan nan nan nan nan nan nan nan nan nan nan nan nan 1e-07 1e-07 0.0 0.0 0.0 0.0 2
_Sky_3306436791 2007 "Sky positions from PS1" 129.42942538587965 1.8058953578659656 1800.0 1 L r 3306436791 nan nan nan nan nan nan nan nan nan nan nan nan nan nan nan nan nan nan nan nan nan nan 1e-07 1e-07 0.0 0.0 0.0 0.0 2
_Sky_3306417485 2007 "Sky positions from PS1" 129.4925198297066 1.7847557371532266 1800.0 1 L r 3306417485 nan nan nan nan nan nan nan nan nan nan nan nan nan nan nan nan nan nan nan nan nan nan 1e-07 1e-07 0.0 0.0 0.0 0.0 2
_Sky_3306439397 2007 "Sky positions from PS1" 129.38259760402008 1.850273050800811 1800.0 1 L r 3306439397 nan nan nan nan nan nan nan nan nan nan nan nan nan nan nan nan nan nan nan nan nan nan 1e-07 1e-07 0.0 0.0 0.0 0.0 2
_Sky_3306428226 2007 "Sky positions from PS1" 129.46788356336614 1.8251058969603775 1800.0 1 L r 3306428226 nan nan nan nan nan nan nan nan nan nan nan nan nan nan nan nan nan nan nan nan nan nan 1e-07 1e-07 0.0 0.0 0.0 0.0 2
