output/Jan25/final/field_b_L3_visit1_final_targets.ecsv
# %ECSV 1.0
# ---
# datatype:
# - {name: ob_code, datatype: string}
# - {name: catId, datatype: int32}
# - {name: description, datatype: string}
# - {name: ra, datatype: float64}
# - {name: dec, datatype: float64}
# - {name: exptime, datatype: float64}
# - {name: priority, datatype: int32}
# - {name: resolution, datatype: string}
# - {name: reference_arm, datatype: string}
# - {name: obj_id, datatype: int64}
# - {name: g_hsc, datatype: float64}
# - {name: g_hsc_err, datatype: float64}
# - {name: r2_hsc, datatype: float64}
# - {name: r2_hsc_err, datatype: float64}
# - {name: i2_hsc, datatype: float64}
# - {name: i2_hsc_err, datatype: float64}
# - {name: z_hsc, datatype: float64}
# - {name: z_hsc_err, datatype: float64}
# - {name: y_hsc, datatype: float64}
# - {name: y_hsc_err, datatype: float64}
# - {name: epoch, datatype: float64}
# - {name: input_catalog_id, datatype: float64}
# - {name: psf_flux_g, datatype: float64}
# - {name: psf_flux_error_g, datatype: float64}
# - {name: psf_flux_r, datatype: float64}
# - {name: psf_flux_error_r, datatype: float64}
# - {name: psf_flux_i, datatype: float64}
# - {name: psf_flux_error_i, datatype: float64}
# - {name: psf_flux_z, datatype: float64}
# - {name: psf_flux_error_z, datatype: float64}
# - {name: psf_flux_y, datatype: float64}
# - {name: psf_flux_error_y, datatype: float64}
# - {name: parallax, datatype: float64}
# - {name: parallax_error, datatype: float64}
# - {name: pmra, datatype: float64}
# - {name: pmra_error, datatype: float64}
# - {name: pmdec, datatype: float64}
# - {name: pmdec_error, datatype: float64}
# - {name: target_type, datatype: int32}
# schema: astropy-2.0
ob_code catId description ra dec exptime priority resolution reference_arm obj_id g_hsc g_hsc_err r2_hsc r2_hsc_err i2_hsc i2_hsc_err z_hsc z_hsc_err y_hsc y_hsc_err epoch input_catalog_id psf_flux_g psf_flux_error_g psf_flux_r psf_flux_error_r psf_flux_i psf_flux_error_i psf_flux_z psf_flux_error_z psf_flux_y psf_flux_error_y parallax parallax_error pmra pmra_error pmdec pmdec_error target_type
[from data line 1145]
_Cos_42824058051518438 11 "HSC-SSP Public Data Release 4 (Wide)" 37.64753865344063 1.664045433956331 1800.0 1 L r 42824058051518438 230.7916 31.604189 284.56525 35.562263 1711.0232 64.52878 1510.4662 66.42941 1736.377 182.8591 nan nan nan nan nan nan nan nan nan nan nan nan 1e-07 1e-07 0.0 0.0 0.0 0.0 1
_Cos_42824058051518535 11 "HSC-SSP Public Data Release 4 (Wide)" 37.61810452963107 1.6661568643471496 1800.0 1 L r 42824058051518535 1341.9758 33.300144 1217.7316 38.964108 1647.0316 52.280525 2223.9287 91.325485 3518.4702 186.64221 nan nan nan nan nan nan nan nan nan nan nan nan 1e-07 1e-07 0.0 0.0 0.0 0.0 1
_Cos_42824058051519291 11 "HSC-SSP Public Data Release 4 (Wide)" 37.57809749953157 1.6823801269969663 1800.0 1 L r 42824058051519291 1276.1678 27.588537 1640.9653 43.927307 1820.2223 51.919357 2175.338 74.18934 2988.7678 193.45598 nan nan nan nan nan nan nan nan nan nan nan nan 1e-07 1e-07 0.0 0.0 0.0 0.0 1
_Cos_42824058051519355 11 "HSC-SSP Public Data Release 4 (Wide)" 37.60909239206642 1.6826443323966576 1800.0 1 L r 42824058051519355 974.5528 29.17955 1145.2642 39.552406 1277.5 44.88067 2061.1023 66.66209 2372.2158 161.84024 nan nan nan nan nan nan nan nan nan nan nan nan 1e-07 1e-07 0.0 0.0 0.0 0.0 1
_Cos_42824058051519945 11 "HSC-SSP Public Data Release 4 (Wide)" 37.618672345497664 1.6971638630889518 1800.0 1 L r 42824058051519945 743.37415 32.174095 826.9494 56.312023 1070.8783 54.645313 1706.259 75.42363 1443.2858 171.95119 nan nan nan nan nan nan nan nan nan nan nan nan 1e-07 1e-07 0.0 0.0 0.0 0.0 1
_Cos_42824058051520013 11 "HSC-SSP Public Data Release 4 (Wide)" 37.64337603867195 1.6984018959904668 1800.0 1 L r 42824058051520013 728.2626 40.84187 717.3542 50.6071 915.5269 53.15493 724.0626 55.257793 1493.2189 171.76869 nan nan nan nan nan nan nan nan nan nan nan nan 1e-07 1e-07 0.0 0.0 0.0 0.0 1
_Cos_42824058051520886 11 "HSC-SSP Public Data Release 4 (Wide)" 37.6021287472928 1.7163390120269135 1800.0 1 L r 42824058051520886 1270.379 30.49618 1281.2139 56.64565 1820.9635 53.786983 2189.3154 71.54426 3251.6477 172.53612 nan nan nan nan nan nan nan nan nan nan nan nan 1e-07 1e-07 0.0 0.0 0.0 0.0 1
_Cos_42824058051522002 11 "HSC-SSP Public Data Release 4 (Wide)" 37.62168339509103 1.7391462345427844 1800.0 1 L r 42824058051522002 858.7645 21.63188 1031.7358 33.02888 981.0084 39.606754 1026.6195 50.41568 1113.8798 129.68867 nan nan nan nan nan nan nan nan nan nan nan nan 1e-07 1e-07 0.0 0.0 0.0 0.0 1
_Cos_42824058051522603 11 "HSC-SSP Public Data Release 4 (Wide)" 37.64924225998138 1.7518997937954535 1800.0 1 L r 42824058051522603 675.6803 25.122707 791.714 31.069284 1200.6208 38.964653 1234.1753 51.34206 1754.9977 168.48099 nan nan nan nan nan nan nan nan nan nan nan nan 1e-07 1e-07 0.0 0.0 0.0 0.0 1
_Cos_42824062346481948 11 "HSC-SSP Public Data Release 4 (Wide)" 37.64400597141584 1.7924900807689494 1800.0 1 L r 42824062346481948 894.3937 27.91513 955.10785 34.955585 1123.0237 34.29794 1110.3079 53.996826 982.4956 106.08655 nan nan nan nan nan nan nan nan nan nan nan nan 1e-07 1e-07 0.0 0.0 0.0 0.0 1
_Cos_42828726680950309 11 "HSC-SSP Public Data Release 4 (Wide)" 38.623853931631594 1.5117433629930606 1800.0 1 L r 42828726680950309 658.60175 23.845537 768.35114 41.240677 950.4655 32.079693 1523.7556 47.916084 1787.5936 203.12128 nan nan nan nan nan nan nan nan nan nan nan nan 1e-07 1e-07 0.0 0.0 0.0 0.0 1
_Cos_42828864119903583 11 "HSC-SSP Public Data Release 4 (Wide)" 38.53352356753641 1.5013229628130647 1800.0 1 L r 42828864119903583 376.6369 40.714783 447.54382 40.69109 1027.5698 39.282284 1330.299 69.56999 2021.4471 283.2238 nan nan nan nan nan nan nan nan nan nan nan nan 1e-07 1e-07 0.0 0.0 0.0 0.0 1
_Cos_42828864119904102 11 "HSC-SSP Public Data Release 4 (Wide)" 38.44553225512706 1.511317841105215 1800.0 1 L r 42828864119904102 473.10773 22.563482 500.666 32.099358 996.3352 34.361 1287.5109 62.009182 1579.6152 166.86362 nan nan nan nan nan nan nan nan nan nan nan nan 1e-07 1e-07 0.0 0.0 0.0 0.0 1
_Cos_42828864119905714 11 "HSC-SSP Public Data Release 4 (Wide)" 38.530902552101715 1.5413305458522562 1800.0 1 L r 42828864119905714 1034.4128 26.711178 1226.3733 46.584957 2188.416 26.38358 1199.1777 51.639202 2761.3572 172.97852 nan nan nan nan nan nan nan nan nan nan nan nan 1e-07 1e-07 0.0 0.0 0.0 0.0 1
_Cos_42828864119905979 11 "HSC-SSP Public Data Release 4 (Wide)" 38.48452620648772 1.5458743696861046 1800.0 1 L r 42828864119905979 416.47458 44.805397 644.4607 54.859425 2193.29 71.659096 4824.8394 105.060646 7806.153 281.86203 nan nan nan nan nan nan nan nan nan nan nan nan 1e-07 1e-07 0.0 0.0 0.0 0.0 1
_Cos_42828864119906196 11 "HSC-SSP Public Data Release 4 (Wide)" 38.439322884311615 1.550234940847076 1800.0 1 L r 42828864119906196 1246.5277 28.354507 1433.4938 45.203167 1716.118 40.284367 1798.9497 63.116283 1834.5752 174.58195 nan nan nan nan nan nan nan nan nan nan nan nan 1e-07 1e-07 0.0 0.0 0.0 0.0 1
_Cos_42828864119906329 11 "HSC-SSP Public Data Release 4 (Wide)" 38.53781962915183 1.553070287362943 1800.0 1 L r 42828864119906329 933.78687 31.036728 1225.2589 46.971428 2144.6292 31.073637 2853.0588 58.645588 2416.0273 162.71214 nan nan nan nan nan nan nan nan nan nan nan nan 1e-07 1e-07 0.0 0.0 0.0 0.0 1
_Cos_42828864119922250 11 "HSC-SSP Public Data Release 4 (Wide)" 38.578183919940976 1.4903871842359204 1800.0 1 L r 42828864119922250 1246.9293 34.40428 1344.2776 46.531918 1559.2206 41.279095 2073.7383 73.358025 3521.9983 226.9053 nan nan nan nan nan nan nan nan nan nan nan nan 1e-07 1e-07 0.0 0.0 0.0 0.0 1
_Cos_42828864119922337 11 "HSC-SSP Public Data Release 4 (Wide)" 38.50154260289281 1.4934625654460365 1800.0 1 L r 42828864119922337 962.00226 36.19414 1381.1195 46.80295 1909.1125 42.082348 3108.8965 69.253136 3602.2317 215.94939 nan nan nan nan nan nan nan nan nan nan nan nan 1e-07 1e-07 0.0 0.0 0.0 0.0 1
_Cos_42828864119922390 11 "HSC-SSP Public Data Release 4 (Wide)" 38.45734082909821 1.497130654827835 1800.0 1 L r 42828864119922390 427.96817 30.206789 582.2609 32.90188 1841.7465 43.393974 2437.741 72.39552 2938.3362 241.2418 nan nan nan nan nan nan nan nan nan nan nan nan 1e-07 1e-07 0.0 0.0 0.0 0.0 1
_Cos_42828864119922584 11 "HSC-SSP Public Data Release 4 (Wide)" 38.47860678310105 1.4973719670669157 1800.0 1 L r 42828864119922584 484.0556 24.577023 602.0572 37.86253 1053.9115 44.59713 1072.1836 67.48924 1928.2861 186.97836 nan nan nan nan nan nan nan nan nan nan nan nan 1e-07 1e-07 0.0 0.0 0.0 0.0 1
_Cos_42828864119922982 11 "HSC-SSP Public Data Release 4 (Wide)" 38.42637256477142 1.509317081629413 1800.0 1 L r 42828864119922982 847.7079 44.29933 943.77856 47.943214 1726.3585 58.854347 1498.2037 92.375534 1209.4036 162.96431 nan nan nan nan nan nan nan nan nan nan nan nan 1e-07 1e-07 0.0 0.0 0.0 0.0 1
_Cos_42828864119923343 11 "HSC-SSP Public Data Release 4 (Wide)" 38.48152812292826 1.5177995611308694 1800.0 1 L r 42828864119923343 1411.8319 25.100597 1669.6953 42.577526 3406.3137 36.145645 3889.7476 61.55342 3639.4346 159.97908 nan nan nan nan nan nan nan nan nan nan nan nan 1e-07 1e-07 0.0 0.0 0.0 0.0 1
_Cos_42828864119923673 11 "HSC-SSP Public Data Release 4 (Wide)" 38.53959298658717 1.5248880069616868 1800.0 1 L r 42828864119923673 1186.3135 36.689724 1187.3346 58.63406 1170.3816 31.865414 2392.2747 65.38752 2650.7434 182.14398 nan nan nan nan nan nan nan nan nan nan nan nan 1e-07 1e-07 0.0 0.0 0.0 0.0 1
_Cos_42828864119923859 11 "HSC-SSP Public Data Release 4 (Wide)" 38.462270980880106 1.5294403825213834 1800.0 1 L r 42828864119923859 1014.48804 20.866293 1073.2407 39.79934 1296.3547 31.91461 1407.0254 57.14559 1831.2964 156.9497 nan nan nan nan nan nan nan nan nan nan nan nan 1e-07 1e-07 0.0 0.0 0.0 0.0 1
_Cos_42828864119924007 11 "HSC-SSP Public Data Release 4 (Wide)" 38.55324353263817 1.5324330689740882 1800.0 1 L r 42828864119924007 1155.9033 22.445461 1457.0991 42.55638 2084.0208 44.175144 2377.0444 68.66979 3326.7466 291.62155 nan nan nan nan nan nan nan nan nan nan nan nan 1e-07 1e-07 0.0 0.0 0.0 0.0 1
_Cos_42828864119924322 11 "HSC-SSP Public Data Release 4 (Wide)" 38.42776531746298 1.5387219217370898 1800.0 1 L r 42828864119924322 958.22296 25.025717 1117.3849 39.774853 1463.1718 39.752747 1493.1351 66.125725 1221.8353 151.30931 nan nan nan nan nan nan nan nan nan nan nan nan 1e-07 1e-07 0.0 0.0 0.0 0.0 1
_Cos_42828864119925641 11 "HSC-SSP Public Data Release 4 (Wide)" 38.40043645568561 1.5699350542831416 1800.0 1 L r 42828864119925641 830.2579 32.17038 1215.9391 50.480694 1270.8336 49.56507 2190.7275 91.978325 2159.1238 191.16925 nan nan nan nan nan nan nan nan nan nan nan nan 1e-07 1e-07 0.0 0.0 0.0 0.0 1
_Cos_42828868414867562 11 "HSC-SSP Public Data Release 4 (Wide)" 38.50260246210261 1.6135791186866741 1800.0 1 L r 42828868414867562 1428.1664 40.56665 1878.1285 50.42658 3376.4087 69.10638 3760.598 104.03355 3070.5332 224.43414 nan nan nan nan nan nan nan nan nan nan nan nan 1e-07 1e-07 0.0 0.0 0.0 0.0 1
_Cos_42828868414870460 11 "HSC-SSP Public Data Release 4 (Wide)" 38.40209747201588 1.6699695447619007 1800.0 1 L r 42828868414870460 503.7258 17.513304 623.9632 28.545841 1032.6658 29.551321 995.96576 50.651608 1175.7014 139.27065 nan nan nan nan nan nan nan nan nan nan nan nan 1e-07 1e-07 0.0 0.0 0.0 0.0 1
_Cos_42828868414870639 11 "HSC-SSP Public Data Release 4 (Wide)" 38.480365658451404 1.6738743081540801 1800.0 1 L r 42828868414870639 778.2108 22.79481 895.23444 32.929283 1431.5913 35.51099 1988.4435 55.061226 2656.228 247.9502 nan nan nan nan nan nan nan nan nan nan nan nan 1e-07 1e-07 0.0 0.0 0.0 0.0 1
_Cos_42828868414872323 11 "HSC-SSP Public Data Release 4 (Wide)" 38.503611412702575 1.7081551629619542 1800.0 1 L r 42828868414872323 868.83655 28.75623 897.1243 42.861805 1981.3765 54.7968 2574.1843 73.11436 2638.461 228.07765 nan nan nan nan nan nan nan nan nan nan nan nan 1e-07 1e-07 0.0 0.0 0.0 0.0 1
_Cos_42828868414872910 11 "HSC-SSP Public Data Release 4 (Wide)" 38.44454053168248 1.7186508354459396 1800.0 1 L r 42828868414872910 710.073 20.532164 862.9012 34.567986 983.5065 30.97516 983.2532 49.28365 1887.1006 195.81987 nan nan nan nan nan nan nan nan nan nan nan nan 1e-07 1e-07 0.0 0.0 0.0 0.0 1
_Cos_42828868414873126 11 "HSC-SSP Public Data Release 4 (Wide)" 38.497626701298465 1.7226395029374773 1800.0 1 L r 42828868414873126 701.78656 25.071653 692.13495 38.15046 994.14716 40.377346 1334.6749 57.07171 2042.3198 180.07823 nan nan nan nan nan nan nan nan nan nan nan nan 1e-07 1e-07 0.0 0.0 0.0 0.0 1
_Cos_42828868414874620 11 "HSC-SSP Public Data Release 4 (Wide)" 38.43241521590348 1.7518018289791049 1800.0 1 L r 42828868414874620 964.8933 21.550182 941.77783 41.391716 1267.7302 30.76295 1167.6887 53.24481 1474.5254 155.46048 nan nan nan nan nan nan nan nan nan nan nan nan 1e-07 1e-07 0.0 0.0 0.0 0.0 1
_Cos_42828868414885968 11 "HSC-SSP Public Data Release 4 (Wide)" 38.4822654186174 1.5832123834982939 1800.0 1 L r 42828868414885968 1115.7479 26.275684 1407.2975 47.5778 1937.0236 42.809452 2417.7134 70.01611 3679.7556 201.90051 nan nan nan nan nan nan nan nan nan nan nan nan 1e-07 1e-07 0.0 0.0 0.0 0.0 1
_Cos_42828868414886032 11 "HSC-SSP Public Data Release 4 (Wide)" 38.438116714228556 1.5832732414664428 1800.0 1 L r 42828868414886032 983.9896 21.431118 1209.8766 31.282757 1954.5634 37.00414 3265.1233 63.898994 3043.2795 213.88742 nan nan nan nan nan nan nan nan nan nan nan nan 1e-07 1e-07 0.0 0.0 0.0 0.0 1
_Cos_42828868414886284 11 "HSC-SSP Public Data Release 4 (Wide)" 38.538787528802146 1.5897188476669126 1800.0 1 L r 42828868414886284 582.12006 42.19317 746.08044 59.58453 1153.0193 47.565563 1803.6412 67.66054 2342.1167 221.08997 nan nan nan nan nan nan nan nan nan nan nan nan 1e-07 1e-07 0.0 0.0 0.0 0.0 1
_Cos_42828868414886599 11 "HSC-SSP Public Data Release 4 (Wide)" 38.5192228032789 1.5966063605918 1800.0 1 L r 42828868414886599 1711.7926 21.65148 2320.3057 43.23035 2825.6357 32.90615 3611.201 58.49333 4037.8508 147.2629 nan nan nan nan nan nan nan nan nan nan nan nan 1e-07 1e-07 0.0 0.0 0.0 0.0 1
_Cos_42828868414886867 11 "HSC-SSP Public Data Release 4 (Wide)" 38.44884696234286 1.6039362293545658 1800.0 1 L r 42828868414886867 1023.77625 39.53024 1168.9578 61.16529 1744.4889 56.112846 2629.756 73.68094 2955.5613 239.44707 nan nan nan nan nan nan nan nan nan nan nan nan 1e-07 1e-07 0.0 0.0 0.0 0.0 1
_Cos_42828868414887060 11 "HSC-SSP Public Data Release 4 (Wide)" 38.46901030181143 1.6082032201044265 1800.0 1 L r 42828868414887060 896.4231 27.487625 1326.108 43.62634 2083.9617 49.19729 3062.958 69.42397 3679.5688 234.70567 nan nan nan nan nan nan nan nan nan nan nan nan 1e-07 1e-07 0.0 0.0 0.0 0.0 1
_Cos_42828868414887520 11 "HSC-SSP Public Data Release 4 (Wide)" 38.55405046062819 1.6182297554535565 1800.0 1 L r 42828868414887520 803.982 29.716541 868.6163 45.691296 1388.2552 67.43126 1564.3562 76.56174 1968.2692 222.93138 nan nan nan nan nan nan nan nan nan nan nan nan 1e-07 1e-07 0.0 0.0 0.0 0.0 1
_Cos_42828868414887654 11 "HSC-SSP Public Data Release 4 (Wide)" 38.45760959529441 1.6254681393382517 1800.0 1 L r 42828868414887654 1071.7747 24.923851 1676.135 39.571335 1895.1799 34.459652 2846.989 55.05419 5196.329 210.366 nan nan nan nan nan nan nan nan nan nan nan nan 1e-07 1e-07 0.0 0.0 0.0 0.0 1
_Cos_42828868414888415 11 "HSC-SSP Public Data Release 4 (Wide)" 38.41864829222304 1.6345765702277986 1800.0 1 L r 42828868414888415 678.73334 20.723257 835.2543 29.896612 997.36835 31.522924 1686.8123 55.630947 2269.4321 216.30002 nan nan nan nan nan nan nan nan nan nan nan nan 1e-07 1e-07 0.0 0.0 0.0 0.0 1
_Cos_42828868414888576 11 "HSC-SSP Public Data Release 4 (Wide)" 38.510710910842775 1.6381953730765386 1800.0 1 L r 42828868414888576 632.36646 18.544384 913.076 28.344057 1454.879 26.999767 2765.0674 55.406113 2372.6636 121.941185 nan nan nan nan nan nan nan nan nan nan nan nan 1e-07 1e-07 0.0 0.0 0.0 0.0 1
_Cos_42828868414888802 11 "HSC-SSP Public Data Release 4 (Wide)" 38.488308083199335 1.6431041127430845 1800.0 1 L r 42828868414888802 600.36615 24.90796 781.792 37.785492 1029.3635 34.601345 1627.269 54.300262 1527.4376 157.25987 nan nan nan nan nan nan nan nan nan nan nan nan 1e-07 1e-07 0.0 0.0 0.0 0.0 1
_Cos_42828868414889975 11 "HSC-SSP Public Data Release 4 (Wide)" 38.45366208476933 1.6634293478205806 1800.0 1 L r 42828868414889975 889.218 25.753437 1207.258 33.737526 2294.597 37.70786 3138.4702 58.914494 3731.3838 200.31805 nan nan nan nan nan nan nan nan nan nan nan nan 1e-07 1e-07 0.0 0.0 0.0 0.0 1
_Cos_42828868414890151 11 "HSC-SSP Public Data Release 4 (Wide)" 38.43361803297468 1.669185126782658 1800.0 1 L r 42828868414890151 879.5549 39.468678 982.63165 54.054348 1698.3848 69.432396 2730.5037 119.06369 3577.3245 341.89365 nan nan nan nan nan nan nan nan nan nan nan nan 1e-07 1e-07 0.0 0.0 0.0 0.0 1
_Cos_42828868414890315 11 "HSC-SSP Public Data Release 4 (Wide)" 38.44827561801474 1.6732304077538374 1800.0 1 L r 42828868414890315 720.76544 25.135183 914.1867 41.902134 1303.8452 29.512041 1930.5477 48.88082 2944.7456 211.75824 nan nan nan nan nan nan nan nan nan nan nan nan 1e-07 1e-07 0.0 0.0 0.0 0.0 1
_Cos_42828868414891090 11 "HSC-SSP Public Data Release 4 (Wide)" 38.40095692040895 1.693564148862954 1800.0 1 L r 42828868414891090 1039.7302 22.442205 994.6667 29.06075 931.85785 29.305489 983.78754 47.810684 808.96326 131.39488 nan nan nan nan nan nan nan nan nan nan nan nan 1e-07 1e-07 0.0 0.0 0.0 0.0 1
_Cos_42828868414891376 11 "HSC-SSP Public Data Release 4 (Wide)" 38.41266593209966 1.704438160347328 1800.0 1 L r 42828868414891376 1728.5734 55.42639 555.2039 36.035934 2363.0618 94.09734 736.81305 45.79899 4408.358 275.74194 nan nan nan nan nan nan nan nan nan nan nan nan 1e-07 1e-07 0.0 0.0 0.0 0.0 1
