output/Jan25/final/field_e_L2_visit1_final_targets.ecsv
# %ECSV 1.0
# ---
# datatype:
# - {name: ob_code, datatype: string}
# - {name: catId, datatype: int32}
# - {name: description, datatype: string}
# - {name: ra, datatype: float64}
# - {name: dec, datatype: float64}
# - {name: exptime, datatype: float64}
# - {name: priority, datatype: int32}
# - {name: resolution, datatype: string}
# - {name: reference_arm, datatype: string}
# - {name: obj_id, datatype: int64}
# - {name: g_hsc, datatype: float64}
# - {name: g_hsc_err, datatype: float64}
# - {name: r2_hsc, datatype: float64}
# - {name: r2_hsc_err, datatype: float64}
# - {name: i2_hsc, datatype: float64}
# - {name: i2_hsc_err, datatype: float64}
# - {name: z_hsc, datatype: float64}
# - {name: z_hsc_err, datatype: float64}
# - {name: y_hsc, datatype: float64}
# - {name: y_hsc_err, datatype: float64}
# - {name: epoch, datatype: float64}
# - {name: input_catalog_id, datatype: float64}
# - {name: psf_flux_g, datatype: float64}
# - {name: psf_flux_error_g, datatype: float64}
# - {name: psf_flux_r, datatype: float64}
# - {name: psf_flux_error_r, datatype: float64}
# - {name: psf_flux_i, datatype: float64}
# - {name: psf_flux_error_i, datatype: float64}
# - {name: psf_flux_z, datatype: float64}
# - {name: psf_flux_error_z, datatype: float64}
# - {name: psf_flux_y, datatype: float64}
# - {name: psf_flux_error_y, datatype: float64}
# - {name: parallax, datatype: float64}
# - {name: parallax_error, datatype: float64}
# - {name: pmra, datatype: float64}
# - {name: pmra_error, datatype: float64}
# - {name: pmdec, datatype: float64}
# - {name: pmdec_error, datatype: float64}
# - {name: target_type, datatype: int32}
# schema: astropy-2.0
ob_code catId description ra dec exptime priority resolution reference_arm obj_id g_hsc g_hsc_err r2_hsc r2_hsc_err i2_hsc i2_hsc_err z_hsc z_hsc_err y_hsc y_hsc_err epoch input_catalog_id psf_flux_g psf_flux_error_g psf_flux_r psf_flux_error_r psf_flux_i psf_flux_error_i psf_flux_z psf_flux_error_z psf_flux_y psf_flux_error_y parallax parallax_error pmra pmra_error pmdec pmdec_error target_type
[from data line 1188]
_Cos_42036803431043070 11 "HSC-SSP Public Data Release 4 (Wide)" 132.2602791015656 0.006391723317456139 1800.0 1 L r 42036803431043070 697.7524 29.41324 798.4463 38.6176 1044.3652 41.848625 1375.5134 88.03059 1619.1737 166.96048 nan nan nan nan nan nan nan nan nan nan nan nan 1e-07 1e-07 0.0 0.0 0.0 0.0 1
_Cos_42036803431043634 11 "HSC-SSP Public Data Release 4 (Wide)" 132.2574497454512 0.019075046771072177 1800.0 1 L r 42036803431043634 445.7146 21.652073 660.46387 32.58755 1195.9769 45.260605 2331.452 87.103325 2505.1443 145.30814 nan nan nan nan nan nan nan nan nan nan nan nan 1e-07 1e-07 0.0 0.0 0.0 0.0 1
_Cos_42036803431043877 11 "HSC-SSP Public Data Release 4 (Wide)" 132.14559646594097 0.025525250268993393 1800.0 1 L r 42036803431043877 506.3809 24.340874 649.6447 41.58106 1431.8553 52.04007 1872.4165 84.440216 1843.6641 225.52736 nan nan nan nan nan nan nan nan nan nan nan nan 1e-07 1e-07 0.0 0.0 0.0 0.0 1
_Cos_42036803431044253 11 "HSC-SSP Public Data Release 4 (Wide)" 132.29239726380828 0.03461660444301804 1800.0 1 L r 42036803431044253 803.5233 19.178343 835.22534 27.05534 1035.6625 34.160366 1002.3047 57.402042 1325.36 112.92492 nan nan nan nan nan nan nan nan nan nan nan nan 1e-07 1e-07 0.0 0.0 0.0 0.0 1
_Cos_42036803431044970 11 "HSC-SSP Public Data Release 4 (Wide)" 132.24122565186295 0.05334598959121124 1800.0 1 L r 42036803431044970 1122.7457 23.793203 1389.0267 39.876133 1633.9331 36.04339 1886.3911 67.6448 1953.49 135.79321 nan nan nan nan nan nan nan nan nan nan nan nan 1e-07 1e-07 0.0 0.0 0.0 0.0 1
_Cos_42036803431045824 11 "HSC-SSP Public Data Release 4 (Wide)" 132.293279540885 0.07475085549849772 1800.0 1 L r 42036803431045824 1050.876 26.60438 1524.8608 42.18815 3063.152 50.39885 4090.2556 78.23469 5674.1187 187.33492 nan nan nan nan nan nan nan nan nan nan nan nan 1e-07 1e-07 0.0 0.0 0.0 0.0 1
_Cos_42036803431045990 11 "HSC-SSP Public Data Release 4 (Wide)" 132.3149504074909 0.07820680565771944 1800.0 1 L r 42036803431045990 697.7691 21.549152 706.577 39.353157 914.7341 43.493755 1534.5431 92.6507 1035.042 137.89296 nan nan nan nan nan nan nan nan nan nan nan nan 1e-07 1e-07 0.0 0.0 0.0 0.0 1
_Cos_42036803431046101 11 "HSC-SSP Public Data Release 4 (Wide)" 132.15419672755016 0.08101674553599518 1800.0 1 L r 42036803431046101 715.651 20.940952 1023.6011 39.910145 1017.20526 40.35946 1298.48 79.07593 1338.2412 170.14891 nan nan nan nan nan nan nan nan nan nan nan nan 1e-07 1e-07 0.0 0.0 0.0 0.0 1
_Cos_42036803431060040 11 "HSC-SSP Public Data Release 4 (Wide)" 132.15411185303583 0.00123170444884186 1800.0 1 L r 42036803431060040 1567.9344 24.722178 2069.288 37.613007 2280.172 42.21031 2717.486 84.074356 2529.4016 154.70976 nan nan nan nan nan nan nan nan nan nan nan nan 1e-07 1e-07 0.0 0.0 0.0 0.0 1
_Cos_42036803431060384 11 "HSC-SSP Public Data Release 4 (Wide)" 132.27546533978173 0.007816839345322103 1800.0 1 L r 42036803431060384 332.4987 16.339827 542.69147 28.210625 1126.5312 29.53968 1956.836 55.753727 1389.5812 104.72443 nan nan nan nan nan nan nan nan nan nan nan nan 1e-07 1e-07 0.0 0.0 0.0 0.0 1
_Cos_42036803431060466 11 "HSC-SSP Public Data Release 4 (Wide)" 132.29906839599178 0.010668216763268663 1800.0 1 L r 42036803431060466 1063.433 22.48861 1348.6768 38.560196 1746.7576 40.96372 1943.0236 71.24629 2629.474 132.0775 nan nan nan nan nan nan nan nan nan nan nan nan 1e-07 1e-07 0.0 0.0 0.0 0.0 1
_Cos_42036803431060716 11 "HSC-SSP Public Data Release 4 (Wide)" 132.19990380415567 0.015303224746106573 1800.0 1 L r 42036803431060716 1124.6868 23.346075 1245.8927 32.45689 1742.9646 30.109884 2470.8113 58.149826 3243.3594 141.48793 nan nan nan nan nan nan nan nan nan nan nan nan 1e-07 1e-07 0.0 0.0 0.0 0.0 1
_Cos_42036803431061084 11 "HSC-SSP Public Data Release 4 (Wide)" 132.2664415197713 0.021532084822822564 1800.0 1 L r 42036803431061084 757.26215 17.943815 820.08435 28.506266 1019.57495 38.73333 1209.2168 78.62024 1267.595 183.72856 nan nan nan nan nan nan nan nan nan nan nan nan 1e-07 1e-07 0.0 0.0 0.0 0.0 1
_Cos_42036803431061106 11 "HSC-SSP Public Data Release 4 (Wide)" 132.18836030366532 0.022927202935967374 1800.0 1 L r 42036803431061106 1115.569 16.548887 1367.0703 28.149452 1680.3602 28.041267 2288.009 53.916332 3289.4578 119.74634 nan nan nan nan nan nan nan nan nan nan nan nan 1e-07 1e-07 0.0 0.0 0.0 0.0 1
_Cos_42036803431061754 11 "HSC-SSP Public Data Release 4 (Wide)" 132.16554882034728 0.037592044036113784 1800.0 1 L r 42036803431061754 1156.4945 27.427221 1658.8226 47.25465 2439.0964 47.354153 3163.2297 84.7991 3005.1802 180.14531 nan nan nan nan nan nan nan nan nan nan nan nan 1e-07 1e-07 0.0 0.0 0.0 0.0 1
_Cos_42036803431061977 11 "HSC-SSP Public Data Release 4 (Wide)" 132.31171353339374 0.04193109377300334 1800.0 1 L r 42036803431061977 750.4181 24.351988 1098.6451 44.167973 1521.4851 46.838955 2310.1426 84.91312 3519.4348 163.55913 nan nan nan nan nan nan nan nan nan nan nan nan 1e-07 1e-07 0.0 0.0 0.0 0.0 1
_Cos_42036803431061998 11 "HSC-SSP Public Data Release 4 (Wide)" 132.23405188853437 0.04223225266338537 1800.0 1 L r 42036803431061998 1407.0509 18.744724 1779.3575 28.476698 2720.1843 28.86044 4521.0396 59.258186 4686.5273 120.585495 nan nan nan nan nan nan nan nan nan nan nan nan 1e-07 1e-07 0.0 0.0 0.0 0.0 1
_Cos_42036803431062632 11 "HSC-SSP Public Data Release 4 (Wide)" 132.15176181097107 0.05834532787115334 1800.0 1 L r 42036803431062632 418.63745 20.45934 554.16974 32.397205 1060.2981 34.918682 1116.2526 59.801083 1036.1326 115.921936 nan nan nan nan nan nan nan nan nan nan nan nan 1e-07 1e-07 0.0 0.0 0.0 0.0 1
_Cos_42036803431062719 11 "HSC-SSP Public Data Release 4 (Wide)" 132.27949919488333 0.060784016671632655 1800.0 1 L r 42036803431062719 704.4065 26.210384 960.1101 38.722195 2255.1287 44.542458 3380.8735 93.11314 3781.4985 173.37128 nan nan nan nan nan nan nan nan nan nan nan nan 1e-07 1e-07 0.0 0.0 0.0 0.0 1
_Cos_42036803431062883 11 "HSC-SSP Public Data Release 4 (Wide)" 132.22830311476392 0.06437984016395543 1800.0 1 L r 42036803431062883 456.31854 22.787703 663.16016 37.927555 1108.2161 46.695435 1474.7711 94.79294 751.0539 132.46512 nan nan nan nan nan nan nan nan nan nan nan nan 1e-07 1e-07 0.0 0.0 0.0 0.0 1
_Cos_42036803431063032 11 "HSC-SSP Public Data Release 4 (Wide)" 132.17475980544873 0.06814418940457577 1800.0 1 L r 42036803431063032 449.76053 18.751347 651.69916 33.820267 942.1443 37.021816 1254.904 81.14847 1730.8978 151.52206 nan nan nan nan nan nan nan nan nan nan nan nan 1e-07 1e-07 0.0 0.0 0.0 0.0 1
_Cos_42036803431063290 11 "HSC-SSP Public Data Release 4 (Wide)" 132.16382669943854 0.0757864523354369 1800.0 1 L r 42036803431063290 1686.3728 17.035192 2272.8765 26.867249 2488.1382 28.418295 2629.0845 54.074627 2585.7424 103.42854 nan nan nan nan nan nan nan nan nan nan nan nan 1e-07 1e-07 0.0 0.0 0.0 0.0 1
_Cos_42036803431063457 11 "HSC-SSP Public Data Release 4 (Wide)" 132.23868921712867 0.07786379660698961 1800.0 1 L r 42036803431063457 602.97034 23.283157 711.03076 38.52473 1068.7954 49.09111 1081.1332 69.11122 489.08423 143.80017 nan nan nan nan nan nan nan nan nan nan nan nan 1e-07 1e-07 0.0 0.0 0.0 0.0 1
_Cos_42036803431063565 11 "HSC-SSP Public Data Release 4 (Wide)" 132.2179170860567 0.0803486095902347 1800.0 1 L r 42036803431063565 698.387 24.745281 1004.02545 36.561043 1741.4774 38.8478 3162.28 74.62636 4138.031 142.71861 nan nan nan nan nan nan nan nan nan nan nan nan 1e-07 1e-07 0.0 0.0 0.0 0.0 1
_Cos_42036803431063810 11 "HSC-SSP Public Data Release 4 (Wide)" 132.26071772468904 0.08509114868192712 1800.0 1 L r 42036803431063810 956.105 37.082825 1192.1821 49.853706 1771.3961 47.217033 2797.689 105.46259 3641.2708 179.93324 nan nan nan nan nan nan nan nan nan nan nan nan 1e-07 1e-07 0.0 0.0 0.0 0.0 1
_Cos_42036807726006965 11 "HSC-SSP Public Data Release 4 (Wide)" 132.18327080575278 0.10139059373778243 1800.0 1 L r 42036807726006965 561.3958 19.336853 712.1746 31.867657 1085.5858 36.724823 1452.6788 72.8363 1559.4882 148.69333 nan nan nan nan nan nan nan nan nan nan nan nan 1e-07 1e-07 0.0 0.0 0.0 0.0 1
_Cos_42036807726008028 11 "HSC-SSP Public Data Release 4 (Wide)" 132.28922451366049 0.12948576081970042 1800.0 1 L r 42036807726008028 914.12537 22.621958 1363.5615 33.932163 2343.5735 33.14122 3946.146 66.21808 5026.301 142.4933 nan nan nan nan nan nan nan nan nan nan nan nan 1e-07 1e-07 0.0 0.0 0.0 0.0 1
_Cos_42036807726009492 11 "HSC-SSP Public Data Release 4 (Wide)" 132.1406181808383 0.1694969601003492 1800.0 1 L r 42036807726009492 1060.4363 36.029488 1375.4761 73.527626 1431.7512 64.23653 2370.3188 119.55544 1737.7681 164.4876 nan nan nan nan nan nan nan nan nan nan nan nan 1e-07 1e-07 0.0 0.0 0.0 0.0 1
_Cos_42036807726009583 11 "HSC-SSP Public Data Release 4 (Wide)" 132.20728954088554 0.17253746648578064 1800.0 1 L r 42036807726009583 322.61374 29.879972 421.24722 29.21466 1055.4785 30.473593 1803.6787 53.539406 2166.0317 111.96055 nan nan nan nan nan nan nan nan nan nan nan nan 1e-07 1e-07 0.0 0.0 0.0 0.0 1
_Cos_42036807726009842 11 "HSC-SSP Public Data Release 4 (Wide)" 132.29528956121254 0.1792606538522633 1800.0 1 L r 42036807726009842 415.00256 20.074097 516.8282 29.902569 918.48303 30.080421 1170.7134 61.15289 1429.7069 106.11451 nan nan nan nan nan nan nan nan nan nan nan nan 1e-07 1e-07 0.0 0.0 0.0 0.0 1
_Cos_42036807726009901 11 "HSC-SSP Public Data Release 4 (Wide)" 132.21193155099527 0.1805581670757612 1800.0 1 L r 42036807726009901 1029.4323 24.584742 1264.852 36.570595 1544.6549 41.534485 1733.2135 82.078606 1825.9407 163.46048 nan nan nan nan nan nan nan nan nan nan nan nan 1e-07 1e-07 0.0 0.0 0.0 0.0 1
_Cos_42036807726010152 11 "HSC-SSP Public Data Release 4 (Wide)" 132.16001207869363 0.18746915891887173 1800.0 1 L r 42036807726010152 918.94653 38.33592 660.31665 40.11897 1843.7788 84.461845 2038.3645 107.178825 2746.068 202.6696 nan nan nan nan nan nan nan nan nan nan nan nan 1e-07 1e-07 0.0 0.0 0.0 0.0 1
_Cos_42036807726010544 11 "HSC-SSP Public Data Release 4 (Wide)" 132.14344891272933 0.197603725459923 1800.0 1 L r 42036807726010544 447.1668 21.725859 667.9089 42.51898 925.23035 35.30151 1500.1488 65.70853 1314.7294 116.73349 nan nan nan nan nan nan nan nan nan nan nan nan 1e-07 1e-07 0.0 0.0 0.0 0.0 1
_Cos_42036807726010676 11 "HSC-SSP Public Data Release 4 (Wide)" 132.16504616149507 0.2012080910954217 1800.0 1 L r 42036807726010676 2295.2168 29.023956 2349.8093 39.064045 2806.6738 46.105156 5136.1577 88.65016 5492.7207 166.38881 nan nan nan nan nan nan nan nan nan nan nan nan 1e-07 1e-07 0.0 0.0 0.0 0.0 1
_Cos_42036807726010763 11 "HSC-SSP Public Data Release 4 (Wide)" 132.26962350853688 0.20291691344448137 1800.0 1 L r 42036807726010763 1366.5409 18.60755 1618.2621 33.219986 2009.5995 29.480093 2268.8892 59.31499 2965.8882 132.68529 nan nan nan nan nan nan nan nan nan nan nan nan 1e-07 1e-07 0.0 0.0 0.0 0.0 1
_Cos_42036807726011017 11 "HSC-SSP Public Data Release 4 (Wide)" 132.21301216172603 0.20941024014020543 1800.0 1 L r 42036807726011017 836.2673 23.225851 927.5219 37.429592 1257.6688 33.847805 1520.3756 65.51317 1505.372 131.79631 nan nan nan nan nan nan nan nan nan nan nan nan 1e-07 1e-07 0.0 0.0 0.0 0.0 1
_Cos_42036807726011460 11 "HSC-SSP Public Data Release 4 (Wide)" 132.25476480871495 0.21956477747985192 1800.0 1 L r 42036807726011460 403.60223 22.181295 615.70886 32.165222 1084.8447 32.317696 2194.3228 67.91609 3308.3503 140.7365 nan nan nan nan nan nan nan nan nan nan nan nan 1e-07 1e-07 0.0 0.0 0.0 0.0 1
_Cos_42036807726011555 11 "HSC-SSP Public Data Release 4 (Wide)" 132.30815628049584 0.22207757568841283 1800.0 1 L r 42036807726011555 889.65405 20.627508 1205.7524 36.90339 1903.6187 33.989708 2428.5146 63.204998 2857.2627 162.65099 nan nan nan nan nan nan nan nan nan nan nan nan 1e-07 1e-07 0.0 0.0 0.0 0.0 1
_Cos_42036807726023656 11 "HSC-SSP Public Data Release 4 (Wide)" 132.23504835780287 0.09267490405903471 1800.0 1 L r 42036807726023656 881.48114 23.141226 1244.0494 38.19344 1592.568 34.88597 2701.0867 64.67049 3375.5518 130.24106 nan nan nan nan nan nan nan nan nan nan nan nan 1e-07 1e-07 0.0 0.0 0.0 0.0 1
_Cos_42036807726023705 11 "HSC-SSP Public Data Release 4 (Wide)" 132.14863642453386 0.0939289103439236 1800.0 1 L r 42036807726023705 759.4506 21.270674 1139.5911 36.4637 1634.4642 34.883476 2559.0579 77.42249 2092.056 139.41852 nan nan nan nan nan nan nan nan nan nan nan nan 1e-07 1e-07 0.0 0.0 0.0 0.0 1
_Cos_42036807726023885 11 "HSC-SSP Public Data Release 4 (Wide)" 132.29827837141605 0.09698164334335474 1800.0 1 L r 42036807726023885 1269.7911 23.816204 1460.2417 37.54852 1813.0315 38.589058 1743.2731 63.27213 2033.4462 142.01831 nan nan nan nan nan nan nan nan nan nan nan nan 1e-07 1e-07 0.0 0.0 0.0 0.0 1
_Cos_42036807726024417 11 "HSC-SSP Public Data Release 4 (Wide)" 132.25095591669285 0.10729368669052866 1800.0 1 L r 42036807726024417 868.5967 22.959139 1399.702 47.90985 1721.5557 30.402977 3065.94 63.973167 4011.9902 118.224724 nan nan nan nan nan nan nan nan nan nan nan nan 1e-07 1e-07 0.0 0.0 0.0 0.0 1
_Cos_42036807726024426 11 "HSC-SSP Public Data Release 4 (Wide)" 132.21149843865436 0.107279232800484 1800.0 1 L r 42036807726024426 1364.2 27.95914 1576.1083 36.24374 2263.475 32.155823 4026.6394 65.768936 4532.89 130.28076 nan nan nan nan nan nan nan nan nan nan nan nan 1e-07 1e-07 0.0 0.0 0.0 0.0 1
_Cos_42036807726024641 11 "HSC-SSP Public Data Release 4 (Wide)" 132.24408591832722 0.11074493830829005 1800.0 1 L r 42036807726024641 551.99396 27.09644 591.165 41.606285 1000.76337 36.86323 1466.8893 71.50034 1747.7291 139.92291 nan nan nan nan nan nan nan nan nan nan nan nan 1e-07 1e-07 0.0 0.0 0.0 0.0 1
_Cos_42036807726024898 11 "HSC-SSP Public Data Release 4 (Wide)" 132.1413676640525 0.11946846595110049 1800.0 1 L r 42036807726024898 1198.1201 34.505554 1432.8344 50.7547 2205.5264 57.316933 3385.671 125.93437 2842.9705 213.0684 nan nan nan nan nan nan nan nan nan nan nan nan 1e-07 1e-07 0.0 0.0 0.0 0.0 1
_Cos_42036807726024970 11 "HSC-SSP Public Data Release 4 (Wide)" 132.18620132112733 0.12181033610614385 1800.0 1 L r 42036807726024970 892.2992 45.075375 844.3343 37.66142 1566.4158 27.969936 2511.9194 53.69144 2800.932 102.63396 nan nan nan nan nan nan nan nan nan nan nan nan 1e-07 1e-07 0.0 0.0 0.0 0.0 1
_Cos_42036807726025058 11 "HSC-SSP Public Data Release 4 (Wide)" 132.1709273366239 0.12189548677687222 1800.0 1 L r 42036807726025058 590.5752 19.117159 797.56525 35.215797 1092.4426 44.180683 1288.6289 81.548775 1741.0018 207.4319 nan nan nan nan nan nan nan nan nan nan nan nan 1e-07 1e-07 0.0 0.0 0.0 0.0 1
_Cos_42036807726025197 11 "HSC-SSP Public Data Release 4 (Wide)" 132.265791995685 0.12516646123605843 1800.0 1 L r 42036807726025197 1254.1743 19.251368 1470.3264 30.347069 1797.4554 25.232946 2417.2349 51.23329 2911.7417 105.1428 nan nan nan nan nan nan nan nan nan nan nan nan 1e-07 1e-07 0.0 0.0 0.0 0.0 1
_Cos_42036807726025247 11 "HSC-SSP Public Data Release 4 (Wide)" 132.30959853558156 0.12481630151352037 1800.0 1 L r 42036807726025247 1382.6765 22.146887 1757.8533 37.514687 2443.7832 41.29238 4200.892 84.880615 3595.1558 143.02812 nan nan nan nan nan nan nan nan nan nan nan nan 1e-07 1e-07 0.0 0.0 0.0 0.0 1
_Cos_42036807726025295 11 "HSC-SSP Public Data Release 4 (Wide)" 132.15865162137 0.13274010859575816 1800.0 1 L r 42036807726025295 1031.5272 20.727924 1294.929 32.161438 1818.6746 34.873783 2088.927 58.916733 3709.0303 131.87129 nan nan nan nan nan nan nan nan nan nan nan nan 1e-07 1e-07 0.0 0.0 0.0 0.0 1
_Cos_42036807726025835 11 "HSC-SSP Public Data Release 4 (Wide)" 132.2815304184289 0.13652039676618175 1800.0 1 L r 42036807726025835 642.46106 23.543573 612.8161 37.591206 1165.6757 30.571522 1391.597 51.573055 2217.076 123.83742 nan nan nan nan nan nan nan nan nan nan nan nan 1e-07 1e-07 0.0 0.0 0.0 0.0 1
