output/Jan25/final/field_a_L3_visit1_final_targets.ecsv
# %ECSV 1.0
# ---
# datatype:
# - {name: ob_code, datatype: string}
# - {name: catId, datatype: int32}
# - {name: description, datatype: string}
# - {name: ra, datatype: float64}
# - {name: dec, datatype: float64}
# - {name: exptime, datatype: float64}
# - {name: priority, datatype: int32}
# - {name: resolution, datatype: string}
# - {name: reference_arm, datatype: string}
# - {name: obj_id, datatype: int64}
# - {name: g_hsc, datatype: float64}
# - {name: g_hsc_err, datatype: float64}
# - {name: r2_hsc, datatype: float64}
# - {name: r2_hsc_err, datatype: float64}
# - {name: i2_hsc, datatype: float64}
# - {name: i2_hsc_err, datatype: float64}
# - {name: z_hsc, datatype: float64}
# - {name: z_hsc_err, datatype: float64}
# - {name: y_hsc, datatype: float64}
# - {name: y_hsc_err, datatype: float64}
# - {name: epoch, datatype: float64}
# - {name: input_catalog_id, datatype: float64}
# - {name: psf_flux_g, datatype: float64}
# - {name: psf_flux_error_g, datatype: float64}
# - {name: psf_flux_r, datatype: float64}
# - {name: psf_flux_error_r, datatype: float64}
# - {name: psf_flux_i, datatype: float64}
# - {name: psf_flux_error_i, datatype: float64}
# - {name: psf_flux_z, datatype: float64}
# - {name: psf_flux_error_z, datatype: float64}
# - {name: psf_flux_y, datatype: float64}
# - {name: psf_flux_error_y, datatype: float64}
# - {name: parallax, datatype: float64}
# - {name: parallax_error, datatype: float64}
# - {name: pmra, datatype: float64}
# - {name: pmra_error, datatype: float64}
# - {name: pmdec, datatype: float64}
# - {name: pmdec_error, datatype: float64}
# - {name: target_type, datatype: int32}
# schema: astropy-2.0
ob_code catId description ra dec exptime priority resolution reference_arm obj_id g_hsc g_hsc_err r2_hsc r2_hsc_err i2_hsc i2_hsc_err z_hsc z_hsc_err y_hsc y_hsc_err epoch input_catalog_id psf_flux_g psf_flux_error_g psf_flux_r psf_flux_error_r psf_flux_i psf_flux_error_i psf_flux_z psf_flux_error_z psf_flux_y psf_flux_error_y parallax parallax_error pmra pmra_error pmdec pmdec_error target_type
[from data line 1455]
_Cos_37494321464742112 11 "HSC-SSP Public Data Release 4 (Wide)" 36.72059361561845 -5.392823022892898 1800.0 1 L r 37494321464742112 718.47235 21.072376 865.6824 30.358131 1330.0559 27.467287 1614.5784 62.394337 3173.3367 204.77396 nan nan nan nan nan nan nan nan nan nan nan nan 1e-07 1e-07 0.0 0.0 0.0 0.0 1
_Cos_37494321464743632 11 "HSC-SSP Public Data Release 4 (Wide)" 36.55754383198868 -5.359231568669996 1800.0 1 L r 37494321464743632 883.4963 24.792051 1201.0209 34.545345 1909.2109 25.411957 2459.347 66.817894 2754.2148 181.72688 nan nan nan nan nan nan nan nan nan nan nan nan 1e-07 1e-07 0.0 0.0 0.0 0.0 1
_Cos_37494321464744964 11 "HSC-SSP Public Data Release 4 (Wide)" 36.678753077384805 -5.331430477032424 1800.0 1 L r 37494321464744964 928.90125 25.308187 1028.9636 32.176044 1284.1832 28.372406 2112.3076 78.175766 2682.6511 162.88797 nan nan nan nan nan nan nan nan nan nan nan nan 1e-07 1e-07 0.0 0.0 0.0 0.0 1
_Cos_37494321464756568 11 "HSC-SSP Public Data Release 4 (Wide)" 36.69333352041418 -5.478986055289663 1800.0 1 L r 37494321464756568 975.1724 22.066605 1048.5232 29.792624 1084.2795 23.570509 1241.6772 63.92618 2343.5566 212.68735 nan nan nan nan nan nan nan nan nan nan nan nan 1e-07 1e-07 0.0 0.0 0.0 0.0 1
_Cos_37494321464756627 11 "HSC-SSP Public Data Release 4 (Wide)" 36.65076539147446 -5.4781444640401835 1800.0 1 L r 37494321464756627 794.8492 27.584673 929.2428 34.533978 1237.8256 37.680485 1181.4282 79.37147 885.3629 148.70056 nan nan nan nan nan nan nan nan nan nan nan nan 1e-07 1e-07 0.0 0.0 0.0 0.0 1
_Cos_37494321464756752 11 "HSC-SSP Public Data Release 4 (Wide)" 36.66738930798149 -5.474302202040555 1800.0 1 L r 37494321464756752 753.605 31.232563 921.365 43.97007 1870.7969 45.948135 2809.9253 105.21185 2552.9646 253.49438 nan nan nan nan nan nan nan nan nan nan nan nan 1e-07 1e-07 0.0 0.0 0.0 0.0 1
_Cos_37494321464759849 11 "HSC-SSP Public Data Release 4 (Wide)" 36.660492245126804 -5.403818113267904 1800.0 1 L r 37494321464759849 709.3991 23.702486 799.2471 38.741753 958.9338 31.787745 1446.5328 91.64023 1666.389 189.8959 nan nan nan nan nan nan nan nan nan nan nan nan 1e-07 1e-07 0.0 0.0 0.0 0.0 1
_Cos_37494321464761061 11 "HSC-SSP Public Data Release 4 (Wide)" 36.67685696891882 -5.373381394337474 1800.0 1 L r 37494321464761061 964.00806 26.701881 1132.8617 39.968697 1521.2961 35.921295 2516.131 98.26406 2927.8728 212.63316 nan nan nan nan nan nan nan nan nan nan nan nan 1e-07 1e-07 0.0 0.0 0.0 0.0 1
_Cos_37494321464761105 11 "HSC-SSP Public Data Release 4 (Wide)" 36.54060982426888 -5.372357383558834 1800.0 1 L r 37494321464761105 597.3595 33.473824 882.0666 46.485584 1386.8463 40.49431 2374.075 104.33458 1782.8191 201.3846 nan nan nan nan nan nan nan nan nan nan nan nan 1e-07 1e-07 0.0 0.0 0.0 0.0 1
_Cos_37494321464761232 11 "HSC-SSP Public Data Release 4 (Wide)" 36.65267130293775 -5.3694805239046675 1800.0 1 L r 37494321464761232 687.9748 24.91385 763.3997 37.70546 989.59985 38.055195 1124.4845 98.57167 1450.6956 173.49666 nan nan nan nan nan nan nan nan nan nan nan nan 1e-07 1e-07 0.0 0.0 0.0 0.0 1
_Cos_37494321464761407 11 "HSC-SSP Public Data Release 4 (Wide)" 36.697896786631134 -5.365771820383093 1800.0 1 L r 37494321464761407 1627.0503 31.041058 2149.0757 47.47305 2921.749 44.74575 3649.5396 111.084854 6269.283 242.95818 nan nan nan nan nan nan nan nan nan nan nan nan 1e-07 1e-07 0.0 0.0 0.0 0.0 1
_Cos_37494321464761565 11 "HSC-SSP Public Data Release 4 (Wide)" 36.549144568345284 -5.360873040189867 1800.0 1 L r 37494321464761565 303.58453 27.60012 464.27176 35.365685 1155.4905 35.918556 1746.7477 97.248856 1440.7031 191.9848 nan nan nan nan nan nan nan nan nan nan nan nan 1e-07 1e-07 0.0 0.0 0.0 0.0 1
_Cos_37494321464761604 11 "HSC-SSP Public Data Release 4 (Wide)" 36.63911296303342 -5.361116294178226 1800.0 1 L r 37494321464761604 609.725 30.882393 853.69525 41.27068 1246.6669 40.47672 2271.3735 106.60728 2610.0928 231.65578 nan nan nan nan nan nan nan nan nan nan nan nan 1e-07 1e-07 0.0 0.0 0.0 0.0 1
_Cos_37494321464761744 11 "HSC-SSP Public Data Release 4 (Wide)" 36.67127287560472 -5.358668938801562 1800.0 1 L r 37494321464761744 613.6385 24.130697 738.4917 38.260433 1207.1104 28.843805 1517.5453 75.24763 2186.6821 188.80824 nan nan nan nan nan nan nan nan nan nan nan nan 1e-07 1e-07 0.0 0.0 0.0 0.0 1
_Cos_37494321464761970 11 "HSC-SSP Public Data Release 4 (Wide)" 36.69615775810424 -5.35270094054571 1800.0 1 L r 37494321464761970 690.23413 24.1226 1071.2568 34.415356 1496.5217 29.751799 2507.0 75.101135 2893.211 171.26051 nan nan nan nan nan nan nan nan nan nan nan nan 1e-07 1e-07 0.0 0.0 0.0 0.0 1
_Cos_37494321464762186 11 "HSC-SSP Public Data Release 4 (Wide)" 36.71837345263126 -5.348455811789082 1800.0 1 L r 37494321464762186 913.55286 29.751995 1024.8927 41.279568 1175.7261 36.25917 1446.1346 94.24877 3057.2832 325.13223 nan nan nan nan nan nan nan nan nan nan nan nan 1e-07 1e-07 0.0 0.0 0.0 0.0 1
_Cos_37494321464762746 11 "HSC-SSP Public Data Release 4 (Wide)" 36.70097782698608 -5.336101889980196 1800.0 1 L r 37494321464762746 698.179 26.578548 759.92206 30.605524 1012.5264 29.872396 1201.9379 82.64968 523.8686 117.91558 nan nan nan nan nan nan nan nan nan nan nan nan 1e-07 1e-07 0.0 0.0 0.0 0.0 1
_Cos_37494321464762977 11 "HSC-SSP Public Data Release 4 (Wide)" 36.6252177856693 -5.331141994557143 1800.0 1 L r 37494321464762977 1033.3726 34.335434 1078.2668 44.282402 1639.2283 39.40424 2810.6323 103.76978 3727.2927 236.07063 nan nan nan nan nan nan nan nan nan nan nan nan 1e-07 1e-07 0.0 0.0 0.0 0.0 1
_Cos_37494321464763112 11 "HSC-SSP Public Data Release 4 (Wide)" 36.563421940308 -5.327691421541596 1800.0 1 L r 37494321464763112 1306.7274 45.566406 1704.9431 64.53405 1422.3453 40.48074 1909.0564 109.18942 1936.8658 232.02739 nan nan nan nan nan nan nan nan nan nan nan nan 1e-07 1e-07 0.0 0.0 0.0 0.0 1
_Cos_37494321464764025 11 "HSC-SSP Public Data Release 4 (Wide)" 36.59141312368609 -5.307033672043927 1800.0 1 L r 37494321464764025 610.49084 26.960943 689.06213 38.607002 980.608 39.255646 1171.1086 103.79091 696.88385 157.11235 nan nan nan nan nan nan nan nan nan nan nan nan 1e-07 1e-07 0.0 0.0 0.0 0.0 1
_Cos_37494325759706515 11 "HSC-SSP Public Data Release 4 (Wide)" 36.66976081282255 -5.271520812985943 1800.0 1 L r 37494325759706515 613.83124 21.457092 808.68085 29.428213 1225.6935 23.066732 1889.6136 69.81974 1978.8673 142.50145 nan nan nan nan nan nan nan nan nan nan nan nan 1e-07 1e-07 0.0 0.0 0.0 0.0 1
_Cos_37494325759706707 11 "HSC-SSP Public Data Release 4 (Wide)" 36.57437567201095 -5.267227395503115 1800.0 1 L r 37494325759706707 636.4071 32.16349 837.27325 49.570587 931.28015 43.35687 1100.811 133.06944 409.1729 145.69003 nan nan nan nan nan nan nan nan nan nan nan nan 1e-07 1e-07 0.0 0.0 0.0 0.0 1
_Cos_37494325759708890 11 "HSC-SSP Public Data Release 4 (Wide)" 36.541312760781395 -5.2187742542305475 1800.0 1 L r 37494325759708890 1150.1096 32.464287 1391.7482 51.755264 2288.9934 41.296364 2742.7393 96.35682 3541.872 208.87776 nan nan nan nan nan nan nan nan nan nan nan nan 1e-07 1e-07 0.0 0.0 0.0 0.0 1
_Cos_37494325759709240 11 "HSC-SSP Public Data Release 4 (Wide)" 36.57614119322223 -5.210809786392067 1800.0 1 L r 37494325759709240 1349.5941 24.257385 1954.4856 37.672134 2242.126 28.778963 4014.4885 127.73421 4077.6807 215.26848 nan nan nan nan nan nan nan nan nan nan nan nan 1e-07 1e-07 0.0 0.0 0.0 0.0 1
_Cos_37494325759709579 11 "HSC-SSP Public Data Release 4 (Wide)" 36.65459104384305 -5.204078590924915 1800.0 1 L r 37494325759709579 710.2124 33.59078 935.6871 45.034435 1363.3683 35.785717 2844.8733 104.833244 3481.8901 191.79036 nan nan nan nan nan nan nan nan nan nan nan nan 1e-07 1e-07 0.0 0.0 0.0 0.0 1
_Cos_37494325759709889 11 "HSC-SSP Public Data Release 4 (Wide)" 36.70308528760797 -5.197695389004592 1800.0 1 L r 37494325759709889 511.2899 27.385635 909.24036 38.699715 1655.3278 31.248491 3884.9648 100.7766 4755.8735 194.14195 nan nan nan nan nan nan nan nan nan nan nan nan 1e-07 1e-07 0.0 0.0 0.0 0.0 1
_Cos_37494325759709946 11 "HSC-SSP Public Data Release 4 (Wide)" 36.562490821932684 -5.1963866439274105 1800.0 1 L r 37494325759709946 636.94824 28.927868 704.00964 40.290184 929.72614 34.28155 786.8432 77.87609 661.83105 158.96384 nan nan nan nan nan nan nan nan nan nan nan nan 1e-07 1e-07 0.0 0.0 0.0 0.0 1
_Cos_37494325759710720 11 "HSC-SSP Public Data Release 4 (Wide)" 36.640539317894756 -5.180029057471065 1800.0 1 L r 37494325759710720 1094.6852 37.127827 1481.6705 52.890755 2745.3574 42.18262 3181.0417 118.42286 3034.261 205.2446 nan nan nan nan nan nan nan nan nan nan nan nan 1e-07 1e-07 0.0 0.0 0.0 0.0 1
_Cos_37494325759711753 11 "HSC-SSP Public Data Release 4 (Wide)" 36.66429371420491 -5.159202752599866 1800.0 1 L r 37494325759711753 833.0208 22.77188 1106.5732 38.222416 1127.5068 25.363516 1387.7747 70.58915 1259.9026 123.8655 nan nan nan nan nan nan nan nan nan nan nan nan 1e-07 1e-07 0.0 0.0 0.0 0.0 1
_Cos_37494325759712627 11 "HSC-SSP Public Data Release 4 (Wide)" 36.56941319958102 -5.138769395555627 1800.0 1 L r 37494325759712627 866.02185 32.79551 965.34015 44.057774 1065.2885 36.46691 1167.5275 109.91495 1003.07153 149.07019 nan nan nan nan nan nan nan nan nan nan nan nan 1e-07 1e-07 0.0 0.0 0.0 0.0 1
_Cos_37494325759713464 11 "HSC-SSP Public Data Release 4 (Wide)" 36.704933610885135 -5.120821137079896 1800.0 1 L r 37494325759713464 1116.4825 40.538486 1363.4897 48.11231 1791.9888 47.557407 2942.6611 117.096016 3138.9863 244.98596 nan nan nan nan nan nan nan nan nan nan nan nan 1e-07 1e-07 0.0 0.0 0.0 0.0 1
_Cos_37494325759724024 11 "HSC-SSP Public Data Release 4 (Wide)" 36.575678208702186 -5.295434870114514 1800.0 1 L r 37494325759724024 524.1416 23.4261 774.6856 34.14804 1002.0073 26.5435 2040.1201 93.99934 2571.9521 185.22055 nan nan nan nan nan nan nan nan nan nan nan nan 1e-07 1e-07 0.0 0.0 0.0 0.0 1
_Cos_37494325759724264 11 "HSC-SSP Public Data Release 4 (Wide)" 36.6797406235816 -5.287736705381929 1800.0 1 L r 37494325759724264 1442.54 23.41481 1684.8131 31.812458 2186.2615 27.820988 3021.35 93.75711 3129.471 167.17432 nan nan nan nan nan nan nan nan nan nan nan nan 1e-07 1e-07 0.0 0.0 0.0 0.0 1
_Cos_37494325759724473 11 "HSC-SSP Public Data Release 4 (Wide)" 36.55471279492487 -5.28561938623528 1800.0 1 L r 37494325759724473 550.9474 47.767868 272.3085 41.2599 1382.8987 44.249332 748.5636 86.38668 1915.2218 217.02672 nan nan nan nan nan nan nan nan nan nan nan nan 1e-07 1e-07 0.0 0.0 0.0 0.0 1
_Cos_37494325759724759 11 "HSC-SSP Public Data Release 4 (Wide)" 36.59797802760842 -5.275109269594417 1800.0 1 L r 37494325759724759 767.9126 29.658115 804.1197 41.183037 1024.1572 36.675198 1431.3722 100.690414 1360.3293 201.44609 nan nan nan nan nan nan nan nan nan nan nan nan 1e-07 1e-07 0.0 0.0 0.0 0.0 1
_Cos_37494325759724810 11 "HSC-SSP Public Data Release 4 (Wide)" 36.535974196398215 -5.273196244542967 1800.0 1 L r 37494325759724810 581.4964 26.545967 786.56946 40.27714 1105.9257 26.366768 1328.1311 85.867226 1231.4348 149.19324 nan nan nan nan nan nan nan nan nan nan nan nan 1e-07 1e-07 0.0 0.0 0.0 0.0 1
_Cos_37494325759725224 11 "HSC-SSP Public Data Release 4 (Wide)" 36.70462721776398 -5.263043639870387 1800.0 1 L r 37494325759725224 652.6238 31.743713 705.12366 38.604404 949.28894 28.374771 1405.566 90.043365 1247.4396 184.05528 nan nan nan nan nan nan nan nan nan nan nan nan 1e-07 1e-07 0.0 0.0 0.0 0.0 1
_Cos_37494325759725252 11 "HSC-SSP Public Data Release 4 (Wide)" 36.619883791509395 -5.263072468721438 1800.0 1 L r 37494325759725252 522.695 24.42086 603.7404 29.18019 1392.3845 24.009846 2038.8632 80.44191 2218.908 153.45145 nan nan nan nan nan nan nan nan nan nan nan nan 1e-07 1e-07 0.0 0.0 0.0 0.0 1
_Cos_37494325759725692 11 "HSC-SSP Public Data Release 4 (Wide)" 36.68440074258306 -5.253280866826399 1800.0 1 L r 37494325759725692 1356.016 29.12481 1735.6294 34.441776 2186.021 28.45527 2286.9602 75.83408 3126.9075 207.96991 nan nan nan nan nan nan nan nan nan nan nan nan 1e-07 1e-07 0.0 0.0 0.0 0.0 1
_Cos_37494325759725915 11 "HSC-SSP Public Data Release 4 (Wide)" 36.70061006842069 -5.248279994598187 1800.0 1 L r 37494325759725915 721.3641 31.551878 782.62885 35.46811 1048.685 36.8077 2777.5256 116.36861 1322.0975 204.24957 nan nan nan nan nan nan nan nan nan nan nan nan 1e-07 1e-07 0.0 0.0 0.0 0.0 1
_Cos_37494325759725927 11 "HSC-SSP Public Data Release 4 (Wide)" 36.578463458242986 -5.2477072080652265 1800.0 1 L r 37494325759725927 820.45764 26.624962 877.55023 36.808025 953.37225 28.061104 1112.8475 91.99477 1320.3333 149.8185 nan nan nan nan nan nan nan nan nan nan nan nan 1e-07 1e-07 0.0 0.0 0.0 0.0 1
_Cos_37494325759726133 11 "HSC-SSP Public Data Release 4 (Wide)" 36.562157253023464 -5.242848627658127 1800.0 1 L r 37494325759726133 1352.2738 86.80348 1866.8043 99.753334 2610.4402 45.58817 3363.8577 114.45249 4184.427 261.32898 nan nan nan nan nan nan nan nan nan nan nan nan 1e-07 1e-07 0.0 0.0 0.0 0.0 1
_Cos_37494325759726858 11 "HSC-SSP Public Data Release 4 (Wide)" 36.67986444117879 -5.2252687782347245 1800.0 1 L r 37494325759726858 1272.0353 32.98668 1803.1858 49.70465 3337.262 43.606014 4100.9487 101.41679 4208.659 232.74904 nan nan nan nan nan nan nan nan nan nan nan nan 1e-07 1e-07 0.0 0.0 0.0 0.0 1
_Cos_37494325759727019 11 "HSC-SSP Public Data Release 4 (Wide)" 36.66425982315395 -5.220969524100177 1800.0 1 L r 37494325759727019 809.91736 26.223616 1122.2081 36.430317 1842.1747 29.18389 2456.486 83.30451 3498.0566 168.198 nan nan nan nan nan nan nan nan nan nan nan nan 1e-07 1e-07 0.0 0.0 0.0 0.0 1
_Cos_37494325759727152 11 "HSC-SSP Public Data Release 4 (Wide)" 36.58407682809095 -5.21680495071962 1800.0 1 L r 37494325759727152 1225.8126 22.02752 1358.9888 32.600014 1427.5995 23.276926 2498.3633 87.74004 1921.137 143.03102 nan nan nan nan nan nan nan nan nan nan nan nan 1e-07 1e-07 0.0 0.0 0.0 0.0 1
_Cos_37494325759727210 11 "HSC-SSP Public Data Release 4 (Wide)" 36.57275525832706 -5.217402209344545 1800.0 1 L r 37494325759727210 935.80145 28.385647 1168.6227 41.616974 2199.2424 40.673122 2666.6194 104.80338 3401.1426 215.62111 nan nan nan nan nan nan nan nan nan nan nan nan 1e-07 1e-07 0.0 0.0 0.0 0.0 1
_Cos_37494325759728134 11 "HSC-SSP Public Data Release 4 (Wide)" 36.60587052933507 -5.195099236333525 1800.0 1 L r 37494325759728134 994.41425 27.757416 1283.089 42.127575 1767.1875 31.009943 1940.341 80.7705 3222.7886 200.39969 nan nan nan nan nan nan nan nan nan nan nan nan 1e-07 1e-07 0.0 0.0 0.0 0.0 1
_Cos_37494325759728166 11 "HSC-SSP Public Data Release 4 (Wide)" 36.631006359872345 -5.194166556063886 1800.0 1 L r 37494325759728166 1296.5997 36.622314 1778.3855 46.636494 3381.8518 46.201935 4124.8286 129.58987 3729.1726 247.69495 nan nan nan nan nan nan nan nan nan nan nan nan 1e-07 1e-07 0.0 0.0 0.0 0.0 1
_Cos_37494325759728304 11 "HSC-SSP Public Data Release 4 (Wide)" 36.719449743288315 -5.19211661212218 1800.0 1 L r 37494325759728304 1210.5533 24.980694 1368.8113 37.54291 1522.1234 32.6509 1803.1476 97.41089 2570.3252 261.90616 nan nan nan nan nan nan nan nan nan nan nan nan 1e-07 1e-07 0.0 0.0 0.0 0.0 1
_Cos_37494325759728648 11 "HSC-SSP Public Data Release 4 (Wide)" 36.68760580852841 -5.183668642029397 1800.0 1 L r 37494325759728648 932.85046 20.372828 1199.1139 29.47421 1409.6132 29.230993 2155.603 67.66143 2263.018 143.83936 nan nan nan nan nan nan nan nan nan nan nan nan 1e-07 1e-07 0.0 0.0 0.0 0.0 1
_Cos_37494325759728968 11 "HSC-SSP Public Data Release 4 (Wide)" 36.54921233139284 -5.175928634184305 1800.0 1 L r 37494325759728968 886.67615 29.815882 1058.0421 54.36591 1481.2836 45.016068 1489.549 108.35784 1809.1578 222.50627 nan nan nan nan nan nan nan nan nan nan nan nan 1e-07 1e-07 0.0 0.0 0.0 0.0 1
