output/Jan25/final/field_a_L3_visit2_final_targets.ecsv
# %ECSV 1.0
# ---
# datatype:
# - {name: ob_code, datatype: string}
# - {name: catId, datatype: int32}
# - {name: description, datatype: string}
# - {name: ra, datatype: float64}
# - {name: dec, datatype: float64}
# - {name: exptime, datatype: float64}
# - {name: priority, datatype: int32}
# - {name: resolution, datatype: string}
# - {name: reference_arm, datatype: string}
# - {name: obj_id, datatype: int64}
# - {name: g_hsc, datatype: float64}
# - {name: g_hsc_err, datatype: float64}
# - {name: r2_hsc, datatype: float64}
# - {name: r2_hsc_err, datatype: float64}
# - {name: i2_hsc, datatype: float64}
# - {name: i2_hsc_err, datatype: float64}
# - {name: z_hsc, datatype: float64}
# - {name: z_hsc_err, datatype: float64}
# - {name: y_hsc, datatype: float64}
# - {name: y_hsc_err, datatype: float64}
# - {name: epoch, datatype: float64}
# - {name: input_catalog_id, datatype: float64}
# - {name: psf_flux_g, datatype: float64}
# - {name: psf_flux_error_g, datatype: float64}
# - {name: psf_flux_r, datatype: float64}
# - {name: psf_flux_error_r, datatype: float64}
# - {name: psf_flux_i, datatype: float64}
# - {name: psf_flux_error_i, datatype: float64}
# - {name: psf_flux_z, datatype: float64}
# - {name: psf_flux_error_z, datatype: float64}
# - {name: psf_flux_y, datatype: float64}
# - {name: psf_flux_error_y, datatype: float64}
# - {name: parallax, datatype: float64}
# - {name: parallax_error, datatype: float64}
# - {name: pmra, datatype: float64}
# - {name: pmra_error, datatype: float64}
# - {name: pmdec, datatype: float64}
# - {name: pmdec_error, datatype: float64}
# - {name: target_type, datatype: int32}
# schema: astropy-2.0
ob_code catId description ra dec exptime priority resolution reference_arm obj_id g_hsc g_hsc_err r2_hsc r2_hsc_err i2_hsc i2_hsc_err z_hsc z_hsc_err y_hsc y_hsc_err epoch input_catalog_id psf_flux_g psf_flux_error_g psf_flux_r psf_flux_error_r psf_flux_i psf_flux_error_i psf_flux_z psf_flux_error_z psf_flux_y psf_flux_error_y parallax parallax_error pmra pmra_error pmdec pmdec_error target_type
[from data line 832]
_Cos_37494050881818568 11 "HSC-SSP Public Data Release 4 (Wide)" 36.926752060637696 -5.265234284556006 1800.0 1 L r 37494050881818568 302.18335 27.408981 354.20105 38.430244 2976.2136 79.55892 809.40375 97.737946 1083.6267 216.27545 nan nan nan nan nan nan nan nan nan nan nan nan 1e-07 1e-07 0.0 0.0 0.0 0.0 1
_Cos_37494050881818958 11 "HSC-SSP Public Data Release 4 (Wide)" 37.01054831421871 -5.255860027457304 1800.0 1 L r 37494050881818958 1214.6187 35.240025 1205.2716 54.63691 1327.7202 32.736774 1561.841 86.234406 1552.7668 189.16617 nan nan nan nan nan nan nan nan nan nan nan nan 1e-07 1e-07 0.0 0.0 0.0 0.0 1
_Cos_37494050881819046 11 "HSC-SSP Public Data Release 4 (Wide)" 36.98868086286793 -5.2557130562370284 1800.0 1 L r 37494050881819046 607.1132 25.840633 842.5229 46.479324 984.1957 26.172604 1408.013 72.367874 2342.8157 172.79779 nan nan nan nan nan nan nan nan nan nan nan nan 1e-07 1e-07 0.0 0.0 0.0 0.0 1
_Cos_37494050881819208 11 "HSC-SSP Public Data Release 4 (Wide)" 36.97455033715258 -5.252333940024136 1800.0 1 L r 37494050881819208 1083.3212 35.12217 1295.1598 63.306114 1347.3132 41.85649 1362.2507 93.31189 602.821 121.36036 nan nan nan nan nan nan nan nan nan nan nan nan 1e-07 1e-07 0.0 0.0 0.0 0.0 1
_Cos_37494050881819546 11 "HSC-SSP Public Data Release 4 (Wide)" 36.951590728700374 -5.243292834923411 1800.0 1 L r 37494050881819546 732.7294 21.408354 770.8599 39.93064 1169.7795 25.144163 1604.5636 62.78708 1672.1042 151.71089 nan nan nan nan nan nan nan nan nan nan nan nan 1e-07 1e-07 0.0 0.0 0.0 0.0 1
_Cos_37494050881819732 11 "HSC-SSP Public Data Release 4 (Wide)" 36.92610990799838 -5.236945346788884 1800.0 1 L r 37494050881819732 828.24615 19.472755 1072.0642 37.11415 1173.8289 30.59254 1504.8031 74.344635 1389.2416 192.20222 nan nan nan nan nan nan nan nan nan nan nan nan 1e-07 1e-07 0.0 0.0 0.0 0.0 1
_Cos_37494050881820295 11 "HSC-SSP Public Data Release 4 (Wide)" 36.93650218035206 -5.223814513743258 1800.0 1 L r 37494050881820295 384.37228 23.841486 511.6369 34.65341 1034.6841 28.993357 1325.5919 79.41735 852.0118 140.64555 nan nan nan nan nan nan nan nan nan nan nan nan 1e-07 1e-07 0.0 0.0 0.0 0.0 1
_Cos_37494050881821204 11 "HSC-SSP Public Data Release 4 (Wide)" 37.02545059236331 -5.20624717375766 1800.0 1 L r 37494050881821204 824.13654 29.775867 755.65717 46.076664 1050.0831 32.411102 1275.8434 86.1682 921.0703 164.92928 nan nan nan nan nan nan nan nan nan nan nan nan 1e-07 1e-07 0.0 0.0 0.0 0.0 1
_Cos_37494050881821700 11 "HSC-SSP Public Data Release 4 (Wide)" 36.94332717701865 -5.194795624026141 1800.0 1 L r 37494050881821700 282.86942 25.38541 380.564 52.374474 1136.3905 34.920853 1712.8281 79.83893 1417.2853 169.792 nan nan nan nan nan nan nan nan nan nan nan nan 1e-07 1e-07 0.0 0.0 0.0 0.0 1
_Cos_37494050881821900 11 "HSC-SSP Public Data Release 4 (Wide)" 37.0569283449261 -5.192437202289628 1800.0 1 L r 37494050881821900 1065.3951 28.88392 1251.2551 46.26306 2197.426 42.828224 3107.9973 100.66596 3469.271 214.61461 nan nan nan nan nan nan nan nan nan nan nan nan 1e-07 1e-07 0.0 0.0 0.0 0.0 1
_Cos_37494050881822199 11 "HSC-SSP Public Data Release 4 (Wide)" 37.03896267159399 -5.183806679498319 1800.0 1 L r 37494050881822199 845.7182 27.583387 1120.4669 47.901165 1397.4156 27.71548 1839.0094 70.96703 2866.889 198.69511 nan nan nan nan nan nan nan nan nan nan nan nan 1e-07 1e-07 0.0 0.0 0.0 0.0 1
_Cos_37494050881822475 11 "HSC-SSP Public Data Release 4 (Wide)" 36.942315742412944 -5.1776166749762815 1800.0 1 L r 37494050881822475 711.06274 22.618961 1030.8917 56.76231 1303.8859 25.908329 2187.4958 72.52515 2610.3496 153.91043 nan nan nan nan nan nan nan nan nan nan nan nan 1e-07 1e-07 0.0 0.0 0.0 0.0 1
_Cos_37494050881822926 11 "HSC-SSP Public Data Release 4 (Wide)" 36.96051447410483 -5.168562093738158 1800.0 1 L r 37494050881822926 1047.3105 32.36953 1532.347 51.223576 1912.4535 46.19625 3708.823 106.40733 3259.9988 209.24364 nan nan nan nan nan nan nan nan nan nan nan nan 1e-07 1e-07 0.0 0.0 0.0 0.0 1
_Cos_37494050881823141 11 "HSC-SSP Public Data Release 4 (Wide)" 36.91108787586569 -5.1632250592790445 1800.0 1 L r 37494050881823141 981.00446 28.167627 1180.8284 53.47251 1301.7777 33.020226 1644.295 99.90943 2881.0488 203.52142 nan nan nan nan nan nan nan nan nan nan nan nan 1e-07 1e-07 0.0 0.0 0.0 0.0 1
_Cos_37494050881823273 11 "HSC-SSP Public Data Release 4 (Wide)" 36.99030786932567 -5.159474892079202 1800.0 1 L r 37494050881823273 800.5246 25.497292 897.7452 38.886078 1159.0024 24.94748 1183.3219 64.70346 1810.8024 202.5318 nan nan nan nan nan nan nan nan nan nan nan nan 1e-07 1e-07 0.0 0.0 0.0 0.0 1
_Cos_37494050881823541 11 "HSC-SSP Public Data Release 4 (Wide)" 37.061458360942375 -5.1530231831978135 1800.0 1 L r 37494050881823541 862.8736 24.535225 1070.1603 42.54355 2046.2034 38.067497 2549.298 101.0561 2497.2937 249.81956 nan nan nan nan nan nan nan nan nan nan nan nan 1e-07 1e-07 0.0 0.0 0.0 0.0 1
_Cos_37494050881823824 11 "HSC-SSP Public Data Release 4 (Wide)" 37.0281934797833 -5.146105144592158 1800.0 1 L r 37494050881823824 417.50037 50.708515 563.44104 110.02422 1164.4565 43.30537 956.1456 79.729164 961.4688 160.79903 nan nan nan nan nan nan nan nan nan nan nan nan 1e-07 1e-07 0.0 0.0 0.0 0.0 1
_Cos_37494050881823924 11 "HSC-SSP Public Data Release 4 (Wide)" 36.955268679797996 -5.142295271260704 1800.0 1 L r 37494050881823924 505.60968 28.254818 503.0669 40.3011 1055.4788 26.588728 1592.2775 59.106167 1114.5779 143.2718 nan nan nan nan nan nan nan nan nan nan nan nan 1e-07 1e-07 0.0 0.0 0.0 0.0 1
_Cos_37494050881824222 11 "HSC-SSP Public Data Release 4 (Wide)" 36.913328307744685 -5.131531981032603 1800.0 1 L r 37494050881824222 328.4942 41.053825 501.73776 45.450825 1121.3613 35.187935 1698.8218 106.39609 1948.1901 258.73907 nan nan nan nan nan nan nan nan nan nan nan nan 1e-07 1e-07 0.0 0.0 0.0 0.0 1
_Cos_37494050881824472 11 "HSC-SSP Public Data Release 4 (Wide)" 37.07574512855467 -5.128838216737272 1800.0 1 L r 37494050881824472 1787.0135 25.714855 1955.4861 40.86057 2573.3394 36.866127 4093.062 94.44363 3842.8928 195.09096 nan nan nan nan nan nan nan nan nan nan nan nan 1e-07 1e-07 0.0 0.0 0.0 0.0 1
_Cos_37494050881824493 11 "HSC-SSP Public Data Release 4 (Wide)" 37.004890660667606 -5.127761923220751 1800.0 1 L r 37494050881824493 544.8451 20.658745 661.5405 38.850586 924.1034 24.05822 1021.3509 77.744484 1938.4572 169.21124 nan nan nan nan nan nan nan nan nan nan nan nan 1e-07 1e-07 0.0 0.0 0.0 0.0 1
_Cos_37494050881824528 11 "HSC-SSP Public Data Release 4 (Wide)" 37.0309238102232 -5.12688491420589 1800.0 1 L r 37494050881824528 1261.9935 37.818317 1508.8484 62.54126 1868.8795 42.049797 2480.3032 114.78103 3512.0588 252.93037 nan nan nan nan nan nan nan nan nan nan nan nan 1e-07 1e-07 0.0 0.0 0.0 0.0 1
_Cos_37494050881824608 11 "HSC-SSP Public Data Release 4 (Wide)" 36.986415752571816 -5.128018196040664 1800.0 1 L r 37494050881824608 814.033 24.794392 831.722 36.991478 1547.449 30.111652 2052.874 85.82039 2706.1045 216.74728 nan nan nan nan nan nan nan nan nan nan nan nan 1e-07 1e-07 0.0 0.0 0.0 0.0 1
_Cos_37494055176766315 11 "HSC-SSP Public Data Release 4 (Wide)" 37.08575743667804 -5.0987324451721765 1800.0 1 L r 37494055176766315 511.3432 21.164684 604.96985 35.416946 1139.2151 27.263739 1673.5676 96.440216 2737.2407 211.18579 nan nan nan nan nan nan nan nan nan nan nan nan 1e-07 1e-07 0.0 0.0 0.0 0.0 1
_Cos_37494055176766709 11 "HSC-SSP Public Data Release 4 (Wide)" 36.97111837336015 -5.090878441338113 1800.0 1 L r 37494055176766709 804.44604 33.880222 1276.9866 43.341442 3609.2195 38.435345 5626.4336 86.13632 7142.6787 174.4061 nan nan nan nan nan nan nan nan nan nan nan nan 1e-07 1e-07 0.0 0.0 0.0 0.0 1
_Cos_37494055176767280 11 "HSC-SSP Public Data Release 4 (Wide)" 37.04716717298073 -5.078621723480479 1800.0 1 L r 37494055176767280 855.4218 22.09418 1341.6252 45.755966 1847.1931 34.69579 3179.575 106.09935 4223.798 208.79193 nan nan nan nan nan nan nan nan nan nan nan nan 1e-07 1e-07 0.0 0.0 0.0 0.0 1
_Cos_37494055176770051 11 "HSC-SSP Public Data Release 4 (Wide)" 37.04692227786036 -5.021978961736907 1800.0 1 L r 37494055176770051 457.4267 19.02936 516.748 29.384554 1231.0745 33.58626 1486.1194 87.22556 2063.2666 194.54585 nan nan nan nan nan nan nan nan nan nan nan nan 1e-07 1e-07 0.0 0.0 0.0 0.0 1
_Cos_37494055176772371 11 "HSC-SSP Public Data Release 4 (Wide)" 37.03664546132866 -4.971777848381823 1800.0 1 L r 37494055176772371 869.1113 26.573675 1153.6373 51.51632 1142.1946 37.02611 1398.506 100.0055 2016.0853 208.07242 nan nan nan nan nan nan nan nan nan nan nan nan 1e-07 1e-07 0.0 0.0 0.0 0.0 1
_Cos_37494055176784234 11 "HSC-SSP Public Data Release 4 (Wide)" 37.07868528695601 -5.10572257826561 1800.0 1 L r 37494055176784234 591.77576 25.736359 724.61304 42.236603 1113.9232 34.568264 1151.4781 70.71182 1331.02 132.54807 nan nan nan nan nan nan nan nan nan nan nan nan 1e-07 1e-07 0.0 0.0 0.0 0.0 1
_Cos_37494055176784579 11 "HSC-SSP Public Data Release 4 (Wide)" 37.0731888830807 -5.097803108249837 1800.0 1 L r 37494055176784579 845.8897 23.061323 984.7997 40.611267 1413.5691 30.01565 1599.06 76.270004 2044.9293 171.1648 nan nan nan nan nan nan nan nan nan nan nan nan 1e-07 1e-07 0.0 0.0 0.0 0.0 1
_Cos_37494055176784657 11 "HSC-SSP Public Data Release 4 (Wide)" 37.04408340416983 -5.097746283236313 1800.0 1 L r 37494055176784657 485.2365 21.92807 617.17645 41.5357 1174.9694 36.66007 1464.953 108.526375 1876.9786 208.91731 nan nan nan nan nan nan nan nan nan nan nan nan 1e-07 1e-07 0.0 0.0 0.0 0.0 1
_Cos_37494055176784732 11 "HSC-SSP Public Data Release 4 (Wide)" 36.99200193168563 -5.095472928500392 1800.0 1 L r 37494055176784732 1172.85 28.466652 1243.464 47.42886 2166.852 42.020767 2834.4834 125.96103 3149.1292 245.40303 nan nan nan nan nan nan nan nan nan nan nan nan 1e-07 1e-07 0.0 0.0 0.0 0.0 1
_Cos_37494055176785108 11 "HSC-SSP Public Data Release 4 (Wide)" 37.00802280482953 -5.088576787086781 1800.0 1 L r 37494055176785108 750.60864 28.73298 1153.9838 48.35458 2377.0034 37.89348 3397.3315 91.44141 4291.667 229.15504 nan nan nan nan nan nan nan nan nan nan nan nan 1e-07 1e-07 0.0 0.0 0.0 0.0 1
_Cos_37494055176785861 11 "HSC-SSP Public Data Release 4 (Wide)" 37.069200254018206 -5.068734995514726 1800.0 1 L r 37494055176785861 1589.0236 18.425657 1378.965 31.07441 1885.4855 23.288034 2383.4766 67.137825 2780.5405 146.405 nan nan nan nan nan nan nan nan nan nan nan nan 1e-07 1e-07 0.0 0.0 0.0 0.0 1
_Cos_37494055176786279 11 "HSC-SSP Public Data Release 4 (Wide)" 37.09201221203129 -5.060272276841888 1800.0 1 L r 37494055176786279 587.03455 32.56871 750.69476 50.367275 1696.1377 45.136116 2681.5913 127.5905 4307.2656 244.89923 nan nan nan nan nan nan nan nan nan nan nan nan 1e-07 1e-07 0.0 0.0 0.0 0.0 1
_Cos_37494055176787209 11 "HSC-SSP Public Data Release 4 (Wide)" 37.07481966343259 -5.035827487008154 1800.0 1 L r 37494055176787209 1589.002 22.766047 1730.9183 42.010983 2169.1384 38.26483 2180.7305 91.55373 2387.8381 196.97466 nan nan nan nan nan nan nan nan nan nan nan nan 1e-07 1e-07 0.0 0.0 0.0 0.0 1
_Cos_37494055176788317 11 "HSC-SSP Public Data Release 4 (Wide)" 37.03010487371702 -5.01223058386178 1800.0 1 L r 37494055176788317 752.5041 23.821466 858.8627 39.72083 1320.0463 30.018536 2166.4355 83.10143 1244.8885 185.11139 nan nan nan nan nan nan nan nan nan nan nan nan 1e-07 1e-07 0.0 0.0 0.0 0.0 1
_Cos_37494055176788546 11 "HSC-SSP Public Data Release 4 (Wide)" 37.0665554749867 -5.007566253920609 1800.0 1 L r 37494055176788546 458.3591 16.82327 673.56226 30.793535 1155.958 25.324324 1573.9434 79.697914 1129.514 126.845665 nan nan nan nan nan nan nan nan nan nan nan nan 1e-07 1e-07 0.0 0.0 0.0 0.0 1
_Cos_37494055176788744 11 "HSC-SSP Public Data Release 4 (Wide)" 37.08234166243299 -5.003401895560402 1800.0 1 L r 37494055176788744 954.81 23.972963 1121.604 41.51257 2119.51 35.69679 2399.4343 100.52731 2506.754 178.37563 nan nan nan nan nan nan nan nan nan nan nan nan 1e-07 1e-07 0.0 0.0 0.0 0.0 1
_Cos_37494055176788985 11 "HSC-SSP Public Data Release 4 (Wide)" 37.00489330093913 -4.999079479317797 1800.0 1 L r 37494055176788985 1367.8647 22.062996 1732.5032 38.420795 2325.1445 29.93089 3112.772 86.875786 4018.2253 167.25214 nan nan nan nan nan nan nan nan nan nan nan nan 1e-07 1e-07 0.0 0.0 0.0 0.0 1
_Cos_37494055176790271 11 "HSC-SSP Public Data Release 4 (Wide)" 37.06167457721345 -4.968091612409429 1800.0 1 L r 37494055176790271 830.287 17.828058 978.4938 32.564568 1063.5645 29.450125 1011.2994 68.32252 908.85455 179.59209 nan nan nan nan nan nan nan nan nan nan nan nan 1e-07 1e-07 0.0 0.0 0.0 0.0 1
_Cos_37494055176790341 11 "HSC-SSP Public Data Release 4 (Wide)" 37.093622480515016 -4.967087984829133 1800.0 1 L r 37494055176790341 437.37402 20.039682 532.234 37.388977 1019.568 38.83693 1069.3036 85.89946 972.1935 171.99973 nan nan nan nan nan nan nan nan nan nan nan nan 1e-07 1e-07 0.0 0.0 0.0 0.0 1
_Cos_37494055176790707 11 "HSC-SSP Public Data Release 4 (Wide)" 37.010276746511195 -4.946319862839804 1800.0 1 L r 37494055176790707 995.0823 18.03384 1192.0375 31.111252 1450.3953 22.305017 1486.5698 69.62504 2728.317 140.44604 nan nan nan nan nan nan nan nan nan nan nan nan 1e-07 1e-07 0.0 0.0 0.0 0.0 1
_Cos_37494055176790932 11 "HSC-SSP Public Data Release 4 (Wide)" 37.05571369468674 -4.951520053019753 1800.0 1 L r 37494055176790932 849.682 18.258453 979.90936 29.13091 1025.2853 31.270586 1160.0408 74.589485 1123.2764 154.07878 nan nan nan nan nan nan nan nan nan nan nan nan 1e-07 1e-07 0.0 0.0 0.0 0.0 1
_Cos_37494055176791156 11 "HSC-SSP Public Data Release 4 (Wide)" 36.95926215501575 -4.945198964400143 1800.0 1 L r 37494055176791156 912.50793 21.427544 1133.2701 38.806732 1315.6318 32.367317 1992.2849 91.97581 2521.4338 229.00725 nan nan nan nan nan nan nan nan nan nan nan nan 1e-07 1e-07 0.0 0.0 0.0 0.0 1
_Cos_37494055176791411 11 "HSC-SSP Public Data Release 4 (Wide)" 36.93307594099372 -4.938265874346079 1800.0 1 L r 37494055176791411 541.52747 18.12448 874.17163 38.604237 979.82855 26.188774 1673.4174 106.000175 1541.6467 184.14288 nan nan nan nan nan nan nan nan nan nan nan nan 1e-07 1e-07 0.0 0.0 0.0 0.0 1
_Cos_37494059471733097 11 "HSC-SSP Public Data Release 4 (Wide)" 37.03438510940206 -4.920810680854309 1800.0 1 L r 37494059471733097 897.28406 16.616867 845.7661 25.629051 1058.5936 23.336075 1001.0609 61.834488 1477.4142 138.50249 nan nan nan nan nan nan nan nan nan nan nan nan 1e-07 1e-07 0.0 0.0 0.0 0.0 1
_Cos_37494059471734392 11 "HSC-SSP Public Data Release 4 (Wide)" 36.988049044556455 -4.889121204045543 1800.0 1 L r 37494059471734392 602.1324 25.563892 879.21716 48.806656 1010.2755 25.638563 1562.5228 74.65534 1755.6528 155.81859 nan nan nan nan nan nan nan nan nan nan nan nan 1e-07 1e-07 0.0 0.0 0.0 0.0 1
_Cos_37494059471734629 11 "HSC-SSP Public Data Release 4 (Wide)" 36.945294990063886 -4.884130589270908 1800.0 1 L r 37494059471734629 1209.3264 28.622501 1265.1393 51.963722 2329.2515 32.521843 2879.0078 93.0522 3803.2021 178.32271 nan nan nan nan nan nan nan nan nan nan nan nan 1e-07 1e-07 0.0 0.0 0.0 0.0 1
_Cos_37494059471735537 11 "HSC-SSP Public Data Release 4 (Wide)" 37.04829572872782 -4.8635964817646595 1800.0 1 L r 37494059471735537 411.71344 19.185717 468.60776 33.58147 933.4737 34.504425 1156.4816 107.21235 1702.6522 197.02834 nan nan nan nan nan nan nan nan nan nan nan nan 1e-07 1e-07 0.0 0.0 0.0 0.0 1
_Cos_37494059471735770 11 "HSC-SSP Public Data Release 4 (Wide)" 36.92201847457773 -4.857869663864524 1800.0 1 L r 37494059471735770 414.75922 20.338388 747.6532 44.186375 1882.8527 32.533466 4005.6482 94.657745 4202.7573 140.28987 nan nan nan nan nan nan nan nan nan nan nan nan 1e-07 1e-07 0.0 0.0 0.0 0.0 1
