output/Jan25/final/field_a_L4_visit1_final_targets.ecsv
# %ECSV 1.0
# ---
# datatype:
# - {name: ob_code, datatype: string}
# - {name: catId, datatype: int32}
# - {name: description, datatype: string}
# - {name: ra, datatype: float64}
# - {name: dec, datatype: float64}
# - {name: exptime, datatype: float64}
# - {name: priority, datatype: int32}
# - {name: resolution, datatype: string}
# - {name: reference_arm, datatype: string}
# - {name: obj_id, datatype: int64}
# - {name: g_hsc, datatype: float64}
# - {name: g_hsc_err, datatype: float64}
# - {name: r2_hsc, datatype: float64}
# - {name: r2_hsc_err, datatype: float64}
# - {name: i2_hsc, datatype: float64}
# - {name: i2_hsc_err, datatype: float64}
# - {name: z_hsc, datatype: float64}
# - {name: z_hsc_err, datatype: float64}
# - {name: y_hsc, datatype: float64}
# - {name: y_hsc_err, datatype: float64}
# - {name: epoch, datatype: float64}
# - {name: input_catalog_id, datatype: float64}
# - {name: psf_flux_g, datatype: float64}
# - {name: psf_flux_error_g, datatype: float64}
# - {name: psf_flux_r, datatype: float64}
# - {name: psf_flux_error_r, datatype: float64}
# - {name: psf_flux_i, datatype: float64}
# - {name: psf_flux_error_i, datatype: float64}
# - {name: psf_flux_z, datatype: float64}
# - {name: psf_flux_error_z, datatype: float64}
# - {name: psf_flux_y, datatype: float64}
# - {name: psf_flux_error_y, datatype: float64}
# - {name: parallax, datatype: float64}
# - {name: parallax_error, datatype: float64}
# - {name: pmra, datatype: float64}
# - {name: pmra_error, datatype: float64}
# - {name: pmdec, datatype: float64}
# - {name: pmdec_error, datatype: float64}
# - {name: target_type, datatype: int32}
# schema: astropy-2.0
ob_code catId description ra dec exptime priority resolution reference_arm obj_id g_hsc g_hsc_err r2_hsc r2_hsc_err i2_hsc i2_hsc_err z_hsc z_hsc_err y_hsc y_hsc_err epoch input_catalog_id psf_flux_g psf_flux_error_g psf_flux_r psf_flux_error_r psf_flux_i psf_flux_error_i psf_flux_z psf_flux_error_z psf_flux_y psf_flux_error_y parallax parallax_error pmra pmra_error pmdec pmdec_error target_type
[from data line 156]
_Cos_38553980090997657 11 "HSC-SSP Public Data Release 4 (Wide)" 35.59457651605548 -3.719314228113279 1800.0 1 L r 38553980090997657 1295.9249 17.671059 1585.1171 41.501953 2180.9055 29.490011 3242.3916 84.10416 3872.7283 138.53038 nan nan nan nan nan nan nan nan nan nan nan nan 1e-07 1e-07 0.0 0.0 0.0 0.0 1
_Cos_38553842652024703 11 "HSC-SSP Public Data Release 4 (Wide)" 35.734382289195935 -3.7326718415313107 1800.0 1 L r 38553842652024703 904.4176 13.486305 886.5026 32.434055 848.5395 26.119267 1376.3752 74.81701 1360.2719 133.29137 nan nan nan nan nan nan nan nan nan nan nan nan 1e-07 1e-07 0.0 0.0 0.0 0.0 1
_Cos_38553580659017942 11 "HSC-SSP Public Data Release 4 (Wide)" 35.98480839557294 -3.20479091302399 1800.0 1 L r 38553580659017942 2000.151 24.295134 2612.1624 42.277813 3877.526 43.982025 4595.9307 93.82332 5733.46 221.0256 nan nan nan nan nan nan nan nan nan nan nan nan 1e-07 1e-07 0.0 0.0 0.0 0.0 1
_Cos_38553838357076536 11 "HSC-SSP Public Data Release 4 (Wide)" 35.781810583412906 -3.9042322385771984 1800.0 1 L r 38553838357076536 1532.9453 16.964138 1991.66 41.224487 1948.7523 31.66163 2704.1135 105.03242 2306.7688 174.97694 nan nan nan nan nan nan nan nan nan nan nan nan 1e-07 1e-07 0.0 0.0 0.0 0.0 1
_Cos_38553838357074589 11 "HSC-SSP Public Data Release 4 (Wide)" 35.789168673164966 -3.944168912467264 1800.0 1 L r 38553838357074589 1610.1968 19.29453 2660.176 48.68912 4889.1416 52.229164 6498.146 138.12508 7458.603 238.20477 nan nan nan nan nan nan nan nan nan nan nan nan 1e-07 1e-07 0.0 0.0 0.0 0.0 1
_Cos_38553718097989053 11 "HSC-SSP Public Data Release 4 (Wide)" 35.981737575239784 -3.2448860231065697 1800.0 1 L r 38553718097989053 2394.5789 23.042362 2907.8604 35.121357 3514.2505 37.037987 6784.656 91.401184 3594.6816 147.42845 nan nan nan nan nan nan nan nan nan nan nan nan 1e-07 1e-07 0.0 0.0 0.0 0.0 1
_Cos_38553705213091173 11 "HSC-SSP Public Data Release 4 (Wide)" 35.807693422660726 -3.7873400065688934 1800.0 1 L r 38553705213091173 465.1372 12.965325 491.62167 26.693848 1522.3273 40.63676 773.8726 60.656292 1204.8048 106.276566 nan nan nan nan nan nan nan nan nan nan nan nan 1e-07 1e-07 0.0 0.0 0.0 0.0 1
_Cos_38553842652023074 11 "HSC-SSP Public Data Release 4 (Wide)" 35.76996657941104 -3.7676622902267627 1800.0 1 L r 38553842652023074 1416.866 15.282814 2253.0188 31.984844 4193.3716 29.24108 5446.8354 76.68212 5505.7065 154.87657 nan nan nan nan nan nan nan nan nan nan nan nan 1e-07 1e-07 0.0 0.0 0.0 0.0 1
_Cos_38553838357076638 11 "HSC-SSP Public Data Release 4 (Wide)" 35.72723184202974 -3.903666348507373 1800.0 1 L r 38553838357076638 995.04486 13.765377 1076.4578 32.59168 1220.9688 22.795261 1608.0391 78.68961 1383.5841 128.02519 nan nan nan nan nan nan nan nan nan nan nan nan 1e-07 1e-07 0.0 0.0 0.0 0.0 1
_Cos_38554121824915565 11 "HSC-SSP Public Data Release 4 (Wide)" 35.3028501031643 -3.6009775359452694 1800.0 1 L r 38554121824915565 2036.6646 25.428793 2891.1733 48.950962 5222.4 54.414993 7082.763 119.201256 7473.898 290.27847 nan nan nan nan nan nan nan nan nan nan nan nan 1e-07 1e-07 0.0 0.0 0.0 0.0 1
_Cos_38554121824922570 11 "HSC-SSP Public Data Release 4 (Wide)" 35.35966205927057 -3.4623826482944353 1800.0 1 L r 38554121824922570 1770.1736 23.919155 2917.3904 51.08674 6844.496 59.17028 7019.67 132.43771 6664.0684 211.59698 nan nan nan nan nan nan nan nan nan nan nan nan 1e-07 1e-07 0.0 0.0 0.0 0.0 1
_Cos_38554121824920889 11 "HSC-SSP Public Data Release 4 (Wide)" 35.339000782326075 -3.500490757283681 1800.0 1 L r 38554121824920889 1585.0985 26.605318 2650.6248 52.723133 4608.4478 42.77788 5445.5786 111.86433 6650.9873 291.30307 nan nan nan nan nan nan nan nan nan nan nan nan 1e-07 1e-07 0.0 0.0 0.0 0.0 1
_Cos_38554121824918453 11 "HSC-SSP Public Data Release 4 (Wide)" 35.40872829180016 -3.5468960592718894 1800.0 1 L r 38554121824918453 1789.3195 27.658503 2121.1821 52.637314 3071.6013 48.544453 3773.0308 99.51446 5452.274 225.02724 nan nan nan nan nan nan nan nan nan nan nan nan 1e-07 1e-07 0.0 0.0 0.0 0.0 1
_Cos_38554121824916624 11 "HSC-SSP Public Data Release 4 (Wide)" 35.335006728537216 -3.5799593949193076 1800.0 1 L r 38554121824916624 1516.5131 17.226402 2188.0405 35.902256 3994.32 30.58443 5470.569 89.02522 6145.8843 168.86642 nan nan nan nan nan nan nan nan nan nan nan nan 1e-07 1e-07 0.0 0.0 0.0 0.0 1
_Cos_38553567774141514 11 "HSC-SSP Public Data Release 4 (Wide)" 36.1521095032096 -3.717956010162932 1800.0 1 L r 38553567774141514 1091.1257 17.667797 1376.256 39.938793 1587.4707 20.840107 2450.1038 63.89947 2732.1995 98.876076 nan nan nan nan nan nan nan nan nan nan nan nan 1e-07 1e-07 0.0 0.0 0.0 0.0 1
_Cos_38553567774146842 11 "HSC-SSP Public Data Release 4 (Wide)" 36.03687008809926 -3.6435622324059533 1800.0 1 L r 38553567774146842 682.9201 18.858967 834.57983 38.573097 783.6264 29.328903 812.3457 78.71844 795.80646 123.01283 nan nan nan nan nan nan nan nan nan nan nan nan 1e-07 1e-07 0.0 0.0 0.0 0.0 1
_Cos_38553567774141554 11 "HSC-SSP Public Data Release 4 (Wide)" 36.107399145714005 -3.7172136126496844 1800.0 1 L r 38553567774141554 1594.0157 27.420958 2438.169 51.702343 3779.8076 43.3715 6222.1484 109.76159 6277.7983 164.60895 nan nan nan nan nan nan nan nan nan nan nan nan 1e-07 1e-07 0.0 0.0 0.0 0.0 1
_Cos_38553846947015835 11 "HSC-SSP Public Data Release 4 (Wide)" 35.62840015036542 -3.5159168853884037 1800.0 1 L r 38553846947015835 1144.4031 18.16896 1419.4197 37.74059 1530.5852 27.40728 1837.1683 78.9033 2074.8877 147.08774 nan nan nan nan nan nan nan nan nan nan nan nan 1e-07 1e-07 0.0 0.0 0.0 0.0 1
_Cos_38553851241977845 11 "HSC-SSP Public Data Release 4 (Wide)" 35.68463431325462 -3.385257882945335 1800.0 1 L r 38553851241977845 2925.665 32.328556 4196.3276 64.75805 7912.5713 62.080963 9972.037 150.9147 8997.148 218.96095 nan nan nan nan nan nan nan nan nan nan nan nan 1e-07 1e-07 0.0 0.0 0.0 0.0 1
_Cos_38553846947012667 11 "HSC-SSP Public Data Release 4 (Wide)" 35.61883449412605 -3.5632184602724064 1800.0 1 L r 38553846947012667 1683.2146 18.596413 1960.2236 36.35197 2412.658 36.359543 3604.697 83.54341 4353.031 162.40051 nan nan nan nan nan nan nan nan nan nan nan nan 1e-07 1e-07 0.0 0.0 0.0 0.0 1
_Cos_38553567774118425 11 "HSC-SSP Public Data Release 4 (Wide)" 36.03802418088995 -3.731185985215236 1800.0 1 L r 38553567774118425 1077.6324 15.140092 1212.255 27.923792 1234.1687 21.752071 1385.2589 66.07698 1782.1472 114.39454 nan nan nan nan nan nan nan nan nan nan nan nan 1e-07 1e-07 0.0 0.0 0.0 0.0 1
_Cos_38553984385945920 11 "HSC-SSP Public Data Release 4 (Wide)" 35.526268856825645 -3.5322539884344137 1800.0 1 L r 38553984385945920 1168.0963 18.789629 1158.3701 32.34802 1434.8402 34.950443 1593.06 94.6681 4779.238 270.49942 nan nan nan nan nan nan nan nan nan nan nan nan 1e-07 1e-07 0.0 0.0 0.0 0.0 1
_Cos_38553851241976938 11 "HSC-SSP Public Data Release 4 (Wide)" 35.65120315715819 -3.403477095972204 1800.0 1 L r 38553851241976938 1224.9673 21.312967 1452.1338 40.424213 1644.7133 25.748064 1897.3713 66.4191 1730.4471 83.90733 nan nan nan nan nan nan nan nan nan nan nan nan 1e-07 1e-07 0.0 0.0 0.0 0.0 1
_Cos_38553851241979210 11 "HSC-SSP Public Data Release 4 (Wide)" 35.709669394098526 -3.3676285128766716 1800.0 1 L r 38553851241979210 726.2535 19.274643 785.71814 29.566935 1636.213 45.001987 2136.3818 75.10989 2656.1768 185.22375 nan nan nan nan nan nan nan nan nan nan nan nan 1e-07 1e-07 0.0 0.0 0.0 0.0 1
_Cos_38553851241981854 11 "HSC-SSP Public Data Release 4 (Wide)" 35.74857337804741 -3.3165751701401143 1800.0 1 L r 38553851241981854 1698.2676 21.469597 2820.9185 37.147484 6103.5635 38.12387 8294.919 104.824295 9712.583 182.8745 nan nan nan nan nan nan nan nan nan nan nan nan 1e-07 1e-07 0.0 0.0 0.0 0.0 1
_Cos_38553567774145071 11 "HSC-SSP Public Data Release 4 (Wide)" 36.07326098375519 -3.6679279528686033 1800.0 1 L r 38553567774145071 1165.3685 20.270779 1364.3711 37.18808 2082.9023 31.128433 2452.2786 81.73638 2279.0908 155.29208 nan nan nan nan nan nan nan nan nan nan nan nan 1e-07 1e-07 0.0 0.0 0.0 0.0 1
_Cos_38553567774142835 11 "HSC-SSP Public Data Release 4 (Wide)" 36.077652410710385 -3.6963629260579873 1800.0 1 L r 38553567774142835 1693.2584 35.53487 2148.6108 69.31558 2741.0703 49.13878 3026.5247 130.43446 1213.7668 132.07793 nan nan nan nan nan nan nan nan nan nan nan nan 1e-07 1e-07 0.0 0.0 0.0 0.0 1
_Cos_38553700918128861 11 "HSC-SSP Public Data Release 4 (Wide)" 35.83429516261552 -3.814326117995309 1800.0 1 L r 38553700918128861 1563.273 19.36982 2373.6455 39.94114 4698.685 36.3001 7075.0312 93.85919 8390.987 190.6708 nan nan nan nan nan nan nan nan nan nan nan nan 1e-07 1e-07 0.0 0.0 0.0 0.0 1
_Cos_38553838357078039 11 "HSC-SSP Public Data Release 4 (Wide)" 35.76271675105154 -3.877450201892205 1800.0 1 L r 38553838357078039 1017.6301 13.390149 1129.2231 32.241375 1399.6084 21.347273 1975.4755 69.72951 1661.6664 109.792496 nan nan nan nan nan nan nan nan nan nan nan nan 1e-07 1e-07 0.0 0.0 0.0 0.0 1
_Cos_38553567774139530 11 "HSC-SSP Public Data Release 4 (Wide)" 36.06898016991834 -3.7486116464941492 1800.0 1 L r 38553567774139530 959.4013 20.013721 1150.051 36.476326 1114.6077 21.463188 1212.9401 59.75355 1325.6815 103.97758 nan nan nan nan nan nan nan nan nan nan nan nan 1e-07 1e-07 0.0 0.0 0.0 0.0 1
_Cos_38553567774145726 11 "HSC-SSP Public Data Release 4 (Wide)" 36.14372203428361 -3.659794343557348 1800.0 1 L r 38553567774145726 1238.5054 22.450396 1379.2974 50.492603 1442.791 20.24835 1762.4061 57.91862 1680.3242 91.53543 nan nan nan nan nan nan nan nan nan nan nan nan 1e-07 1e-07 0.0 0.0 0.0 0.0 1
_Cos_38553572069103967 11 "HSC-SSP Public Data Release 4 (Wide)" 36.04437405417805 -3.600362479045412 1800.0 1 L r 38553572069103967 1217.9037 23.514732 644.30927 29.92881 855.1621 25.593336 841.90515 53.15253 1811.4982 102.2007 nan nan nan nan nan nan nan nan nan nan nan nan 1e-07 1e-07 0.0 0.0 0.0 0.0 1
_Cos_38553572069104406 11 "HSC-SSP Public Data Release 4 (Wide)" 36.091925976664314 -3.592783551012102 1800.0 1 L r 38553572069104406 1417.2654 17.816923 1665.416 33.24523 1754.7395 24.747396 2067.43 72.49535 2083.2007 130.60861 nan nan nan nan nan nan nan nan nan nan nan nan 1e-07 1e-07 0.0 0.0 0.0 0.0 1
_Cos_38553851241957389 11 "HSC-SSP Public Data Release 4 (Wide)" 35.74762112901775 -3.4017120036827966 1800.0 1 L r 38553851241957389 1699.7239 20.660385 3078.1912 50.16876 4662.657 28.539902 7164.3384 86.384895 6905.594 131.984 nan nan nan nan nan nan nan nan nan nan nan nan 1e-07 1e-07 0.0 0.0 0.0 0.0 1
_Cos_38553700918123810 11 "HSC-SSP Public Data Release 4 (Wide)" 35.90020004260623 -3.9095705816695867 1800.0 1 L r 38553700918123810 2287.0437 16.703865 2475.4785 41.49061 3396.4927 24.634882 3686.5493 66.14422 6999.5244 161.39159 nan nan nan nan nan nan nan nan nan nan nan nan 1e-07 1e-07 0.0 0.0 0.0 0.0 1
_Cos_38553563479176481 11 "HSC-SSP Public Data Release 4 (Wide)" 35.992597080723904 -3.819126782726895 1800.0 1 L r 38553563479176481 2000.8339 22.494534 2781.303 45.355167 4066.5784 37.94695 6339.6567 99.9872 6781.4893 252.34042 nan nan nan nan nan nan nan nan nan nan nan nan 1e-07 1e-07 0.0 0.0 0.0 0.0 1
_Cos_38553430335185032 11 "HSC-SSP Public Data Release 4 (Wide)" 36.29123203830723 -3.719057243507839 1800.0 1 L r 38553430335185032 1210.8517 19.932873 1448.0568 40.03383 1658.9491 28.897741 1915.3601 88.469315 3517.6028 151.24469 nan nan nan nan nan nan nan nan nan nan nan nan 1e-07 1e-07 0.0 0.0 0.0 0.0 1
_Cos_38553430335183038 11 "HSC-SSP Public Data Release 4 (Wide)" 36.345175809724964 -3.7614410817939095 1800.0 1 L r 38553430335183038 1727.1715 19.479145 2041.195 37.540962 3299.989 35.17047 4223.6187 92.56665 5795.2 147.69568 nan nan nan nan nan nan nan nan nan nan nan nan 1e-07 1e-07 0.0 0.0 0.0 0.0 1
_Cos_38553576364071806 11 "HSC-SSP Public Data Release 4 (Wide)" 36.118414290082605 -3.391421389778769 1800.0 1 L r 38553576364071806 1639.6458 26.618803 1619.9159 44.91329 1715.5992 44.36869 1854.5938 105.96918 2806.2124 195.21555 nan nan nan nan nan nan nan nan nan nan nan nan 1e-07 1e-07 0.0 0.0 0.0 0.0 1
_Cos_38553438925096670 11 "HSC-SSP Public Data Release 4 (Wide)" 36.180749927300496 -3.4060222256887966 1800.0 1 L r 38553438925096670 2129.9658 18.913836 2494.9736 32.92198 2567.462 29.02746 2662.8662 71.56709 3586.2583 126.28082 nan nan nan nan nan nan nan nan nan nan nan nan 1e-07 1e-07 0.0 0.0 0.0 0.0 1
_Cos_38553434630152796 11 "HSC-SSP Public Data Release 4 (Wide)" 36.1800620042917 -3.503340679454278 1800.0 1 L r 38553434630152796 1569.1494 27.116547 2524.0444 52.51197 4123.4507 45.324116 5750.193 110.076004 7642.987 230.68686 nan nan nan nan nan nan nan nan nan nan nan nan 1e-07 1e-07 0.0 0.0 0.0 0.0 1
_Cos_38553292896213853 11 "HSC-SSP Public Data Release 4 (Wide)" 36.39673421914908 -3.670448850794329 1800.0 1 L r 38553292896213853 931.3239 13.388329 969.39685 25.43254 1058.064 22.425617 1082.0989 70.53647 1655.0306 97.73199 nan nan nan nan nan nan nan nan nan nan nan nan 1e-07 1e-07 0.0 0.0 0.0 0.0 1
_Cos_38553430335186040 11 "HSC-SSP Public Data Release 4 (Wide)" 36.24831374963612 -3.7016624078418827 1800.0 1 L r 38553430335186040 1974.7037 23.341322 3684.6392 44.70207 7006.9517 38.015533 8871.636 109.91216 9933.8955 190.71568 nan nan nan nan nan nan nan nan nan nan nan nan 1e-07 1e-07 0.0 0.0 0.0 0.0 1
_Cos_38553434630148114 11 "HSC-SSP Public Data Release 4 (Wide)" 36.345551349348554 -3.6056902002090307 1800.0 1 L r 38553434630148114 1214.6863 32.377823 1683.2744 59.00719 2931.51 52.35381 3549.1174 121.4484 4844.032 215.51976 nan nan nan nan nan nan nan nan nan nan nan nan 1e-07 1e-07 0.0 0.0 0.0 0.0 1
_Cos_38553430335184347 11 "HSC-SSP Public Data Release 4 (Wide)" 36.22325079896843 -3.734610222552997 1800.0 1 L r 38553430335184347 2000.7852 21.009268 2530.952 46.034393 3456.1184 31.147177 4873.177 89.775856 5469.165 168.77608 nan nan nan nan nan nan nan nan nan nan nan nan 1e-07 1e-07 0.0 0.0 0.0 0.0 1
_Cos_38553430335186779 11 "HSC-SSP Public Data Release 4 (Wide)" 36.216302094750496 -3.688467366329789 1800.0 1 L r 38553430335186779 2540.123 18.050846 3582.149 37.737812 4151.159 27.40159 5596.322 86.902916 7254.1797 124.68256 nan nan nan nan nan nan nan nan nan nan nan nan 1e-07 1e-07 0.0 0.0 0.0 0.0 1
_Cos_38553434630147715 11 "HSC-SSP Public Data Release 4 (Wide)" 36.21933966826522 -3.6132986087065446 1800.0 1 L r 38553434630147715 3519.0952 38.157993 5980.8223 64.08462 11953.476 59.90346 15295.367 155.56552 14805.179 248.90216 nan nan nan nan nan nan nan nan nan nan nan nan 1e-07 1e-07 0.0 0.0 0.0 0.0 1
_Cos_38553430335169500 11 "HSC-SSP Public Data Release 4 (Wide)" 36.30238125964703 -3.6300043953964547 1800.0 1 L r 38553430335169500 1460.5319 22.677729 2237.9705 42.43647 3911.4888 32.86942 5653.495 94.74736 6095.7603 175.67235 nan nan nan nan nan nan nan nan nan nan nan nan 1e-07 1e-07 0.0 0.0 0.0 0.0 1
_Cos_38553434630148882 11 "HSC-SSP Public Data Release 4 (Wide)" 36.244625643079075 -3.5899877593560343 1800.0 1 L r 38553434630148882 1822.1462 23.47342 3245.7554 43.27859 5195.186 32.931267 8854.677 94.27281 10116.523 159.68704 nan nan nan nan nan nan nan nan nan nan nan nan 1e-07 1e-07 0.0 0.0 0.0 0.0 1
_Cos_38553572069105281 11 "HSC-SSP Public Data Release 4 (Wide)" 36.16495272403202 -3.5794096675734597 1800.0 1 L r 38553572069105281 1101.7129 22.367554 1148.2391 39.933956 1072.9866 29.922163 1089.536 78.4944 872.3629 130.30205 nan nan nan nan nan nan nan nan nan nan nan nan 1e-07 1e-07 0.0 0.0 0.0 0.0 1
_Cos_38553434630148741 11 "HSC-SSP Public Data Release 4 (Wide)" 36.20574093010914 -3.5926378251098443 1800.0 1 L r 38553434630148741 1348.6722 25.466854 1423.9288 44.388836 1741.8969 36.3628 1718.933 86.26477 2580.6995 160.883 nan nan nan nan nan nan nan nan nan nan nan nan 1e-07 1e-07 0.0 0.0 0.0 0.0 1
