output/Jan25/final/field_a_L3_visit1_final_targets.ecsv
# %ECSV 1.0
# ---
# datatype:
# - {name: ob_code, datatype: string}
# - {name: catId, datatype: int32}
# - {name: description, datatype: string}
# - {name: ra, datatype: float64}
# - {name: dec, datatype: float64}
# - {name: exptime, datatype: float64}
# - {name: priority, datatype: int32}
# - {name: resolution, datatype: string}
# - {name: reference_arm, datatype: string}
# - {name: obj_id, datatype: int64}
# - {name: g_hsc, datatype: float64}
# - {name: g_hsc_err, datatype: float64}
# - {name: r2_hsc, datatype: float64}
# - {name: r2_hsc_err, datatype: float64}
# - {name: i2_hsc, datatype: float64}
# - {name: i2_hsc_err, datatype: float64}
# - {name: z_hsc, datatype: float64}
# - {name: z_hsc_err, datatype: float64}
# - {name: y_hsc, datatype: float64}
# - {name: y_hsc_err, datatype: float64}
# - {name: epoch, datatype: float64}
# - {name: input_catalog_id, datatype: float64}
# - {name: psf_flux_g, datatype: float64}
# - {name: psf_flux_error_g, datatype: float64}
# - {name: psf_flux_r, datatype: float64}
# - {name: psf_flux_error_r, datatype: float64}
# - {name: psf_flux_i, datatype: float64}
# - {name: psf_flux_error_i, datatype: float64}
# - {name: psf_flux_z, datatype: float64}
# - {name: psf_flux_error_z, datatype: float64}
# - {name: psf_flux_y, datatype: float64}
# - {name: psf_flux_error_y, datatype: float64}
# - {name: parallax, datatype: float64}
# - {name: parallax_error, datatype: float64}
# - {name: pmra, datatype: float64}
# - {name: pmra_error, datatype: float64}
# - {name: pmdec, datatype: float64}
# - {name: pmdec_error, datatype: float64}
# - {name: target_type, datatype: int32}
# schema: astropy-2.0
ob_code catId description ra dec exptime priority resolution reference_arm obj_id g_hsc g_hsc_err r2_hsc r2_hsc_err i2_hsc i2_hsc_err z_hsc z_hsc_err y_hsc y_hsc_err epoch input_catalog_id psf_flux_g psf_flux_error_g psf_flux_r psf_flux_error_r psf_flux_i psf_flux_error_i psf_flux_z psf_flux_error_z psf_flux_y psf_flux_error_y parallax parallax_error pmra pmra_error pmdec pmdec_error target_type
[from data line 416]
_Cos_37493634269992463 11 "HSC-SSP Public Data Release 4 (Wide)" 37.53911432155624 -5.473557101818332 1800.0 1 L r 37493634269992463 2197.33 20.451124 2723.0742 31.365175 3027.6387 27.981491 3265.2664 75.93399 3621.808 190.08534 nan nan nan nan nan nan nan nan nan nan nan nan 1e-07 1e-07 0.0 0.0 0.0 0.0 1
_Cos_37493634269992561 11 "HSC-SSP Public Data Release 4 (Wide)" 37.48269455646688 -5.47154312710481 1800.0 1 L r 37493634269992561 758.0189 20.396412 882.6695 32.977528 1324.1393 32.001385 1738.9417 75.10708 2126.9597 179.04123 nan nan nan nan nan nan nan nan nan nan nan nan 1e-07 1e-07 0.0 0.0 0.0 0.0 1
_Cos_37493634269993145 11 "HSC-SSP Public Data Release 4 (Wide)" 37.474938045365406 -5.460870896886374 1800.0 1 L r 37493634269993145 1206.1339 19.179949 1551.2177 32.811726 1924.487 29.083534 2617.2937 71.41386 2826.9497 181.60423 nan nan nan nan nan nan nan nan nan nan nan nan 1e-07 1e-07 0.0 0.0 0.0 0.0 1
_Cos_37493634269993472 11 "HSC-SSP Public Data Release 4 (Wide)" 37.547946456368315 -5.456222801180703 1800.0 1 L r 37493634269993472 650.9809 21.804148 828.23566 47.150906 1046.6915 26.100498 1724.1453 72.86937 1961.0398 183.7927 nan nan nan nan nan nan nan nan nan nan nan nan 1e-07 1e-07 0.0 0.0 0.0 0.0 1
_Cos_37493634269993756 11 "HSC-SSP Public Data Release 4 (Wide)" 37.652166351929 -5.449722290013607 1800.0 1 L r 37493634269993756 564.4881 23.677599 821.53516 46.650436 963.58685 28.509125 1817.4943 78.13949 1527.0731 152.08461 nan nan nan nan nan nan nan nan nan nan nan nan 1e-07 1e-07 0.0 0.0 0.0 0.0 1
_Cos_37493634269994070 11 "HSC-SSP Public Data Release 4 (Wide)" 37.49257397839344 -5.444394705901154 1800.0 1 L r 37493634269994070 1062.2283 17.610392 1539.2115 30.00523 2486.917 22.12876 3184.6548 57.57065 2774.0654 129.2168 nan nan nan nan nan nan nan nan nan nan nan nan 1e-07 1e-07 0.0 0.0 0.0 0.0 1
_Cos_37493634269994243 11 "HSC-SSP Public Data Release 4 (Wide)" 37.55921160810109 -5.439368986924456 1800.0 1 L r 37493634269994243 550.0019 22.682095 618.4356 42.208378 913.70404 35.2281 841.8003 63.428474 917.49744 176.90965 nan nan nan nan nan nan nan nan nan nan nan nan 1e-07 1e-07 0.0 0.0 0.0 0.0 1
_Cos_37493634269994597 11 "HSC-SSP Public Data Release 4 (Wide)" 37.51354307304165 -5.4321896656708475 1800.0 1 L r 37493634269994597 871.1544 16.999353 1326.4529 26.772459 2117.4521 23.452045 3114.2124 59.71476 3058.4285 145.09912 nan nan nan nan nan nan nan nan nan nan nan nan 1e-07 1e-07 0.0 0.0 0.0 0.0 1
_Cos_37493634269995910 11 "HSC-SSP Public Data Release 4 (Wide)" 37.64735338876316 -5.405326230436079 1800.0 1 L r 37493634269995910 2988.59 27.731716 3694.5137 54.39626 3100.7751 26.314568 3956.3218 71.76079 5486.5547 160.6978 nan nan nan nan nan nan nan nan nan nan nan nan 1e-07 1e-07 0.0 0.0 0.0 0.0 1
_Cos_37493634269996263 11 "HSC-SSP Public Data Release 4 (Wide)" 37.63244532989001 -5.406541971929603 1800.0 1 L r 37493634269996263 670.28827 17.643044 924.2711 42.092 1240.4016 22.908676 2087.2185 58.440628 2467.1897 141.96199 nan nan nan nan nan nan nan nan nan nan nan nan 1e-07 1e-07 0.0 0.0 0.0 0.0 1
_Cos_37493634269996680 11 "HSC-SSP Public Data Release 4 (Wide)" 37.51553183356227 -5.399539982630337 1800.0 1 L r 37493634269996680 785.2981 22.567303 943.583 35.97497 1237.6411 33.432644 1983.4141 79.98421 2326.6636 186.58511 nan nan nan nan nan nan nan nan nan nan nan nan 1e-07 1e-07 0.0 0.0 0.0 0.0 1
_Cos_37493634269996836 11 "HSC-SSP Public Data Release 4 (Wide)" 37.65040274451666 -5.396010407835146 1800.0 1 L r 37493634269996836 953.8045 18.555265 984.03094 34.20699 1170.6755 21.427128 1271.3778 51.84699 2168.9739 183.36789 nan nan nan nan nan nan nan nan nan nan nan nan 1e-07 1e-07 0.0 0.0 0.0 0.0 1
_Cos_37493634269997074 11 "HSC-SSP Public Data Release 4 (Wide)" 37.62864841810996 -5.392130429722156 1800.0 1 L r 37493634269997074 1197.6097 21.735073 1652.1987 47.386616 2875.9053 29.587528 4261.713 75.67065 4268.438 177.0804 nan nan nan nan nan nan nan nan nan nan nan nan 1e-07 1e-07 0.0 0.0 0.0 0.0 1
_Cos_37493634269997872 11 "HSC-SSP Public Data Release 4 (Wide)" 37.59626958529889 -5.376515802230534 1800.0 1 L r 37493634269997872 571.4299 21.084866 993.32886 51.035393 1338.8374 33.9334 2448.6294 94.44359 2631.3015 206.40993 nan nan nan nan nan nan nan nan nan nan nan nan 1e-07 1e-07 0.0 0.0 0.0 0.0 1
_Cos_37493634269997955 11 "HSC-SSP Public Data Release 4 (Wide)" 37.647698663236476 -5.374150788097138 1800.0 1 L r 37493634269997955 1288.6212 26.869276 1456.395 52.435413 1632.6239 30.472067 1697.0779 74.334526 2184.1594 197.7905 nan nan nan nan nan nan nan nan nan nan nan nan 1e-07 1e-07 0.0 0.0 0.0 0.0 1
_Cos_37493634269998024 11 "HSC-SSP Public Data Release 4 (Wide)" 37.571879667501136 -5.3741965122574245 1800.0 1 L r 37493634269998024 527.36224 16.218548 545.0736 27.940529 984.94995 21.64658 1077.9343 62.23366 1654.5948 133.22209 nan nan nan nan nan nan nan nan nan nan nan nan 1e-07 1e-07 0.0 0.0 0.0 0.0 1
_Cos_37493634269998151 11 "HSC-SSP Public Data Release 4 (Wide)" 37.49963181382916 -5.3724172787692055 1800.0 1 L r 37493634269998151 548.49524 22.892038 829.46954 36.946186 1876.9371 37.443237 3081.0024 90.373 4808.3716 202.29198 nan nan nan nan nan nan nan nan nan nan nan nan 1e-07 1e-07 0.0 0.0 0.0 0.0 1
_Cos_37493634269998716 11 "HSC-SSP Public Data Release 4 (Wide)" 37.55153522823638 -5.36427953655695 1800.0 1 L r 37493634269998716 198.93814 26.34816 1.418677 39.49508 1078.2085 95.39604 4.453272 80.06411 1172.3649 251.88556 nan nan nan nan nan nan nan nan nan nan nan nan 1e-07 1e-07 0.0 0.0 0.0 0.0 1
_Cos_37493634269999285 11 "HSC-SSP Public Data Release 4 (Wide)" 37.53597990559363 -5.353635982150126 1800.0 1 L r 37493634269999285 1039.1874 27.808573 1141.4724 53.52993 1603.3822 31.80752 1856.5903 78.81069 1755.065 178.71259 nan nan nan nan nan nan nan nan nan nan nan nan 1e-07 1e-07 0.0 0.0 0.0 0.0 1
_Cos_37493634269999543 11 "HSC-SSP Public Data Release 4 (Wide)" 37.48770371698461 -5.349834600900412 1800.0 1 L r 37493634269999543 876.9239 16.541395 961.3243 29.39345 1077.2766 24.203266 1223.7214 67.781265 1691.4827 120.76208 nan nan nan nan nan nan nan nan nan nan nan nan 1e-07 1e-07 0.0 0.0 0.0 0.0 1
_Cos_37493634269999730 11 "HSC-SSP Public Data Release 4 (Wide)" 37.55375446884886 -5.346309803496573 1800.0 1 L r 37493634269999730 2259.411 25.571287 3309.2522 50.84073 3391.6619 25.4988 4548.7856 76.39169 7936.1406 188.0513 nan nan nan nan nan nan nan nan nan nan nan nan 1e-07 1e-07 0.0 0.0 0.0 0.0 1
_Cos_37493634270000426 11 "HSC-SSP Public Data Release 4 (Wide)" 37.64309554164333 -5.333450385798423 1800.0 1 L r 37493634270000426 653.3113 21.048862 737.2489 44.191715 938.06146 23.199905 1149.8846 61.959595 1360.6 150.4095 nan nan nan nan nan nan nan nan nan nan nan nan 1e-07 1e-07 0.0 0.0 0.0 0.0 1
_Cos_37493634270000650 11 "HSC-SSP Public Data Release 4 (Wide)" 37.47203811971721 -5.329824528970148 1800.0 1 L r 37493634270000650 497.3938 21.180172 501.90103 31.485363 1072.9584 28.515448 1399.396 76.18057 1441.3317 172.69673 nan nan nan nan nan nan nan nan nan nan nan nan 1e-07 1e-07 0.0 0.0 0.0 0.0 1
_Cos_37493634270000966 11 "HSC-SSP Public Data Release 4 (Wide)" 37.59797629930636 -5.326985689204124 1800.0 1 L r 37493634270000966 859.7609 17.956478 938.63544 33.15662 1152.9539 23.721443 1819.7972 64.45614 1851.0613 136.71164 nan nan nan nan nan nan nan nan nan nan nan nan 1e-07 1e-07 0.0 0.0 0.0 0.0 1
_Cos_37493634270001255 11 "HSC-SSP Public Data Release 4 (Wide)" 37.53903372103304 -5.320890973899606 1800.0 1 L r 37493634270001255 392.12357 19.409658 593.69385 37.81879 1417.6576 29.91629 2027.328 77.25513 1935.0067 184.90071 nan nan nan nan nan nan nan nan nan nan nan nan 1e-07 1e-07 0.0 0.0 0.0 0.0 1
_Cos_37493634270001953 11 "HSC-SSP Public Data Release 4 (Wide)" 37.490360071712686 -5.308555918377566 1800.0 1 L r 37493634270001953 939.4496 21.651348 1168.9156 37.570824 1284.8551 28.405266 1615.3024 83.516 1147.1652 179.36911 nan nan nan nan nan nan nan nan nan nan nan nan 1e-07 1e-07 0.0 0.0 0.0 0.0 1
_Cos_37493634270002319 11 "HSC-SSP Public Data Release 4 (Wide)" 37.582440219406486 -5.300939203118586 1800.0 1 L r 37493634270002319 396.0982 21.88614 551.34717 34.601025 1140.5012 23.072092 1516.8661 69.53431 1265.6812 138.35048 nan nan nan nan nan nan nan nan nan nan nan nan 1e-07 1e-07 0.0 0.0 0.0 0.0 1
_Cos_37493638564938929 11 "HSC-SSP Public Data Release 4 (Wide)" 37.50592110264436 -5.279324539312094 1800.0 1 L r 37493638564938929 612.7098 32.683926 836.4502 38.662457 1072.7036 28.964415 1101.6658 71.36352 1010.58984 157.98924 nan nan nan nan nan nan nan nan nan nan nan nan 1e-07 1e-07 0.0 0.0 0.0 0.0 1
_Cos_37493638564940787 11 "HSC-SSP Public Data Release 4 (Wide)" 37.554519530105466 -5.241228219900185 1800.0 1 L r 37493638564940787 545.47626 19.4892 677.8391 36.44752 1004.78156 25.573267 2041.0569 69.26844 1033.2618 127.944756 nan nan nan nan nan nan nan nan nan nan nan nan 1e-07 1e-07 0.0 0.0 0.0 0.0 1
_Cos_37493638564940980 11 "HSC-SSP Public Data Release 4 (Wide)" 37.52146305140834 -5.2370109147349595 1800.0 1 L r 37493638564940980 363.94955 22.381514 498.73517 37.628487 953.89325 32.33589 1236.8011 85.080284 895.8139 165.55 nan nan nan nan nan nan nan nan nan nan nan nan 1e-07 1e-07 0.0 0.0 0.0 0.0 1
_Cos_37493638564941280 11 "HSC-SSP Public Data Release 4 (Wide)" 37.49480406320401 -5.23044888746313 1800.0 1 L r 37493638564941280 912.67255 21.762726 1328.5966 39.89483 2370.9294 30.94839 3032.7498 74.138596 3067.6492 175.64612 nan nan nan nan nan nan nan nan nan nan nan nan 1e-07 1e-07 0.0 0.0 0.0 0.0 1
_Cos_37493638564941380 11 "HSC-SSP Public Data Release 4 (Wide)" 37.52431302986277 -5.228503070832296 1800.0 1 L r 37493638564941380 758.2004 24.626457 1205.4313 48.305855 1331.5897 30.366098 2134.018 76.437805 2896.9236 181.48708 nan nan nan nan nan nan nan nan nan nan nan nan 1e-07 1e-07 0.0 0.0 0.0 0.0 1
_Cos_37493638564941540 11 "HSC-SSP Public Data Release 4 (Wide)" 37.50913349349129 -5.225419305782145 1800.0 1 L r 37493638564941540 457.96533 16.318226 651.87494 30.667294 1428.496 24.484245 1992.375 68.0786 2888.173 131.25842 nan nan nan nan nan nan nan nan nan nan nan nan 1e-07 1e-07 0.0 0.0 0.0 0.0 1
_Cos_37493638564942092 11 "HSC-SSP Public Data Release 4 (Wide)" 37.55359159750595 -5.213234174721703 1800.0 1 L r 37493638564942092 728.3929 25.414434 886.1772 47.284466 1662.1199 32.933647 2319.9343 87.79893 2420.7817 197.64156 nan nan nan nan nan nan nan nan nan nan nan nan 1e-07 1e-07 0.0 0.0 0.0 0.0 1
_Cos_37493638564943917 11 "HSC-SSP Public Data Release 4 (Wide)" 37.588750034000284 -5.174495071194529 1800.0 1 L r 37493638564943917 830.1782 20.25548 956.62195 39.112114 1060.7684 32.048702 1069.3436 95.43076 985.52716 155.15797 nan nan nan nan nan nan nan nan nan nan nan nan 1e-07 1e-07 0.0 0.0 0.0 0.0 1
_Cos_37493638564944537 11 "HSC-SSP Public Data Release 4 (Wide)" 37.52581418279738 -5.16122629514623 1800.0 1 L r 37493638564944537 1268.0105 35.559467 1391.969 60.65904 1736.4849 49.6664 1659.8555 106.02059 2489.749 225.35802 nan nan nan nan nan nan nan nan nan nan nan nan 1e-07 1e-07 0.0 0.0 0.0 0.0 1
_Cos_37493638564944769 11 "HSC-SSP Public Data Release 4 (Wide)" 37.545698262850976 -5.156304280507103 1800.0 1 L r 37493638564944769 2045.9656 26.090689 2483.9695 44.31587 2795.1377 23.655336 3004.2942 67.303024 2992.3625 167.2551 nan nan nan nan nan nan nan nan nan nan nan nan 1e-07 1e-07 0.0 0.0 0.0 0.0 1
_Cos_37493638564945474 11 "HSC-SSP Public Data Release 4 (Wide)" 37.57749157171697 -5.140802170954211 1800.0 1 L r 37493638564945474 732.20404 18.518785 919.61395 36.68924 1098.0527 24.616003 1352.993 69.21532 2064.515 162.12653 nan nan nan nan nan nan nan nan nan nan nan nan 1e-07 1e-07 0.0 0.0 0.0 0.0 1
_Cos_37493638564945723 11 "HSC-SSP Public Data Release 4 (Wide)" 37.6574879851107 -5.1362624565974855 1800.0 1 L r 37493638564945723 900.76624 20.756828 1263.4559 48.7072 1067.7097 31.826944 1507.9736 84.29989 1510.9797 192.42178 nan nan nan nan nan nan nan nan nan nan nan nan 1e-07 1e-07 0.0 0.0 0.0 0.0 1
_Cos_37493638564946834 11 "HSC-SSP Public Data Release 4 (Wide)" 37.6192144880718 -5.114611787006871 1800.0 1 L r 37493638564946834 1209.7241 21.50892 1386.5985 40.036797 1550.3514 33.006832 1905.7859 100.90284 2069.9988 239.98479 nan nan nan nan nan nan nan nan nan nan nan nan 1e-07 1e-07 0.0 0.0 0.0 0.0 1
_Cos_37493638564956760 11 "HSC-SSP Public Data Release 4 (Wide)" 37.607843049402994 -5.299468322350312 1800.0 1 L r 37493638564956760 656.64355 26.611769 762.13696 47.918045 950.9425 30.759474 1500.1101 89.09692 2176.5403 193.75047 nan nan nan nan nan nan nan nan nan nan nan nan 1e-07 1e-07 0.0 0.0 0.0 0.0 1
_Cos_37493638564956918 11 "HSC-SSP Public Data Release 4 (Wide)" 37.50895732093421 -5.297177205090742 1800.0 1 L r 37493638564956918 930.6026 20.661734 1015.82886 32.67002 1071.9982 20.158983 1044.2633 51.80355 1700.5918 136.60631 nan nan nan nan nan nan nan nan nan nan nan nan 1e-07 1e-07 0.0 0.0 0.0 0.0 1
_Cos_37493638564956956 11 "HSC-SSP Public Data Release 4 (Wide)" 37.47600297107871 -5.293794214412554 1800.0 1 L r 37493638564956956 537.22217 28.372725 817.531 34.168266 1137.0157 25.479994 1606.8091 67.25152 1661.0428 201.22989 nan nan nan nan nan nan nan nan nan nan nan nan 1e-07 1e-07 0.0 0.0 0.0 0.0 1
_Cos_37493638564957079 11 "HSC-SSP Public Data Release 4 (Wide)" 37.51466388955501 -5.291889607823194 1800.0 1 L r 37493638564957079 543.4676 25.049974 702.96924 41.73389 1625.7794 33.499004 2010.6044 82.54758 2326.928 194.1098 nan nan nan nan nan nan nan nan nan nan nan nan 1e-07 1e-07 0.0 0.0 0.0 0.0 1
_Cos_37493638564957489 11 "HSC-SSP Public Data Release 4 (Wide)" 37.55127879449523 -5.283530575224517 1800.0 1 L r 37493638564957489 846.6618 19.388546 939.8355 38.088356 1221.4276 25.792852 1356.0039 66.63921 1814.7563 161.5269 nan nan nan nan nan nan nan nan nan nan nan nan 1e-07 1e-07 0.0 0.0 0.0 0.0 1
_Cos_37493638564957526 11 "HSC-SSP Public Data Release 4 (Wide)" 37.57571913295003 -5.281733410990238 1800.0 1 L r 37493638564957526 2713.4836 21.552345 2961.6387 40.332336 2913.7537 30.994123 3065.5718 77.44417 3486.11 171.24103 nan nan nan nan nan nan nan nan nan nan nan nan 1e-07 1e-07 0.0 0.0 0.0 0.0 1
_Cos_37493638564958695 11 "HSC-SSP Public Data Release 4 (Wide)" 37.616879594495465 -5.2575186999762495 1800.0 1 L r 37493638564958695 1623.7622 35.375443 2139.3413 84.82707 2211.16 43.78113 2778.321 108.109604 2796.4626 222.95442 nan nan nan nan nan nan nan nan nan nan nan nan 1e-07 1e-07 0.0 0.0 0.0 0.0 1
_Cos_37493638564960319 11 "HSC-SSP Public Data Release 4 (Wide)" 37.58734307744129 -5.217493988508551 1800.0 1 L r 37493638564960319 906.9883 27.219385 1146.9583 55.358025 1411.4902 41.5078 1873.462 111.32529 1791.689 212.24294 nan nan nan nan nan nan nan nan nan nan nan nan 1e-07 1e-07 0.0 0.0 0.0 0.0 1
_Cos_37493638564960738 11 "HSC-SSP Public Data Release 4 (Wide)" 37.62748057140645 -5.2062537926504024 1800.0 1 L r 37493638564960738 565.7201 26.550922 752.9888 57.880928 1301.975 39.865326 1506.9937 98.42321 1228.8345 155.56514 nan nan nan nan nan nan nan nan nan nan nan nan 1e-07 1e-07 0.0 0.0 0.0 0.0 1
_Cos_37493638564961224 11 "HSC-SSP Public Data Release 4 (Wide)" 37.47529588659393 -5.196057651142164 1800.0 1 L r 37493638564961224 853.1036 15.006271 1022.2459 27.225462 1605.9989 23.715544 1799.9147 55.7585 2002.9458 138.46397 nan nan nan nan nan nan nan nan nan nan nan nan 1e-07 1e-07 0.0 0.0 0.0 0.0 1
_Cos_37493638564961715 11 "HSC-SSP Public Data Release 4 (Wide)" 37.51221131629531 -5.186611089934848 1800.0 1 L r 37493638564961715 1445.5726 20.041458 1657.3699 42.416332 1878.4993 36.451923 2129.451 96.534874 2353.2366 171.56085 nan nan nan nan nan nan nan nan nan nan nan nan 1e-07 1e-07 0.0 0.0 0.0 0.0 1
