output/Jan25/final/field_a_L4_visit2_final_targets.ecsv
# %ECSV 1.0
# ---
# datatype:
# - {name: ob_code, datatype: string}
# - {name: catId, datatype: int32}
# - {name: description, datatype: string}
# - {name: ra, datatype: float64}
# - {name: dec, datatype: float64}
# - {name: exptime, datatype: float64}
# - {name: priority, datatype: int32}
# - {name: resolution, datatype: string}
# - {name: reference_arm, datatype: string}
# - {name: obj_id, datatype: int64}
# - {name: g_hsc, datatype: float64}
# - {name: g_hsc_err, datatype: float64}
# - {name: r2_hsc, datatype: float64}
# - {name: r2_hsc_err, datatype: float64}
# - {name: i2_hsc, datatype: float64}
# - {name: i2_hsc_err, datatype: float64}
# - {name: z_hsc, datatype: float64}
# - {name: z_hsc_err, datatype: float64}
# - {name: y_hsc, datatype: float64}
# - {name: y_hsc_err, datatype: float64}
# - {name: epoch, datatype: float64}
# - {name: input_catalog_id, datatype: float64}
# - {name: psf_flux_g, datatype: float64}
# - {name: psf_flux_error_g, datatype: float64}
# - {name: psf_flux_r, datatype: float64}
# - {name: psf_flux_error_r, datatype: float64}
# - {name: psf_flux_i, datatype: float64}
# - {name: psf_flux_error_i, datatype: float64}
# - {name: psf_flux_z, datatype: float64}
# - {name: psf_flux_error_z, datatype: float64}
# - {name: psf_flux_y, datatype: float64}
# - {name: psf_flux_error_y, datatype: float64}
# - {name: parallax, datatype: float64}
# - {name: parallax_error, datatype: float64}
# - {name: pmra, datatype: float64}
# - {name: pmra_error, datatype: float64}
# - {name: pmdec, datatype: float64}
# - {name: pmdec_error, datatype: float64}
# - {name: target_type, datatype: int32}
# schema: astropy-2.0
ob_code catId description ra dec exptime priority resolution reference_arm obj_id g_hsc g_hsc_err r2_hsc r2_hsc_err i2_hsc i2_hsc_err z_hsc z_hsc_err y_hsc y_hsc_err epoch input_catalog_id psf_flux_g psf_flux_error_g psf_flux_r psf_flux_error_r psf_flux_i psf_flux_error_i psf_flux_z psf_flux_error_z psf_flux_y psf_flux_error_y parallax parallax_error pmra pmra_error pmdec pmdec_error target_type
[from data line 779]
_Cos_38553846947013325 11 "HSC-SSP Public Data Release 4 (Wide)" 35.75056390169305 -3.553669077152617 1800.0 1 L r 38553846947013325 1467.5044 23.850819 2009.7445 50.56737 2759.9524 44.859932 4485.8887 119.19253 4948.8525 222.0775 nan nan nan nan nan nan nan nan nan nan nan nan 1e-07 1e-07 0.0 0.0 0.0 0.0 1
_Cos_38553846947013403 11 "HSC-SSP Public Data Release 4 (Wide)" 35.719545115739834 -3.5534305816296303 1800.0 1 L r 38553846947013403 1212.7548 19.694826 1528.3353 41.13145 2189.8203 35.44425 3342.456 87.44798 3312.5552 164.70076 nan nan nan nan nan nan nan nan nan nan nan nan 1e-07 1e-07 0.0 0.0 0.0 0.0 1
_Cos_38553846947013550 11 "HSC-SSP Public Data Release 4 (Wide)" 35.64132582563458 -3.5497345419877244 1800.0 1 L r 38553846947013550 1376.0338 26.83631 1674.8259 65.59384 1644.3503 36.601654 2408.4575 87.60377 2434.8618 151.26642 nan nan nan nan nan nan nan nan nan nan nan nan 1e-07 1e-07 0.0 0.0 0.0 0.0 1
_Cos_38553846947013720 11 "HSC-SSP Public Data Release 4 (Wide)" 35.76926550875497 -3.547105815060241 1800.0 1 L r 38553846947013720 926.27704 19.1199 796.2533 33.836983 1271.7589 33.64835 1579.4365 72.14404 1547.9984 112.61344 nan nan nan nan nan nan nan nan nan nan nan nan 1e-07 1e-07 0.0 0.0 0.0 0.0 1
_Cos_38553846947014665 11 "HSC-SSP Public Data Release 4 (Wide)" 35.75175374779147 -3.5245923583126486 1800.0 1 L r 38553846947014665 1203.5839 21.984447 1627.3218 47.25711 2826.719 38.216557 3211.4404 86.741394 3750.774 149.68585 nan nan nan nan nan nan nan nan nan nan nan nan 1e-07 1e-07 0.0 0.0 0.0 0.0 1
_Cos_38553846947014824 11 "HSC-SSP Public Data Release 4 (Wide)" 35.78936389422785 -3.5245352710517723 1800.0 1 L r 38553846947014824 835.8314 22.044125 1098.4628 45.46072 1736.441 43.79979 2437.9846 125.34833 1828.3878 159.65471 nan nan nan nan nan nan nan nan nan nan nan nan 1e-07 1e-07 0.0 0.0 0.0 0.0 1
_Cos_38553846947014881 11 "HSC-SSP Public Data Release 4 (Wide)" 35.698673477664656 -3.5298840318859903 1800.0 1 L r 38553846947014881 1760.7454 22.161352 2374.1558 42.59599 2801.14 30.011288 5230.6855 84.31173 5964.4375 162.25389 nan nan nan nan nan nan nan nan nan nan nan nan 1e-07 1e-07 0.0 0.0 0.0 0.0 1
_Cos_38553846947015319 11 "HSC-SSP Public Data Release 4 (Wide)" 35.65724081214651 -3.522635947073954 1800.0 1 L r 38553846947015319 561.6098 25.707499 1007.98773 53.705677 2339.773 43.401733 4724.3506 111.46483 5924.01 194.56853 nan nan nan nan nan nan nan nan nan nan nan nan 1e-07 1e-07 0.0 0.0 0.0 0.0 1
_Cos_38553846947017488 11 "HSC-SSP Public Data Release 4 (Wide)" 35.694631366483094 -3.493391726818998 1800.0 1 L r 38553846947017488 1069.6722 19.502258 1229.7783 40.187435 1503.908 31.614153 2675.4697 82.18123 2570.8164 122.07037 nan nan nan nan nan nan nan nan nan nan nan nan 1e-07 1e-07 0.0 0.0 0.0 0.0 1
_Cos_38553846947018309 11 "HSC-SSP Public Data Release 4 (Wide)" 35.7758152940987 -3.4820385455216427 1800.0 1 L r 38553846947018309 1165.1124 29.11458 1657.5645 48.020386 3036.0884 36.69248 4380.6396 117.60919 3427.1492 150.16008 nan nan nan nan nan nan nan nan nan nan nan nan 1e-07 1e-07 0.0 0.0 0.0 0.0 1
_Cos_38553846947018455 11 "HSC-SSP Public Data Release 4 (Wide)" 35.710239151035594 -3.480915181479909 1800.0 1 L r 38553846947018455 373.0734 16.28116 419.7028 28.77634 933.1289 22.954899 1255.4224 66.13785 1808.2802 140.97812 nan nan nan nan nan nan nan nan nan nan nan nan 1e-07 1e-07 0.0 0.0 0.0 0.0 1
_Cos_38553846947018487 11 "HSC-SSP Public Data Release 4 (Wide)" 35.65018381425928 -3.479773455183829 1800.0 1 L r 38553846947018487 822.705 19.140945 813.9828 36.141342 964.2836 22.350838 971.868 58.37841 1096.7646 101.61929 nan nan nan nan nan nan nan nan nan nan nan nan 1e-07 1e-07 0.0 0.0 0.0 0.0 1
_Cos_38553846947018578 11 "HSC-SSP Public Data Release 4 (Wide)" 35.61968255324619 -3.478523880954134 1800.0 1 L r 38553846947018578 704.6344 14.915968 916.1642 30.474583 1203.573 21.29771 1569.6462 59.35665 2476.2017 87.71337 nan nan nan nan nan nan nan nan nan nan nan nan 1e-07 1e-07 0.0 0.0 0.0 0.0 1
_Cos_38553846947018822 11 "HSC-SSP Public Data Release 4 (Wide)" 35.73375001739012 -3.476597442390982 1800.0 1 L r 38553846947018822 348.7141 16.35991 400.82993 38.26334 1297.5323 36.90604 1883.4672 87.9077 1821.4923 109.11849 nan nan nan nan nan nan nan nan nan nan nan nan 1e-07 1e-07 0.0 0.0 0.0 0.0 1
_Cos_38553846947018980 11 "HSC-SSP Public Data Release 4 (Wide)" 35.68111067208155 -3.475227058736944 1800.0 1 L r 38553846947018980 1981.4696 17.041203 2394.8528 34.034767 3059.1216 27.408676 5602.7593 72.32993 3958.519 114.35044 nan nan nan nan nan nan nan nan nan nan nan nan 1e-07 1e-07 0.0 0.0 0.0 0.0 1
_Cos_38553846947019421 11 "HSC-SSP Public Data Release 4 (Wide)" 35.719954998785326 -3.467159104510627 1800.0 1 L r 38553846947019421 1201.5098 15.171088 1676.2688 33.793503 2049.3274 24.531897 4239.2715 61.675053 2471.638 126.40821 nan nan nan nan nan nan nan nan nan nan nan nan 1e-07 1e-07 0.0 0.0 0.0 0.0 1
_Cos_38553846947020094 11 "HSC-SSP Public Data Release 4 (Wide)" 35.657872810424045 -3.454616114553169 1800.0 1 L r 38553846947020094 421.92963 29.375944 647.91925 52.679028 1632.5979 62.856518 2476.5923 141.6805 1097.955 152.7634 nan nan nan nan nan nan nan nan nan nan nan nan 1e-07 1e-07 0.0 0.0 0.0 0.0 1
_Cos_38553846947020291 11 "HSC-SSP Public Data Release 4 (Wide)" 35.70373536930009 -3.4520025056164787 1800.0 1 L r 38553846947020291 572.56714 21.26899 604.85 36.78255 944.7622 43.499023 1446.9406 72.14201 1684.9443 132.33853 nan nan nan nan nan nan nan nan nan nan nan nan 1e-07 1e-07 0.0 0.0 0.0 0.0 1
_Cos_38553846947020387 11 "HSC-SSP Public Data Release 4 (Wide)" 35.62325375798519 -3.4498169602730786 1800.0 1 L r 38553846947020387 1514.7699 17.426321 1569.9459 36.82807 2512.562 30.53146 3073.337 86.33211 5550.013 127.96338 nan nan nan nan nan nan nan nan nan nan nan nan 1e-07 1e-07 0.0 0.0 0.0 0.0 1
_Cos_38553846947020552 11 "HSC-SSP Public Data Release 4 (Wide)" 35.76815234190582 -3.446400648235433 1800.0 1 L r 38553846947020552 1121.4803 14.245973 1387.24 29.490551 1854.2106 22.668324 2848.1963 61.752304 2017.6498 95.504105 nan nan nan nan nan nan nan nan nan nan nan nan 1e-07 1e-07 0.0 0.0 0.0 0.0 1
_Cos_38553851241956949 11 "HSC-SSP Public Data Release 4 (Wide)" 35.748281249891896 -3.410083232183644 1800.0 1 L r 38553851241956949 484.1406 20.986015 610.1219 39.810062 1217.4156 36.136368 1871.2932 101.926285 1905.7997 156.30017 nan nan nan nan nan nan nan nan nan nan nan nan 1e-07 1e-07 0.0 0.0 0.0 0.0 1
_Cos_38553851241958067 11 "HSC-SSP Public Data Release 4 (Wide)" 35.63302999146631 -3.388189552190978 1800.0 1 L r 38553851241958067 689.5151 19.063892 911.1286 37.86315 1942.864 26.480446 2518.2256 69.33582 2707.6663 102.387764 nan nan nan nan nan nan nan nan nan nan nan nan 1e-07 1e-07 0.0 0.0 0.0 0.0 1
_Cos_38553851241958102 11 "HSC-SSP Public Data Release 4 (Wide)" 35.70467865471207 -3.3874358597088827 1800.0 1 L r 38553851241958102 823.15027 26.057798 1021.35034 50.99678 2127.7732 43.341824 3174.7227 135.67622 2455.158 150.9418 nan nan nan nan nan nan nan nan nan nan nan nan 1e-07 1e-07 0.0 0.0 0.0 0.0 1
_Cos_38553851241959005 11 "HSC-SSP Public Data Release 4 (Wide)" 35.70327241523199 -3.3700287911615954 1800.0 1 L r 38553851241959005 529.2047 22.734379 797.72797 39.157303 1077.2177 37.439327 1832.6765 97.131935 2963.7625 195.78844 nan nan nan nan nan nan nan nan nan nan nan nan 1e-07 1e-07 0.0 0.0 0.0 0.0 1
_Cos_38553851241959150 11 "HSC-SSP Public Data Release 4 (Wide)" 35.67169523195986 -3.3666494331114714 1800.0 1 L r 38553851241959150 747.23346 19.399597 1177.4819 40.11413 1625.1188 32.634106 3644.8823 90.10582 4239.525 155.03905 nan nan nan nan nan nan nan nan nan nan nan nan 1e-07 1e-07 0.0 0.0 0.0 0.0 1
_Cos_38553851241960282 11 "HSC-SSP Public Data Release 4 (Wide)" 35.71602120488022 -3.343543384427026 1800.0 1 L r 38553851241960282 1300.8793 16.566515 1642.4796 28.235828 1715.8071 27.049616 1854.4954 68.5616 1759.2158 130.0514 nan nan nan nan nan nan nan nan nan nan nan nan 1e-07 1e-07 0.0 0.0 0.0 0.0 1
_Cos_38553851241960655 11 "HSC-SSP Public Data Release 4 (Wide)" 35.72204342241045 -3.335629624803168 1800.0 1 L r 38553851241960655 1057.7637 18.464985 1122.1714 34.188976 1230.0204 39.91832 1257.7866 106.00194 1182.735 135.05301 nan nan nan nan nan nan nan nan nan nan nan nan 1e-07 1e-07 0.0 0.0 0.0 0.0 1
_Cos_38553851241961967 11 "HSC-SSP Public Data Release 4 (Wide)" 35.640552477709676 -3.3075290650083726 1800.0 1 L r 38553851241961967 1105.534 19.229897 1658.7362 30.024183 2493.3914 25.129366 3765.0383 62.08547 3013.348 119.95438 nan nan nan nan nan nan nan nan nan nan nan nan 1e-07 1e-07 0.0 0.0 0.0 0.0 1
_Cos_38553851241962633 11 "HSC-SSP Public Data Release 4 (Wide)" 35.6571102177397 -3.2939474038156344 1800.0 1 L r 38553851241962633 1097.1868 29.12168 1583.7347 51.10332 2651.952 40.978653 4645.616 96.74055 10704.945 230.8275 nan nan nan nan nan nan nan nan nan nan nan nan 1e-07 1e-07 0.0 0.0 0.0 0.0 1
_Cos_38553851241963317 11 "HSC-SSP Public Data Release 4 (Wide)" 35.678526076738365 -3.278604029896714 1800.0 1 L r 38553851241963317 333.05222 14.772551 422.69983 31.97774 1045.0237 27.463171 1114.793 61.98114 1707.8634 111.39048 nan nan nan nan nan nan nan nan nan nan nan nan 1e-07 1e-07 0.0 0.0 0.0 0.0 1
_Cos_38553851241975208 11 "HSC-SSP Public Data Release 4 (Wide)" 35.70854450170885 -3.4346179015136893 1800.0 1 L r 38553851241975208 1413.764 18.994915 1582.5869 33.615643 1868.1326 31.866379 1963.6083 92.57819 2820.996 121.88088 nan nan nan nan nan nan nan nan nan nan nan nan 1e-07 1e-07 0.0 0.0 0.0 0.0 1
_Cos_38553851241975634 11 "HSC-SSP Public Data Release 4 (Wide)" 35.63527907359734 -3.426881609150197 1800.0 1 L r 38553851241975634 788.26086 17.237785 848.8782 34.049526 1070.9198 31.929626 1892.5139 68.99543 2004.6722 109.70044 nan nan nan nan nan nan nan nan nan nan nan nan 1e-07 1e-07 0.0 0.0 0.0 0.0 1
_Cos_38553851241975726 11 "HSC-SSP Public Data Release 4 (Wide)" 35.73283666621263 -3.4258645305338464 1800.0 1 L r 38553851241975726 1103.0496 17.69343 1228.1615 45.97446 1407.1486 30.119812 1251.0643 72.00807 1839.1981 140.95683 nan nan nan nan nan nan nan nan nan nan nan nan 1e-07 1e-07 0.0 0.0 0.0 0.0 1
_Cos_38553851241976063 11 "HSC-SSP Public Data Release 4 (Wide)" 35.624973355140035 -3.4185465724761497 1800.0 1 L r 38553851241976063 1393.8076 21.176975 1917.5853 40.360317 2418.2957 34.124977 2815.6853 81.73384 3262.8801 127.82492 nan nan nan nan nan nan nan nan nan nan nan nan 1e-07 1e-07 0.0 0.0 0.0 0.0 1
_Cos_38553851241976194 11 "HSC-SSP Public Data Release 4 (Wide)" 35.69454816561621 -3.4165480688596834 1800.0 1 L r 38553851241976194 671.8164 20.295925 854.07654 35.655163 1355.2833 26.376709 1635.7588 69.45852 1946.4319 125.03525 nan nan nan nan nan nan nan nan nan nan nan nan 1e-07 1e-07 0.0 0.0 0.0 0.0 1
_Cos_38553851241976331 11 "HSC-SSP Public Data Release 4 (Wide)" 35.73018074549815 -3.4134621781001053 1800.0 1 L r 38553851241976331 553.83276 21.098717 892.1079 60.133057 994.3326 30.4157 1992.8971 83.46535 2532.9932 130.33292 nan nan nan nan nan nan nan nan nan nan nan nan 1e-07 1e-07 0.0 0.0 0.0 0.0 1
_Cos_38553851241976560 11 "HSC-SSP Public Data Release 4 (Wide)" 35.64753073150919 -3.409841262628331 1800.0 1 L r 38553851241976560 517.38434 19.412798 721.1544 36.3261 1272.0891 24.478338 1668.1799 67.14469 2354.1426 127.19553 nan nan nan nan nan nan nan nan nan nan nan nan 1e-07 1e-07 0.0 0.0 0.0 0.0 1
_Cos_38553851241976629 11 "HSC-SSP Public Data Release 4 (Wide)" 35.76514547929401 -3.4081567262156036 1800.0 1 L r 38553851241976629 1375.7931 20.551504 1355.4574 39.074883 1580.6216 31.453197 1782.8317 80.83716 1993.2368 144.62889 nan nan nan nan nan nan nan nan nan nan nan nan 1e-07 1e-07 0.0 0.0 0.0 0.0 1
_Cos_38553851241977542 11 "HSC-SSP Public Data Release 4 (Wide)" 35.733479984546825 -3.390744951520946 1800.0 1 L r 38553851241977542 511.18 29.48074 686.9015 58.486374 1882.0603 38.641632 5226.7554 107.26215 5392.0493 164.21564 nan nan nan nan nan nan nan nan nan nan nan nan 1e-07 1e-07 0.0 0.0 0.0 0.0 1
_Cos_38553851241977622 11 "HSC-SSP Public Data Release 4 (Wide)" 35.65548332524177 -3.3906654403985415 1800.0 1 L r 38553851241977622 1144.0175 56.78971 1436.9095 79.77194 2345.7798 55.439247 2125.2659 122.82256 897.20337 105.44619 nan nan nan nan nan nan nan nan nan nan nan nan 1e-07 1e-07 0.0 0.0 0.0 0.0 1
_Cos_38553851241977658 11 "HSC-SSP Public Data Release 4 (Wide)" 35.69487842313 -3.389995701049574 1800.0 1 L r 38553851241977658 764.8436 30.469818 829.6192 45.731552 1437.28 36.096863 1897.1257 96.43716 1896.6029 145.54497 nan nan nan nan nan nan nan nan nan nan nan nan 1e-07 1e-07 0.0 0.0 0.0 0.0 1
_Cos_38553851241977720 11 "HSC-SSP Public Data Release 4 (Wide)" 35.61119442642524 -3.3885733296912326 1800.0 1 L r 38553851241977720 644.358 21.301737 616.648 36.831833 1042.347 27.928644 1171.3448 65.61153 1613.9167 105.881615 nan nan nan nan nan nan nan nan nan nan nan nan 1e-07 1e-07 0.0 0.0 0.0 0.0 1
_Cos_38553851241979055 11 "HSC-SSP Public Data Release 4 (Wide)" 35.62807903232606 -3.3672127248538537 1800.0 1 L r 38553851241979055 554.73926 22.411448 511.47308 34.639595 923.7062 37.365135 1108.6333 96.08701 941.5318 130.35403 nan nan nan nan nan nan nan nan nan nan nan nan 1e-07 1e-07 0.0 0.0 0.0 0.0 1
_Cos_38553851241979237 11 "HSC-SSP Public Data Release 4 (Wide)" 35.649227664784554 -3.3643752729875995 1800.0 1 L r 38553851241979237 682.23773 20.150202 890.2748 30.275238 915.0265 23.407446 1127.1924 61.636337 1368.1226 95.65699 nan nan nan nan nan nan nan nan nan nan nan nan 1e-07 1e-07 0.0 0.0 0.0 0.0 1
_Cos_38553851241979521 11 "HSC-SSP Public Data Release 4 (Wide)" 35.71948216897039 -3.358234201015148 1800.0 1 L r 38553851241979521 882.0129 16.021994 1044.3636 28.12143 1197.6349 25.865887 1555.3617 83.09684 1373.4269 129.14348 nan nan nan nan nan nan nan nan nan nan nan nan 1e-07 1e-07 0.0 0.0 0.0 0.0 1
_Cos_38553851241979797 11 "HSC-SSP Public Data Release 4 (Wide)" 35.64381443731592 -3.354401266880272 1800.0 1 L r 38553851241979797 1035.9603 39.543644 1309.4691 63.22085 3096.1191 63.333572 5707.1973 147.26367 7184.036 287.50833 nan nan nan nan nan nan nan nan nan nan nan nan 1e-07 1e-07 0.0 0.0 0.0 0.0 1
_Cos_38553851241980163 11 "HSC-SSP Public Data Release 4 (Wide)" 35.74192723094903 -3.3483228350388954 1800.0 1 L r 38553851241980163 464.84854 21.309868 607.86957 31.795534 1537.0638 36.206448 1834.9321 89.7319 1747.0775 173.38344 nan nan nan nan nan nan nan nan nan nan nan nan 1e-07 1e-07 0.0 0.0 0.0 0.0 1
_Cos_38553851241980357 11 "HSC-SSP Public Data Release 4 (Wide)" 35.68363314752168 -3.344131546430155 1800.0 1 L r 38553851241980357 750.93414 18.248543 878.11395 27.913353 1723.5839 30.090317 2148.4148 69.09708 3177.0447 146.23625 nan nan nan nan nan nan nan nan nan nan nan nan 1e-07 1e-07 0.0 0.0 0.0 0.0 1
_Cos_38553851241980413 11 "HSC-SSP Public Data Release 4 (Wide)" 35.61054873018391 -3.3430041389871645 1800.0 1 L r 38553851241980413 458.4858 21.15448 797.08685 33.621693 1245.0522 39.319023 2402.1226 97.45775 4049.1748 214.67667 nan nan nan nan nan nan nan nan nan nan nan nan 1e-07 1e-07 0.0 0.0 0.0 0.0 1
_Cos_38553851241980583 11 "HSC-SSP Public Data Release 4 (Wide)" 35.6751588373352 -3.337717814020172 1800.0 1 L r 38553851241980583 551.89 14.219238 838.3986 24.873325 1328.9738 26.240685 1878.5043 60.640774 1877.0631 100.9635 nan nan nan nan nan nan nan nan nan nan nan nan 1e-07 1e-07 0.0 0.0 0.0 0.0 1
_Cos_38553851241980885 11 "HSC-SSP Public Data Release 4 (Wide)" 35.656274519247184 -3.334491178321011 1800.0 1 L r 38553851241980885 756.7289 32.050552 1116.5942 45.724926 1883.497 45.026638 3534.239 118.11619 5815.2563 163.91408 nan nan nan nan nan nan nan nan nan nan nan nan 1e-07 1e-07 0.0 0.0 0.0 0.0 1
