output/Jan25/final/field_e_L2_visit1_final_targets.ecsv
# %ECSV 1.0
# ---
# datatype:
# - {name: ob_code, datatype: string}
# - {name: catId, datatype: int32}
# - {name: description, datatype: string}
# - {name: ra, datatype: float64}
# - {name: dec, datatype: float64}
# - {name: exptime, datatype: float64}
# - {name: priority, datatype: int32}
# - {name: resolution, datatype: string}
# - {name: reference_arm, datatype: string}
# - {name: obj_id, datatype: int64}
# - {name: g_hsc, datatype: float64}
# - {name: g_hsc_err, datatype: float64}
# - {name: r2_hsc, datatype: float64}
# - {name: r2_hsc_err, datatype: float64}
# - {name: i2_hsc, datatype: float64}
# - {name: i2_hsc_err, datatype: float64}
# - {name: z_hsc, datatype: float64}
# - {name: z_hsc_err, datatype: float64}
# - {name: y_hsc, datatype: float64}
# - {name: y_hsc_err, datatype: float64}
# - {name: epoch, datatype: float64}
# - {name: input_catalog_id, datatype: float64}
# - {name: psf_flux_g, datatype: float64}
# - {name: psf_flux_error_g, datatype: float64}
# - {name: psf_flux_r, datatype: float64}
# - {name: psf_flux_error_r, datatype: float64}
# - {name: psf_flux_i, datatype: float64}
# - {name: psf_flux_error_i, datatype: float64}
# - {name: psf_flux_z, datatype: float64}
# - {name: psf_flux_error_z, datatype: float64}
# - {name: psf_flux_y, datatype: float64}
# - {name: psf_flux_error_y, datatype: float64}
# - {name: parallax, datatype: float64}
# - {name: parallax_error, datatype: float64}
# - {name: pmra, datatype: float64}
# - {name: pmra_error, datatype: float64}
# - {name: pmdec, datatype: float64}
# - {name: pmdec_error, datatype: float64}
# - {name: target_type, datatype: int32}
# schema: astropy-2.0
ob_code catId description ra dec exptime priority resolution reference_arm obj_id g_hsc g_hsc_err r2_hsc r2_hsc_err i2_hsc i2_hsc_err z_hsc z_hsc_err y_hsc y_hsc_err epoch input_catalog_id psf_flux_g psf_flux_error_g psf_flux_r psf_flux_error_r psf_flux_i psf_flux_error_i psf_flux_z psf_flux_error_z psf_flux_y psf_flux_error_y parallax parallax_error pmra pmra_error pmdec pmdec_error target_type
[from data line 1736]
_Sky_3286503254 2007 "Sky positions from PS1" 132.1799134977025 -0.457134363915748 1800.0 1 L r 3286503254 nan nan nan nan nan nan nan nan nan nan nan nan nan nan nan nan nan nan nan nan nan nan 1e-07 1e-07 0.0 0.0 0.0 0.0 2
_Sky_3286504940 2007 "Sky positions from PS1" 132.1438750135688 -0.4383775468230178 1800.0 1 L r 3286504940 nan nan nan nan nan nan nan nan nan nan nan nan nan nan nan nan nan nan nan nan nan nan 1e-07 1e-07 0.0 0.0 0.0 0.0 2
_Sky_3286508227 2007 "Sky positions from PS1" 132.1312369897404 -0.4153410833013106 1800.0 1 L r 3286508227 nan nan nan nan nan nan nan nan nan nan nan nan nan nan nan nan nan nan nan nan nan nan 1e-07 1e-07 0.0 0.0 0.0 0.0 2
_Sky_3286505974 2007 "Sky positions from PS1" 131.9286964292548 -0.2228094303062659 1800.0 1 L r 3286505974 nan nan nan nan nan nan nan nan nan nan nan nan nan nan nan nan nan nan nan nan nan nan 1e-07 1e-07 0.0 0.0 0.0 0.0 2
_Sky_3286508367 2007 "Sky positions from PS1" 131.9749554061209 -0.3076476197873248 1800.0 1 L r 3286508367 nan nan nan nan nan nan nan nan nan nan nan nan nan nan nan nan nan nan nan nan nan nan 1e-07 1e-07 0.0 0.0 0.0 0.0 2
_Sky_3286531535 2007 "Sky positions from PS1" 131.96401252222248 -0.2860629576573202 1800.0 1 L r 3286531535 nan nan nan nan nan nan nan nan nan nan nan nan nan nan nan nan nan nan nan nan nan nan 1e-07 1e-07 0.0 0.0 0.0 0.0 2
_Sky_3286522588 2007 "Sky positions from PS1" 131.9862975606765 -0.2860140687616473 1800.0 1 L r 3286522588 nan nan nan nan nan nan nan nan nan nan nan nan nan nan nan nan nan nan nan nan nan nan 1e-07 1e-07 0.0 0.0 0.0 0.0 2
_Sky_3286528345 2007 "Sky positions from PS1" 132.01206967111747 -0.3284880237984749 1800.0 1 L r 3286528345 nan nan nan nan nan nan nan nan nan nan nan nan nan nan nan nan nan nan nan nan nan nan 1e-07 1e-07 0.0 0.0 0.0 0.0 2
_Sky_3286531853 2007 "Sky positions from PS1" 132.0353755125741 -0.2866493615339932 1800.0 1 L r 3286531853 nan nan nan nan nan nan nan nan nan nan nan nan nan nan nan nan nan nan nan nan nan nan 1e-07 1e-07 0.0 0.0 0.0 0.0 2
_Sky_3286503230 2007 "Sky positions from PS1" 131.95301501269424 -0.2230136301994126 1800.0 1 L r 3286503230 nan nan nan nan nan nan nan nan nan nan nan nan nan nan nan nan nan nan nan nan nan nan 1e-07 1e-07 0.0 0.0 0.0 0.0 2
_Sky_3286511085 2007 "Sky positions from PS1" 131.96336058585652 -0.2020826310612705 1800.0 1 L r 3286511085 nan nan nan nan nan nan nan nan nan nan nan nan nan nan nan nan nan nan nan nan nan nan 1e-07 1e-07 0.0 0.0 0.0 0.0 2
_Sky_3286530616 2007 "Sky positions from PS1" 132.0464609181058 -0.1794027526155938 1800.0 1 L r 3286530616 nan nan nan nan nan nan nan nan nan nan nan nan nan nan nan nan nan nan nan nan nan nan 1e-07 1e-07 0.0 0.0 0.0 0.0 2
_Sky_3286524614 2007 "Sky positions from PS1" 132.10492336481212 -0.3296055784419791 1800.0 1 L r 3286524614 nan nan nan nan nan nan nan nan nan nan nan nan nan nan nan nan nan nan nan nan nan nan 1e-07 1e-07 0.0 0.0 0.0 0.0 2
_Sky_3286511535 2007 "Sky positions from PS1" 132.08094392787132 -0.2002531767698971 1800.0 1 L r 3286511535 nan nan nan nan nan nan nan nan nan nan nan nan nan nan nan nan nan nan nan nan nan nan 1e-07 1e-07 0.0 0.0 0.0 0.0 2
_Sky_3286500442 2007 "Sky positions from PS1" 132.06870471923148 -0.1788849293465736 1800.0 1 L r 3286500442 nan nan nan nan nan nan nan nan nan nan nan nan nan nan nan nan nan nan nan nan nan nan 1e-07 1e-07 0.0 0.0 0.0 0.0 2
_Sky_3286530306 2007 "Sky positions from PS1" 132.15354294231787 -0.2432323136994165 1800.0 1 L r 3286530306 nan nan nan nan nan nan nan nan nan nan nan nan nan nan nan nan nan nan nan nan nan nan 1e-07 1e-07 0.0 0.0 0.0 0.0 2
_Sky_3286522772 2007 "Sky positions from PS1" 132.17901046512887 -0.244527974697586 1800.0 1 L r 3286522772 nan nan nan nan nan nan nan nan nan nan nan nan nan nan nan nan nan nan nan nan nan nan 1e-07 1e-07 0.0 0.0 0.0 0.0 2
_Sky_3286497514 2007 "Sky positions from PS1" 132.16674180618764 -0.2228427425557931 1800.0 1 L r 3286497514 nan nan nan nan nan nan nan nan nan nan nan nan nan nan nan nan nan nan nan nan nan nan 1e-07 1e-07 0.0 0.0 0.0 0.0 2
_Sky_3286502994 2007 "Sky positions from PS1" 132.13034971582135 -0.200035289244026 1800.0 1 L r 3286502994 nan nan nan nan nan nan nan nan nan nan nan nan nan nan nan nan nan nan nan nan nan nan 1e-07 1e-07 0.0 0.0 0.0 0.0 2
_Sky_3286533552 2007 "Sky positions from PS1" 131.93975243033952 -0.1599422241908436 1800.0 1 L r 3286533552 nan nan nan nan nan nan nan nan nan nan nan nan nan nan nan nan nan nan nan nan nan nan 1e-07 1e-07 0.0 0.0 0.0 0.0 2
_Sky_3286503189 2007 "Sky positions from PS1" 131.985064480195 -0.1595278725607417 1800.0 1 L r 3286503189 nan nan nan nan nan nan nan nan nan nan nan nan nan nan nan nan nan nan nan nan nan nan 1e-07 1e-07 0.0 0.0 0.0 0.0 2
_Sky_3286515778 2007 "Sky positions from PS1" 132.0458915520275 -0.1369258958345157 1800.0 1 L r 3286515778 nan nan nan nan nan nan nan nan nan nan nan nan nan nan nan nan nan nan nan nan nan nan 1e-07 1e-07 0.0 0.0 0.0 0.0 2
_Sky_3286533877 2007 "Sky positions from PS1" 132.02283362369482 -0.0939099018490974 1800.0 1 L r 3286533877 nan nan nan nan nan nan nan nan nan nan nan nan nan nan nan nan nan nan nan nan nan nan 1e-07 1e-07 0.0 0.0 0.0 0.0 2
_Sky_3286536883 2007 "Sky positions from PS1" 132.10574218221797 -0.1588946325236324 1800.0 1 L r 3286536883 nan nan nan nan nan nan nan nan nan nan nan nan nan nan nan nan nan nan nan nan nan nan 1e-07 1e-07 0.0 0.0 0.0 0.0 2
_Sky_3286507956 2007 "Sky positions from PS1" 132.1536680885635 -0.1592443837244103 1800.0 1 L r 3286507956 nan nan nan nan nan nan nan nan nan nan nan nan nan nan nan nan nan nan nan nan nan nan 1e-07 1e-07 0.0 0.0 0.0 0.0 2
_Sky_3286521628 2007 "Sky positions from PS1" 132.14105856969925 -0.093485264722209 1800.0 1 L r 3286521628 nan nan nan nan nan nan nan nan nan nan nan nan nan nan nan nan nan nan nan nan nan nan 1e-07 1e-07 0.0 0.0 0.0 0.0 2
_Sky_3286505770 2007 "Sky positions from PS1" 132.07134380773175 -0.0534140648116121 1800.0 1 L r 3286505770 nan nan nan nan nan nan nan nan nan nan nan nan nan nan nan nan nan nan nan nan nan nan 1e-07 1e-07 0.0 0.0 0.0 0.0 2
_Sky_3286501132 2007 "Sky positions from PS1" 132.16738091405895 -0.0074519015532898 1800.0 1 L r 3286501132 nan nan nan nan nan nan nan nan nan nan nan nan nan nan nan nan nan nan nan nan nan nan 1e-07 1e-07 0.0 0.0 0.0 0.0 2
_Sky_3286505621 2007 "Sky positions from PS1" 132.20989144990102 -0.7094805389341433 1800.0 1 L r 3286505621 nan nan nan nan nan nan nan nan nan nan nan nan nan nan nan nan nan nan nan nan nan nan 1e-07 1e-07 0.0 0.0 0.0 0.0 2
_Sky_3286513417 2007 "Sky positions from PS1" 132.18535972260167 -0.6686662754827754 1800.0 1 L r 3286513417 nan nan nan nan nan nan nan nan nan nan nan nan nan nan nan nan nan nan nan nan nan nan 1e-07 1e-07 0.0 0.0 0.0 0.0 2
_Sky_3286502634 2007 "Sky positions from PS1" 132.2102382934921 -0.6688956612009034 1800.0 1 L r 3286502634 nan nan nan nan nan nan nan nan nan nan nan nan nan nan nan nan nan nan nan nan nan nan 1e-07 1e-07 0.0 0.0 0.0 0.0 2
_Sky_3286519918 2007 "Sky positions from PS1" 132.23248505973535 -0.6682779242663256 1800.0 1 L r 3286519918 nan nan nan nan nan nan nan nan nan nan nan nan nan nan nan nan nan nan nan nan nan nan 1e-07 1e-07 0.0 0.0 0.0 0.0 2
_Sky_3286534352 2007 "Sky positions from PS1" 132.31927282253113 -0.7312460731476469 1800.0 1 L r 3286534352 nan nan nan nan nan nan nan nan nan nan nan nan nan nan nan nan nan nan nan nan nan nan 1e-07 1e-07 0.0 0.0 0.0 0.0 2
_Sky_3286497446 2007 "Sky positions from PS1" 132.40389113857356 -0.712066026497763 1800.0 1 L r 3286497446 nan nan nan nan nan nan nan nan nan nan nan nan nan nan nan nan nan nan nan nan nan nan 1e-07 1e-07 0.0 0.0 0.0 0.0 2
_Sky_3286532079 2007 "Sky positions from PS1" 132.4184728356799 -0.6929385284767001 1800.0 1 L r 3286532079 nan nan nan nan nan nan nan nan nan nan nan nan nan nan nan nan nan nan nan nan nan nan 1e-07 1e-07 0.0 0.0 0.0 0.0 2
_Sky_3286521535 2007 "Sky positions from PS1" 132.48044390837546 -0.7971907991971282 1800.0 1 L r 3286521535 nan nan nan nan nan nan nan nan nan nan nan nan nan nan nan nan nan nan nan nan nan nan 1e-07 1e-07 0.0 0.0 0.0 0.0 2
_Sky_3286536991 2007 "Sky positions from PS1" 132.4783516150918 -0.7551009895660277 1800.0 1 L r 3286536991 nan nan nan nan nan nan nan nan nan nan nan nan nan nan nan nan nan nan nan nan nan nan 1e-07 1e-07 0.0 0.0 0.0 0.0 2
_Sky_3286534192 2007 "Sky positions from PS1" 132.52831161020262 -0.7965905427485966 1800.0 1 L r 3286534192 nan nan nan nan nan nan nan nan nan nan nan nan nan nan nan nan nan nan nan nan nan nan 1e-07 1e-07 0.0 0.0 0.0 0.0 2
_Sky_3286540129 2007 "Sky positions from PS1" 132.4418817890035 -0.7343981423434434 1800.0 1 L r 3286540129 nan nan nan nan nan nan nan nan nan nan nan nan nan nan nan nan nan nan nan nan nan nan 1e-07 1e-07 0.0 0.0 0.0 0.0 2
_Sky_3286502516 2007 "Sky positions from PS1" 132.46699452551144 -0.7341231279722203 1800.0 1 L r 3286502516 nan nan nan nan nan nan nan nan nan nan nan nan nan nan nan nan nan nan nan nan nan nan 1e-07 1e-07 0.0 0.0 0.0 0.0 2
_Sky_3286499969 2007 "Sky positions from PS1" 132.50256784686084 -0.6706884369625411 1800.0 1 L r 3286499969 nan nan nan nan nan nan nan nan nan nan nan nan nan nan nan nan nan nan nan nan nan nan 1e-07 1e-07 0.0 0.0 0.0 0.0 2
_Sky_3286566573 2007 "Sky positions from PS1" 132.60048026570053 -0.7967694790639129 1800.0 1 L r 3286566573 nan nan nan nan nan nan nan nan nan nan nan nan nan nan nan nan nan nan nan nan nan nan 1e-07 1e-07 0.0 0.0 0.0 0.0 2
_Sky_3286580975 2007 "Sky positions from PS1" 132.6274972491461 -0.7138483187787059 1800.0 1 L r 3286580975 nan nan nan nan nan nan nan nan nan nan nan nan nan nan nan nan nan nan nan nan nan nan 1e-07 1e-07 0.0 0.0 0.0 0.0 2
_Sky_3286577371 2007 "Sky positions from PS1" 132.65001881964412 -0.7129277464969463 1800.0 1 L r 3286577371 nan nan nan nan nan nan nan nan nan nan nan nan nan nan nan nan nan nan nan nan nan nan 1e-07 1e-07 0.0 0.0 0.0 0.0 2
_Sky_3286575633 2007 "Sky positions from PS1" 132.65071946526837 -0.6730297757461045 1800.0 1 L r 3286575633 nan nan nan nan nan nan nan nan nan nan nan nan nan nan nan nan nan nan nan nan nan nan 1e-07 1e-07 0.0 0.0 0.0 0.0 2
_Sky_3286542085 2007 "Sky positions from PS1" 132.6761711845187 -0.7975579621046169 1800.0 1 L r 3286542085 nan nan nan nan nan nan nan nan nan nan nan nan nan nan nan nan nan nan nan nan nan nan 1e-07 1e-07 0.0 0.0 0.0 0.0 2
_Sky_3286561827 2007 "Sky positions from PS1" 132.7228943477498 -0.7952711495861974 1800.0 1 L r 3286561827 nan nan nan nan nan nan nan nan nan nan nan nan nan nan nan nan nan nan nan nan nan nan 1e-07 1e-07 0.0 0.0 0.0 0.0 2
_Sky_3286556619 2007 "Sky positions from PS1" 132.7724454707063 -0.7960786010226275 1800.0 1 L r 3286556619 nan nan nan nan nan nan nan nan nan nan nan nan nan nan nan nan nan nan nan nan nan nan 1e-07 1e-07 0.0 0.0 0.0 0.0 2
_Sky_3286550120 2007 "Sky positions from PS1" 132.67634660375776 -0.7148921336185023 1800.0 1 L r 3286550120 nan nan nan nan nan nan nan nan nan nan nan nan nan nan nan nan nan nan nan nan nan nan 1e-07 1e-07 0.0 0.0 0.0 0.0 2
_Sky_3286551008 2007 "Sky positions from PS1" 132.7605863214493 -0.7315189316018135 1800.0 1 L r 3286551008 nan nan nan nan nan nan nan nan nan nan nan nan nan nan nan nan nan nan nan nan nan nan 1e-07 1e-07 0.0 0.0 0.0 0.0 2
_Sky_3286549829 2007 "Sky positions from PS1" 132.7856293545482 -0.7324003734143493 1800.0 1 L r 3286549829 nan nan nan nan nan nan nan nan nan nan nan nan nan nan nan nan nan nan nan nan nan nan 1e-07 1e-07 0.0 0.0 0.0 0.0 2
_Sky_3286585036 2007 "Sky positions from PS1" 132.7754927457369 -0.7131448602132109 1800.0 1 L r 3286585036 nan nan nan nan nan nan nan nan nan nan nan nan nan nan nan nan nan nan nan nan nan nan 1e-07 1e-07 0.0 0.0 0.0 0.0 2
_Sky_3286562302 2007 "Sky positions from PS1" 132.80902746738334 -0.7723834651196868 1800.0 1 L r 3286562302 nan nan nan nan nan nan nan nan nan nan nan nan nan nan nan nan nan nan nan nan nan nan 1e-07 1e-07 0.0 0.0 0.0 0.0 2
_Sky_3286547519 2007 "Sky positions from PS1" 132.89742902889293 -0.7531350140346711 1800.0 1 L r 3286547519 nan nan nan nan nan nan nan nan nan nan nan nan nan nan nan nan nan nan nan nan nan nan 1e-07 1e-07 0.0 0.0 0.0 0.0 2
_Sky_3286568430 2007 "Sky positions from PS1" 132.81198895307722 -0.7332688878871549 1800.0 1 L r 3286568430 nan nan nan nan nan nan nan nan nan nan nan nan nan nan nan nan nan nan nan nan nan nan 1e-07 1e-07 0.0 0.0 0.0 0.0 2
_Sky_3286564612 2007 "Sky positions from PS1" 132.8230488493587 -0.7100831174925982 1800.0 1 L r 3286564612 nan nan nan nan nan nan nan nan nan nan nan nan nan nan nan nan nan nan nan nan nan nan 1e-07 1e-07 0.0 0.0 0.0 0.0 2
_Sky_3286568975 2007 "Sky positions from PS1" 132.81269728989793 -0.6913782854989069 1800.0 1 L r 3286568975 nan nan nan nan nan nan nan nan nan nan nan nan nan nan nan nan nan nan nan nan nan nan 1e-07 1e-07 0.0 0.0 0.0 0.0 2
_Sky_3286558176 2007 "Sky positions from PS1" 132.84648555592693 -0.6691992386592803 1800.0 1 L r 3286558176 nan nan nan nan nan nan nan nan nan nan nan nan nan nan nan nan nan nan nan nan nan nan 1e-07 1e-07 0.0 0.0 0.0 0.0 2
_Sky_3286559550 2007 "Sky positions from PS1" 132.88497179956164 -0.7302249206370203 1800.0 1 L r 3286559550 nan nan nan nan nan nan nan nan nan nan nan nan nan nan nan nan nan nan nan nan nan nan 1e-07 1e-07 0.0 0.0 0.0 0.0 2
_Sky_3286540859 2007 "Sky positions from PS1" 132.94509723839002 -0.7913463688305711 1800.0 1 L r 3286540859 nan nan nan nan nan nan nan nan nan nan nan nan nan nan nan nan nan nan nan nan nan nan 1e-07 1e-07 0.0 0.0 0.0 0.0 2
_Sky_3286545784 2007 "Sky positions from PS1" 133.00497748953373 -0.6860210754574761 1800.0 1 L r 3286545784 nan nan nan nan nan nan nan nan nan nan nan nan nan nan nan nan nan nan nan nan nan nan 1e-07 1e-07 0.0 0.0 0.0 0.0 2
_Sky_3286509184 2007 "Sky positions from PS1" 132.30386274183803 -0.5858117782859484 1800.0 1 L r 3286509184 nan nan nan nan nan nan nan nan nan nan nan nan nan nan nan nan nan nan nan nan nan nan 1e-07 1e-07 0.0 0.0 0.0 0.0 2
_Sky_3286523417 2007 "Sky positions from PS1" 132.25680633887467 -0.5430495014562658 1800.0 1 L r 3286523417 nan nan nan nan nan nan nan nan nan nan nan nan nan nan nan nan nan nan nan nan nan nan 1e-07 1e-07 0.0 0.0 0.0 0.0 2
_Sky_3286502450 2007 "Sky positions from PS1" 132.25511403233727 -0.5007901089903076 1800.0 1 L r 3286502450 nan nan nan nan nan nan nan nan nan nan nan nan nan nan nan nan nan nan nan nan nan nan 1e-07 1e-07 0.0 0.0 0.0 0.0 2
_Sky_3286534005 2007 "Sky positions from PS1" 132.30296195513043 -0.500773652996574 1800.0 1 L r 3286534005 nan nan nan nan nan nan nan nan nan nan nan nan nan nan nan nan nan nan nan nan nan nan 1e-07 1e-07 0.0 0.0 0.0 0.0 2
_Sky_3286510242 2007 "Sky positions from PS1" 132.3291516185078 -0.6296334095084293 1800.0 1 L r 3286510242 nan nan nan nan nan nan nan nan nan nan nan nan nan nan nan nan nan nan nan nan nan nan 1e-07 1e-07 0.0 0.0 0.0 0.0 2
_Sky_3286537087 2007 "Sky positions from PS1" 132.3664523221451 -0.6078556222339554 1800.0 1 L r 3286537087 nan nan nan nan nan nan nan nan nan nan nan nan nan nan nan nan nan nan nan nan nan nan 1e-07 1e-07 0.0 0.0 0.0 0.0 2
_Sky_3286529835 2007 "Sky positions from PS1" 132.36876090980593 -0.649906951779556 1800.0 1 L r 3286529835 nan nan nan nan nan nan nan nan nan nan nan nan nan nan nan nan nan nan nan nan nan nan 1e-07 1e-07 0.0 0.0 0.0 0.0 2
_Sky_3286533715 2007 "Sky positions from PS1" 132.39040835733053 -0.6497007458787484 1800.0 1 L r 3286533715 nan nan nan nan nan nan nan nan nan nan nan nan nan nan nan nan nan nan nan nan nan nan 1e-07 1e-07 0.0 0.0 0.0 0.0 2
