output/Jan25/final/field_e_L3_visit2_final_targets.ecsv
# %ECSV 1.0
# ---
# datatype:
# - {name: ob_code, datatype: string}
# - {name: catId, datatype: int32}
# - {name: description, datatype: string}
# - {name: ra, datatype: float64}
# - {name: dec, datatype: float64}
# - {name: exptime, datatype: float64}
# - {name: priority, datatype: int32}
# - {name: resolution, datatype: string}
# - {name: reference_arm, datatype: string}
# - {name: obj_id, datatype: int64}
# - {name: g_hsc, datatype: float64}
# - {name: g_hsc_err, datatype: float64}
# - {name: r2_hsc, datatype: float64}
# - {name: r2_hsc_err, datatype: float64}
# - {name: i2_hsc, datatype: float64}
# - {name: i2_hsc_err, datatype: float64}
# - {name: z_hsc, datatype: float64}
# - {name: z_hsc_err, datatype: float64}
# - {name: y_hsc, datatype: float64}
# - {name: y_hsc_err, datatype: float64}
# - {name: epoch, datatype: float64}
# - {name: input_catalog_id, datatype: float64}
# - {name: psf_flux_g, datatype: float64}
# - {name: psf_flux_error_g, datatype: float64}
# - {name: psf_flux_r, datatype: float64}
# - {name: psf_flux_error_r, datatype: float64}
# - {name: psf_flux_i, datatype: float64}
# - {name: psf_flux_error_i, datatype: float64}
# - {name: psf_flux_z, datatype: float64}
# - {name: psf_flux_error_z, datatype: float64}
# - {name: psf_flux_y, datatype: float64}
# - {name: psf_flux_error_y, datatype: float64}
# - {name: parallax, datatype: float64}
# - {name: parallax_error, datatype: float64}
# - {name: pmra, datatype: float64}
# - {name: pmra_error, datatype: float64}
# - {name: pmdec, datatype: float64}
# - {name: pmdec_error, datatype: float64}
# - {name: target_type, datatype: int32}
# schema: astropy-2.0
ob_code catId description ra dec exptime priority resolution reference_arm obj_id g_hsc g_hsc_err r2_hsc r2_hsc_err i2_hsc i2_hsc_err z_hsc z_hsc_err y_hsc y_hsc_err epoch input_catalog_id psf_flux_g psf_flux_error_g psf_flux_r psf_flux_error_r psf_flux_i psf_flux_error_i psf_flux_z psf_flux_error_z psf_flux_y psf_flux_error_y parallax parallax_error pmra pmra_error pmdec pmdec_error target_type
[from data line 416]
_Cos_42028307985732815 11 "HSC-SSP Public Data Release 4 (Wide)" 128.90774963233645 1.1696151067082179 1800.0 1 L r 42028307985732815 1409.7634 25.459694 1759.9696 47.530266 2687.738 60.65507 4042.297 97.286804 4754.2656 181.73181 nan nan nan nan nan nan nan nan nan nan nan nan 1e-07 1e-07 0.0 0.0 0.0 0.0 1
_Cos_42028307985733179 11 "HSC-SSP Public Data Release 4 (Wide)" 128.94112331443228 1.180707004059569 1800.0 1 L r 42028307985733179 1067.673 26.154726 1545.0444 62.194035 1767.511 64.31269 2376.3823 97.578224 2818.601 178.73058 nan nan nan nan nan nan nan nan nan nan nan nan 1e-07 1e-07 0.0 0.0 0.0 0.0 1
_Cos_42028307985733212 11 "HSC-SSP Public Data Release 4 (Wide)" 128.96625520094494 1.1818798665610566 1800.0 1 L r 42028307985733212 1387.5879 26.35169 1784.1357 55.725834 2103.2383 57.828846 3862.4814 84.76148 4592.736 162.9356 nan nan nan nan nan nan nan nan nan nan nan nan 1e-07 1e-07 0.0 0.0 0.0 0.0 1
_Cos_42028307985733351 11 "HSC-SSP Public Data Release 4 (Wide)" 128.82735174084715 1.1857552569524057 1800.0 1 L r 42028307985733351 1150.5221 33.37294 1556.3124 62.784412 2962.0996 70.53423 4228.1885 110.593346 4889.7017 185.01927 nan nan nan nan nan nan nan nan nan nan nan nan 1e-07 1e-07 0.0 0.0 0.0 0.0 1
_Cos_42028307985742991 11 "HSC-SSP Public Data Release 4 (Wide)" 128.91281676639463 1.025727337026677 1800.0 1 L r 42028307985742991 596.24725 23.748158 815.32587 50.632153 1246.0873 59.275677 974.11444 82.36184 1207.5879 137.35246 nan nan nan nan nan nan nan nan nan nan nan nan 1e-07 1e-07 0.0 0.0 0.0 0.0 1
_Cos_42028307985743135 11 "HSC-SSP Public Data Release 4 (Wide)" 128.94185706677814 1.0266003586541677 1800.0 1 L r 42028307985743135 255.31812 18.090033 340.16428 35.896976 992.0098 36.03929 1470.4808 53.2717 1801.1471 107.06463 nan nan nan nan nan nan nan nan nan nan nan nan 1e-07 1e-07 0.0 0.0 0.0 0.0 1
_Cos_42028307985744146 11 "HSC-SSP Public Data Release 4 (Wide)" 128.80322777335493 1.0494684294695378 1800.0 1 L r 42028307985744146 827.86487 30.740435 806.83624 56.171124 1548.8519 59.035522 2056.0676 94.32435 2486.0564 160.25896 nan nan nan nan nan nan nan nan nan nan nan nan 1e-07 1e-07 0.0 0.0 0.0 0.0 1
_Cos_42028307985744886 11 "HSC-SSP Public Data Release 4 (Wide)" 128.82090702536573 1.0653708271141709 1800.0 1 L r 42028307985744886 1575.997 25.34298 1745.811 56.805893 1654.3591 46.104805 2007.006 74.446335 2825.592 122.53244 nan nan nan nan nan nan nan nan nan nan nan nan 1e-07 1e-07 0.0 0.0 0.0 0.0 1
_Cos_42028307985745188 11 "HSC-SSP Public Data Release 4 (Wide)" 128.88804145939494 1.0719548689214082 1800.0 1 L r 42028307985745188 783.21246 44.550163 813.01526 66.123 1936.2985 79.095116 2386.6365 105.91371 3679.9988 189.83461 nan nan nan nan nan nan nan nan nan nan nan nan 1e-07 1e-07 0.0 0.0 0.0 0.0 1
_Cos_42028307985746031 11 "HSC-SSP Public Data Release 4 (Wide)" 128.95889186225372 1.092425329893917 1800.0 1 L r 42028307985746031 595.8777 23.612823 697.333 45.028946 1549.6288 57.0644 2249.1084 105.69523 2461.2861 160.53162 nan nan nan nan nan nan nan nan nan nan nan nan 1e-07 1e-07 0.0 0.0 0.0 0.0 1
_Cos_42028307985746448 11 "HSC-SSP Public Data Release 4 (Wide)" 128.97152275633582 1.1012151405974973 1800.0 1 L r 42028307985746448 1791.1713 28.776659 2428.0789 57.421486 3517.0566 68.02032 2918.6848 85.794945 3162.57 184.00412 nan nan nan nan nan nan nan nan nan nan nan nan 1e-07 1e-07 0.0 0.0 0.0 0.0 1
_Cos_42028307985746617 11 "HSC-SSP Public Data Release 4 (Wide)" 128.9296778661452 1.1066705483232269 1800.0 1 L r 42028307985746617 502.00024 25.233856 590.8867 51.573677 1004.7123 59.969955 1515.5563 98.55195 2896.4106 208.00958 nan nan nan nan nan nan nan nan nan nan nan nan 1e-07 1e-07 0.0 0.0 0.0 0.0 1
_Cos_42028307985746917 11 "HSC-SSP Public Data Release 4 (Wide)" 128.9720346974459 1.1134910458678628 1800.0 1 L r 42028307985746917 510.20578 18.637177 589.9565 37.03603 1381.1829 35.78537 1501.9215 55.94953 1764.7622 127.93246 nan nan nan nan nan nan nan nan nan nan nan nan 1e-07 1e-07 0.0 0.0 0.0 0.0 1
_Cos_42028307985747339 11 "HSC-SSP Public Data Release 4 (Wide)" 128.81029291284503 1.1223557654916696 1800.0 1 L r 42028307985747339 610.86957 18.731916 838.6786 41.836487 1194.8495 54.336426 1008.4105 69.240845 1544.485 141.2967 nan nan nan nan nan nan nan nan nan nan nan nan 1e-07 1e-07 0.0 0.0 0.0 0.0 1
_Cos_42028307985748058 11 "HSC-SSP Public Data Release 4 (Wide)" 128.810148907539 1.1381023555902954 1800.0 1 L r 42028307985748058 550.4619 29.468948 703.5694 55.372635 1020.27325 48.512524 2113.779 87.301926 1973.6669 132.59694 nan nan nan nan nan nan nan nan nan nan nan nan 1e-07 1e-07 0.0 0.0 0.0 0.0 1
_Cos_42028307985748226 11 "HSC-SSP Public Data Release 4 (Wide)" 128.95962807637073 1.1438101238639362 1800.0 1 L r 42028307985748226 651.60834 26.91179 887.8931 45.656116 1205.3383 56.961956 2265.7412 78.26241 3013.2996 154.8223 nan nan nan nan nan nan nan nan nan nan nan nan 1e-07 1e-07 0.0 0.0 0.0 0.0 1
_Cos_42028307985748376 11 "HSC-SSP Public Data Release 4 (Wide)" 128.824727305697 1.1485001001663466 1800.0 1 L r 42028307985748376 633.0169 20.388506 906.3117 50.31034 1259.3031 48.117107 1846.0753 81.290726 1924.1973 137.60266 nan nan nan nan nan nan nan nan nan nan nan nan 1e-07 1e-07 0.0 0.0 0.0 0.0 1
_Cos_42028307985748627 11 "HSC-SSP Public Data Release 4 (Wide)" 128.97899152583352 1.1528139220128355 1800.0 1 L r 42028307985748627 533.7116 24.245966 546.5113 41.270344 1436.4547 53.447075 1632.6349 75.38902 1585.7242 163.62865 nan nan nan nan nan nan nan nan nan nan nan nan 1e-07 1e-07 0.0 0.0 0.0 0.0 1
_Cos_42028307985749091 11 "HSC-SSP Public Data Release 4 (Wide)" 128.82620532638913 1.1639999901097469 1800.0 1 L r 42028307985749091 411.66403 32.513565 517.09125 65.60347 962.199 70.44183 977.1541 102.17231 1338.7708 158.30223 nan nan nan nan nan nan nan nan nan nan nan nan 1e-07 1e-07 0.0 0.0 0.0 0.0 1
_Cos_42028307985749277 11 "HSC-SSP Public Data Release 4 (Wide)" 128.81304811161178 1.1661296525997626 1800.0 1 L r 42028307985749277 538.23474 28.020332 659.88055 52.298656 1117.5186 68.44564 1979.4604 107.501854 2688.293 187.14352 nan nan nan nan nan nan nan nan nan nan nan nan 1e-07 1e-07 0.0 0.0 0.0 0.0 1
_Cos_42028307985749679 11 "HSC-SSP Public Data Release 4 (Wide)" 128.80686984321056 1.1768383410597143 1800.0 1 L r 42028307985749679 693.9969 35.284874 957.3801 69.82732 1557.1136 79.464355 2218.728 120.63359 2757.7102 178.55241 nan nan nan nan nan nan nan nan nan nan nan nan 1e-07 1e-07 0.0 0.0 0.0 0.0 1
_Cos_42028307985750080 11 "HSC-SSP Public Data Release 4 (Wide)" 128.8392654511343 1.1868823988665884 1800.0 1 L r 42028307985750080 705.522 29.368711 1056.2689 66.079636 1586.573 62.860256 2441.0166 99.06944 3114.038 152.18834 nan nan nan nan nan nan nan nan nan nan nan nan 1e-07 1e-07 0.0 0.0 0.0 0.0 1
_Cos_42028307985750530 11 "HSC-SSP Public Data Release 4 (Wide)" 128.87772089487515 1.1969323242592267 1800.0 1 L r 42028307985750530 1895.8882 29.511694 2120.0818 53.84671 3423.9639 54.27607 3811.8784 87.97879 5100.008 162.82176 nan nan nan nan nan nan nan nan nan nan nan nan 1e-07 1e-07 0.0 0.0 0.0 0.0 1
_Cos_42028307985750675 11 "HSC-SSP Public Data Release 4 (Wide)" 128.91784334943569 1.2004303541916312 1800.0 1 L r 42028307985750675 403.46152 22.598272 579.747 46.1821 921.2607 60.04614 1289.7782 90.75738 2073.504 175.53862 nan nan nan nan nan nan nan nan nan nan nan nan 1e-07 1e-07 0.0 0.0 0.0 0.0 1
_Cos_42028307985750775 11 "HSC-SSP Public Data Release 4 (Wide)" 128.85111402878042 1.203017841393433 1800.0 1 L r 42028307985750775 1195.0656 23.536894 1800.7596 53.97093 2365.2495 49.601357 3606.8765 70.69112 4094.0095 133.6603 nan nan nan nan nan nan nan nan nan nan nan nan 1e-07 1e-07 0.0 0.0 0.0 0.0 1
_Cos_42028312280695151 11 "HSC-SSP Public Data Release 4 (Wide)" 128.85099845124037 1.2159035974741803 1800.0 1 L r 42028312280695151 875.2999 29.367218 969.3914 57.04348 2053.976 62.25567 2850.7354 83.787 2778.348 148.2669 nan nan nan nan nan nan nan nan nan nan nan nan 1e-07 1e-07 0.0 0.0 0.0 0.0 1
_Cos_42028312280695298 11 "HSC-SSP Public Data Release 4 (Wide)" 128.80691095095133 1.2192564798384244 1800.0 1 L r 42028312280695298 391.77682 27.629133 411.95084 47.393265 985.21906 59.415363 1329.7274 83.6517 1591.3248 153.31958 nan nan nan nan nan nan nan nan nan nan nan nan 1e-07 1e-07 0.0 0.0 0.0 0.0 1
_Cos_42028312280696619 11 "HSC-SSP Public Data Release 4 (Wide)" 128.8730378859737 1.2555623984344697 1800.0 1 L r 42028312280696619 1396.3888 33.50001 1678.7295 60.59767 2217.1326 70.29446 2662.055 102.42774 3362.9446 159.1521 nan nan nan nan nan nan nan nan nan nan nan nan 1e-07 1e-07 0.0 0.0 0.0 0.0 1
_Cos_42028312280697247 11 "HSC-SSP Public Data Release 4 (Wide)" 128.79890229710418 1.273201366366563 1800.0 1 L r 42028312280697247 592.6269 29.646225 537.1034 57.370277 1101.3539 65.23864 1161.4141 96.27822 1663.9141 178.78935 nan nan nan nan nan nan nan nan nan nan nan nan 1e-07 1e-07 0.0 0.0 0.0 0.0 1
_Cos_42028312280697578 11 "HSC-SSP Public Data Release 4 (Wide)" 128.97622708963996 1.2825084680062568 1800.0 1 L r 42028312280697578 865.70886 33.52001 1139.3019 52.35576 1688.2175 74.35064 1469.9873 100.68186 1996.2108 189.93266 nan nan nan nan nan nan nan nan nan nan nan nan 1e-07 1e-07 0.0 0.0 0.0 0.0 1
_Cos_42028312280697633 11 "HSC-SSP Public Data Release 4 (Wide)" 128.89766954289647 1.283640416267965 1800.0 1 L r 42028312280697633 882.3792 37.06103 722.6968 50.021652 1271.3463 68.38617 1792.1382 107.21832 2542.6304 199.07462 nan nan nan nan nan nan nan nan nan nan nan nan 1e-07 1e-07 0.0 0.0 0.0 0.0 1
_Cos_42028312280698446 11 "HSC-SSP Public Data Release 4 (Wide)" 128.89465799328752 1.3056741803315177 1800.0 1 L r 42028312280698446 454.40198 26.840559 669.5154 63.29707 931.2714 45.659332 1246.9333 78.99004 1133.3787 127.92677 nan nan nan nan nan nan nan nan nan nan nan nan 1e-07 1e-07 0.0 0.0 0.0 0.0 1
_Cos_42028312280699841 11 "HSC-SSP Public Data Release 4 (Wide)" 128.9327977305497 1.3428560085288164 1800.0 1 L r 42028312280699841 866.10046 21.444231 1149.3174 42.793884 1755.9753 61.315212 2624.22 84.93404 3251.3252 178.09886 nan nan nan nan nan nan nan nan nan nan nan nan 1e-07 1e-07 0.0 0.0 0.0 0.0 1
_Cos_42028312280700032 11 "HSC-SSP Public Data Release 4 (Wide)" 128.90116998435593 1.3475390024755984 1800.0 1 L r 42028312280700032 499.52643 17.6768 590.20337 41.38254 972.6834 44.88993 1144.7617 70.815445 1798.2386 131.49667 nan nan nan nan nan nan nan nan nan nan nan nan 1e-07 1e-07 0.0 0.0 0.0 0.0 1
_Cos_42028312280701491 11 "HSC-SSP Public Data Release 4 (Wide)" 128.82791912023555 1.3868457450412706 1800.0 1 L r 42028312280701491 655.2207 25.709095 911.0661 46.79821 1732.0837 71.50696 2422.7256 84.972404 3209.645 146.27292 nan nan nan nan nan nan nan nan nan nan nan nan 1e-07 1e-07 0.0 0.0 0.0 0.0 1
_Cos_42028312280710476 11 "HSC-SSP Public Data Release 4 (Wide)" 128.89112614358538 1.2143310160113656 1800.0 1 L r 42028312280710476 1060.7738 30.246765 1445.1157 61.638245 2579.2156 69.84538 3710.7124 103.43612 4521.2305 171.73955 nan nan nan nan nan nan nan nan nan nan nan nan 1e-07 1e-07 0.0 0.0 0.0 0.0 1
_Cos_42028312280710573 11 "HSC-SSP Public Data Release 4 (Wide)" 128.93121064462002 1.2162829508000161 1800.0 1 L r 42028312280710573 436.4349 22.379827 493.52933 46.81242 1054.5823 57.881596 1130.0566 75.683 1068.3005 138.6195 nan nan nan nan nan nan nan nan nan nan nan nan 1e-07 1e-07 0.0 0.0 0.0 0.0 1
_Cos_42028312280710915 11 "HSC-SSP Public Data Release 4 (Wide)" 128.88655467839303 1.2256683306717429 1800.0 1 L r 42028312280710915 1220.5417 25.722214 1363.6315 54.565678 1573.5139 44.88439 2189.0383 65.78445 2969.5183 133.12534 nan nan nan nan nan nan nan nan nan nan nan nan 1e-07 1e-07 0.0 0.0 0.0 0.0 1
_Cos_42028312280711486 11 "HSC-SSP Public Data Release 4 (Wide)" 128.91720994752305 1.237616604123626 1800.0 1 L r 42028312280711486 495.83627 30.702717 548.299 53.20599 913.121 60.52335 991.6722 91.584206 1057.4847 158.21452 nan nan nan nan nan nan nan nan nan nan nan nan 1e-07 1e-07 0.0 0.0 0.0 0.0 1
_Cos_42028312280711907 11 "HSC-SSP Public Data Release 4 (Wide)" 128.89518516491273 1.2465017961429 1800.0 1 L r 42028312280711907 456.37326 44.057117 603.89185 67.03001 1920.4581 67.910614 2853.1694 105.00224 3632.8843 162.67476 nan nan nan nan nan nan nan nan nan nan nan nan 1e-07 1e-07 0.0 0.0 0.0 0.0 1
_Cos_42028312280711959 11 "HSC-SSP Public Data Release 4 (Wide)" 128.9335071030649 1.2482413438554634 1800.0 1 L r 42028312280711959 1040.7799 48.066124 712.60443 55.659737 1006.68896 71.6174 1923.8287 119.782745 1314.6953 180.52669 nan nan nan nan nan nan nan nan nan nan nan nan 1e-07 1e-07 0.0 0.0 0.0 0.0 1
_Cos_42028312280712531 11 "HSC-SSP Public Data Release 4 (Wide)" 128.9530860149981 1.2587718289468617 1800.0 1 L r 42028312280712531 793.40784 42.012104 927.25616 55.40171 2180.7732 79.11511 2797.8357 121.24492 1840.146 159.0321 nan nan nan nan nan nan nan nan nan nan nan nan 1e-07 1e-07 0.0 0.0 0.0 0.0 1
_Cos_42028312280712619 11 "HSC-SSP Public Data Release 4 (Wide)" 128.8587509883016 1.2607901894712703 1800.0 1 L r 42028312280712619 764.0846 31.506804 970.3875 59.34412 1342.7358 52.794796 2225.9675 78.34073 2261.9465 131.09712 nan nan nan nan nan nan nan nan nan nan nan nan 1e-07 1e-07 0.0 0.0 0.0 0.0 1
_Cos_42028312280712652 11 "HSC-SSP Public Data Release 4 (Wide)" 128.80941255821523 1.2627326047851308 1800.0 1 L r 42028312280712652 705.916 32.398067 875.905 56.789154 1832.4572 62.033455 3331.7483 118.18385 2705.8542 159.93562 nan nan nan nan nan nan nan nan nan nan nan nan 1e-07 1e-07 0.0 0.0 0.0 0.0 1
_Cos_42028312280713092 11 "HSC-SSP Public Data Release 4 (Wide)" 128.94039115215153 1.28102563439275 1800.0 1 L r 42028312280713092 422.64722 20.16539 498.24628 43.291824 974.58484 53.73117 964.4956 62.892097 1996.1049 168.77126 nan nan nan nan nan nan nan nan nan nan nan nan 1e-07 1e-07 0.0 0.0 0.0 0.0 1
_Cos_42028312280713303 11 "HSC-SSP Public Data Release 4 (Wide)" 128.9189695132406 1.275577218497517 1800.0 1 L r 42028312280713303 816.93243 22.59763 1117.7045 47.5388 1155.6775 47.546295 1620.9143 87.17807 1641.8229 137.7685 nan nan nan nan nan nan nan nan nan nan nan nan 1e-07 1e-07 0.0 0.0 0.0 0.0 1
_Cos_42028312280714269 11 "HSC-SSP Public Data Release 4 (Wide)" 128.95992057965648 1.2967895143104404 1800.0 1 L r 42028312280714269 903.653 26.677553 1308.4296 57.422157 1707.0603 53.498535 2168.3892 85.51817 1724.9213 164.997 nan nan nan nan nan nan nan nan nan nan nan nan 1e-07 1e-07 0.0 0.0 0.0 0.0 1
_Cos_42028312280714429 11 "HSC-SSP Public Data Release 4 (Wide)" 128.81953443686825 1.299448726066959 1800.0 1 L r 42028312280714429 898.21606 43.02476 961.10974 52.15997 1196.0956 39.022144 2930.47 67.96424 10117.281 256.74194 nan nan nan nan nan nan nan nan nan nan nan nan 1e-07 1e-07 0.0 0.0 0.0 0.0 1
_Cos_42028312280714669 11 "HSC-SSP Public Data Release 4 (Wide)" 128.8395630452847 1.3052135748262623 1800.0 1 L r 42028312280714669 580.2551 29.95824 890.46954 57.9282 2656.362 84.0332 4178.762 110.92297 4976.637 180.14706 nan nan nan nan nan nan nan nan nan nan nan nan 1e-07 1e-07 0.0 0.0 0.0 0.0 1
_Cos_42028312280715186 11 "HSC-SSP Public Data Release 4 (Wide)" 128.95615237476412 1.3162397548543148 1800.0 1 L r 42028312280715186 140.89436 22.75446 233.19737 37.022064 997.0776 40.218918 1981.5844 62.905968 2971.575 120.23293 nan nan nan nan nan nan nan nan nan nan nan nan 1e-07 1e-07 0.0 0.0 0.0 0.0 1
_Cos_42028312280715311 11 "HSC-SSP Public Data Release 4 (Wide)" 128.9751215317109 1.3214544830996557 1800.0 1 L r 42028312280715311 1077.3849 23.184425 1101.5013 44.29841 1518.366 59.992123 1335.4609 80.632164 1938.5084 157.41382 nan nan nan nan nan nan nan nan nan nan nan nan 1e-07 1e-07 0.0 0.0 0.0 0.0 1
