output/Jan25/final/field_b_L3_visit2_final_targets.ecsv
# %ECSV 1.0
# ---
# datatype:
# - {name: ob_code, datatype: string}
# - {name: catId, datatype: int32}
# - {name: description, datatype: string}
# - {name: ra, datatype: float64}
# - {name: dec, datatype: float64}
# - {name: exptime, datatype: float64}
# - {name: priority, datatype: int32}
# - {name: resolution, datatype: string}
# - {name: reference_arm, datatype: string}
# - {name: obj_id, datatype: int64}
# - {name: g_hsc, datatype: float64}
# - {name: g_hsc_err, datatype: float64}
# - {name: r2_hsc, datatype: float64}
# - {name: r2_hsc_err, datatype: float64}
# - {name: i2_hsc, datatype: float64}
# - {name: i2_hsc_err, datatype: float64}
# - {name: z_hsc, datatype: float64}
# - {name: z_hsc_err, datatype: float64}
# - {name: y_hsc, datatype: float64}
# - {name: y_hsc_err, datatype: float64}
# - {name: epoch, datatype: float64}
# - {name: input_catalog_id, datatype: float64}
# - {name: psf_flux_g, datatype: float64}
# - {name: psf_flux_error_g, datatype: float64}
# - {name: psf_flux_r, datatype: float64}
# - {name: psf_flux_error_r, datatype: float64}
# - {name: psf_flux_i, datatype: float64}
# - {name: psf_flux_error_i, datatype: float64}
# - {name: psf_flux_z, datatype: float64}
# - {name: psf_flux_error_z, datatype: float64}
# - {name: psf_flux_y, datatype: float64}
# - {name: psf_flux_error_y, datatype: float64}
# - {name: parallax, datatype: float64}
# - {name: parallax_error, datatype: float64}
# - {name: pmra, datatype: float64}
# - {name: pmra_error, datatype: float64}
# - {name: pmdec, datatype: float64}
# - {name: pmdec_error, datatype: float64}
# - {name: target_type, datatype: int32}
# schema: astropy-2.0
ob_code catId description ra dec exptime priority resolution reference_arm obj_id g_hsc g_hsc_err r2_hsc r2_hsc_err i2_hsc i2_hsc_err z_hsc z_hsc_err y_hsc y_hsc_err epoch input_catalog_id psf_flux_g psf_flux_error_g psf_flux_r psf_flux_error_r psf_flux_i psf_flux_error_i psf_flux_z psf_flux_error_z psf_flux_y psf_flux_error_y parallax parallax_error pmra pmra_error pmdec pmdec_error target_type
[from data line 728]
_Cos_41760448055349246 11 "HSC-SSP Public Data Release 4 (Wide)" 37.99652642420015 1.4811736061269134 1800.0 1 L r 41760448055349246 733.4174 19.490194 812.7358 24.629288 1376.8881 29.942442 989.48486 50.985832 1395.2755 105.23491 nan nan nan nan nan nan nan nan nan nan nan nan 1e-07 1e-07 0.0 0.0 0.0 0.0 1
_Cos_41760448055364120 11 "HSC-SSP Public Data Release 4 (Wide)" 37.99017179466369 1.398653999250439 1800.0 1 L r 41760448055364120 2076.5227 23.832476 2777.1143 49.57151 3481.6333 35.98401 3842.7869 62.505787 4135.4365 149.86201 nan nan nan nan nan nan nan nan nan nan nan nan 1e-07 1e-07 0.0 0.0 0.0 0.0 1
_Cos_41760448055364166 11 "HSC-SSP Public Data Release 4 (Wide)" 37.99931550650332 1.3998281968345785 1800.0 1 L r 41760448055364166 505.91162 21.16325 918.1536 41.201893 1400.3866 28.59166 3185.6924 63.443233 3711.0408 135.06935 nan nan nan nan nan nan nan nan nan nan nan nan 1e-07 1e-07 0.0 0.0 0.0 0.0 1
_Cos_41760448055364193 11 "HSC-SSP Public Data Release 4 (Wide)" 37.955658714325956 1.4000883160459543 1800.0 1 L r 41760448055364193 567.77606 22.920546 581.54944 36.116123 1095.333 25.001354 1216.1772 45.41979 1429.3159 108.5061 nan nan nan nan nan nan nan nan nan nan nan nan 1e-07 1e-07 0.0 0.0 0.0 0.0 1
_Cos_41760448055364711 11 "HSC-SSP Public Data Release 4 (Wide)" 37.89633565753243 1.4139569838140635 1800.0 1 L r 41760448055364711 829.01 25.287384 1125.0546 29.9603 1727.7921 41.956676 2987.4597 57.018147 4075.8572 157.26917 nan nan nan nan nan nan nan nan nan nan nan nan 1e-07 1e-07 0.0 0.0 0.0 0.0 1
_Cos_41760448055365076 11 "HSC-SSP Public Data Release 4 (Wide)" 37.94186126825149 1.420357911338061 1800.0 1 L r 41760448055365076 856.1252 20.60911 1189.6005 24.65705 2406.6782 31.708815 2914.2234 50.0641 3177.2148 112.48506 nan nan nan nan nan nan nan nan nan nan nan nan 1e-07 1e-07 0.0 0.0 0.0 0.0 1
_Cos_41760448055365529 11 "HSC-SSP Public Data Release 4 (Wide)" 37.91115003963857 1.430052694396487 1800.0 1 L r 41760448055365529 855.28864 24.57829 1175.868 30.605022 2421.4402 35.688934 2953.8237 55.96535 3165.2532 135.47375 nan nan nan nan nan nan nan nan nan nan nan nan 1e-07 1e-07 0.0 0.0 0.0 0.0 1
_Cos_41760448055365740 11 "HSC-SSP Public Data Release 4 (Wide)" 38.0337019811033 1.4354870807880178 1800.0 1 L r 41760448055365740 322.94354 23.493101 440.5461 28.454662 938.38696 38.92544 1003.4065 69.682 780.0131 141.36415 nan nan nan nan nan nan nan nan nan nan nan nan 1e-07 1e-07 0.0 0.0 0.0 0.0 1
_Cos_41760448055366083 11 "HSC-SSP Public Data Release 4 (Wide)" 37.87044759734233 1.4435595839056432 1800.0 1 L r 41760448055366083 1052.1993 32.14659 1101.6033 38.59589 1988.737 58.71265 8158.5664 125.56163 2516.598 198.11519 nan nan nan nan nan nan nan nan nan nan nan nan 1e-07 1e-07 0.0 0.0 0.0 0.0 1
_Cos_41760448055366113 11 "HSC-SSP Public Data Release 4 (Wide)" 38.01149924377146 1.4440052880084093 1800.0 1 L r 41760448055366113 917.8836 27.645533 1025.4961 39.82999 1090.3914 41.955315 1708.2291 71.39006 2091.2383 188.31056 nan nan nan nan nan nan nan nan nan nan nan nan 1e-07 1e-07 0.0 0.0 0.0 0.0 1
_Cos_41760448055366224 11 "HSC-SSP Public Data Release 4 (Wide)" 37.94040934868593 1.4476950230309902 1800.0 1 L r 41760448055366224 768.95264 23.520187 899.1129 34.477734 975.4808 42.427708 1036.2142 67.64336 854.3486 148.66298 nan nan nan nan nan nan nan nan nan nan nan nan 1e-07 1e-07 0.0 0.0 0.0 0.0 1
_Cos_41760448055366590 11 "HSC-SSP Public Data Release 4 (Wide)" 37.908622518310494 1.455322062461234 1800.0 1 L r 41760448055366590 885.4645 25.668476 1192.4564 38.296078 1205.5446 35.93011 1296.705 58.959118 1948.8123 176.41313 nan nan nan nan nan nan nan nan nan nan nan nan 1e-07 1e-07 0.0 0.0 0.0 0.0 1
_Cos_41760448055367118 11 "HSC-SSP Public Data Release 4 (Wide)" 37.872589313969485 1.4657569597908384 1800.0 1 L r 41760448055367118 687.29834 22.524117 695.4865 29.893116 979.8943 48.50039 1005.9372 55.974773 1258.434 153.58847 nan nan nan nan nan nan nan nan nan nan nan nan 1e-07 1e-07 0.0 0.0 0.0 0.0 1
_Cos_41760568314432237 11 "HSC-SSP Public Data Release 4 (Wide)" 37.85884695899543 0.714504629663889 1800.0 1 L r 41760568314432237 842.0923 21.98753 1071.4686 30.03404 1302.9207 35.167885 2546.0396 63.311203 3347.262 156.75218 nan nan nan nan nan nan nan nan nan nan nan nan 1e-07 1e-07 0.0 0.0 0.0 0.0 1
_Cos_41760568314432606 11 "HSC-SSP Public Data Release 4 (Wide)" 37.84676529230898 0.7228484907385685 1800.0 1 L r 41760568314432606 713.2566 20.211908 810.26996 26.497774 952.2199 29.481762 1139.8312 51.020046 1581.648 128.72755 nan nan nan nan nan nan nan nan nan nan nan nan 1e-07 1e-07 0.0 0.0 0.0 0.0 1
_Cos_41760568314434186 11 "HSC-SSP Public Data Release 4 (Wide)" 37.80715677988638 0.7582394378787841 1800.0 1 L r 41760568314434186 753.0278 20.587698 1038.8557 22.099915 1664.2312 24.91646 2452.7173 49.714935 2180.867 111.5181 nan nan nan nan nan nan nan nan nan nan nan nan 1e-07 1e-07 0.0 0.0 0.0 0.0 1
_Cos_41760568314434522 11 "HSC-SSP Public Data Release 4 (Wide)" 37.85371110447017 0.7664705026673266 1800.0 1 L r 41760568314434522 859.114 50.665333 632.9484 31.715387 923.29065 29.049734 1214.2246 55.00758 964.6918 103.63591 nan nan nan nan nan nan nan nan nan nan nan nan 1e-07 1e-07 0.0 0.0 0.0 0.0 1
_Cos_41760568314435493 11 "HSC-SSP Public Data Release 4 (Wide)" 37.831655683354064 0.7904219448754349 1800.0 1 L r 41760568314435493 910.6385 26.059269 913.89355 32.032993 1023.75977 28.263271 921.0091 45.88677 1501.9348 144.58861 nan nan nan nan nan nan nan nan nan nan nan nan 1e-07 1e-07 0.0 0.0 0.0 0.0 1
_Cos_41760568314437139 11 "HSC-SSP Public Data Release 4 (Wide)" 37.830584301604844 0.8292487037917857 1800.0 1 L r 41760568314437139 877.02466 19.05995 864.86725 24.00491 974.32654 26.641163 1458.8629 43.737312 1268.2429 97.60853 nan nan nan nan nan nan nan nan nan nan nan nan 1e-07 1e-07 0.0 0.0 0.0 0.0 1
_Cos_41760568314449840 11 "HSC-SSP Public Data Release 4 (Wide)" 37.78781952139327 0.6924101732827046 1800.0 1 L r 41760568314449840 384.82336 18.840816 489.236 25.58111 1027.6744 39.99003 1134.8428 74.41545 1277.4829 127.48506 nan nan nan nan nan nan nan nan nan nan nan nan 1e-07 1e-07 0.0 0.0 0.0 0.0 1
_Cos_41760568314450858 11 "HSC-SSP Public Data Release 4 (Wide)" 37.81143802397821 0.7144682797753824 1800.0 1 L r 41760568314450858 512.0819 37.124985 237.6079 24.795685 1138.2064 108.72759 369.3009 66.69757 0.91346717 154.48944 nan nan nan nan nan nan nan nan nan nan nan nan 1e-07 1e-07 0.0 0.0 0.0 0.0 1
_Cos_41760568314450992 11 "HSC-SSP Public Data Release 4 (Wide)" 37.78667339303781 0.7178270640445855 1800.0 1 L r 41760568314450992 838.06433 21.658833 951.1356 23.55815 1148.5438 32.142715 1725.5505 55.813908 1512.0099 102.162575 nan nan nan nan nan nan nan nan nan nan nan nan 1e-07 1e-07 0.0 0.0 0.0 0.0 1
_Cos_41760568314451235 11 "HSC-SSP Public Data Release 4 (Wide)" 37.82773488777867 0.7236558419599501 1800.0 1 L r 41760568314451235 1445.0319 18.357195 1508.1025 21.495312 2238.036 29.322472 2581.8633 47.312572 3690.1912 147.77466 nan nan nan nan nan nan nan nan nan nan nan nan 1e-07 1e-07 0.0 0.0 0.0 0.0 1
_Cos_41760568314452036 11 "HSC-SSP Public Data Release 4 (Wide)" 37.81366629536873 0.7396459562108179 1800.0 1 L r 41760568314452036 641.80853 28.531485 565.864 23.718697 1085.5397 37.123417 967.1215 57.840023 975.01184 119.9964 nan nan nan nan nan nan nan nan nan nan nan nan 1e-07 1e-07 0.0 0.0 0.0 0.0 1
_Cos_41760568314453484 11 "HSC-SSP Public Data Release 4 (Wide)" 37.80186383727329 0.7715006757068484 1800.0 1 L r 41760568314453484 792.82806 22.33089 921.0615 23.951721 1163.7574 36.89724 1474.8738 71.0737 1088.9216 159.49765 nan nan nan nan nan nan nan nan nan nan nan nan 1e-07 1e-07 0.0 0.0 0.0 0.0 1
_Cos_41760568314454609 11 "HSC-SSP Public Data Release 4 (Wide)" 37.79720321033363 0.7988304852826613 1800.0 1 L r 41760568314454609 1081.3209 28.502846 1686.8761 33.021564 2758.244 36.82071 4334.9653 61.51684 4997.271 144.63474 nan nan nan nan nan nan nan nan nan nan nan nan 1e-07 1e-07 0.0 0.0 0.0 0.0 1
_Cos_41760568314455119 11 "HSC-SSP Public Data Release 4 (Wide)" 37.799559050725044 0.8096594697112033 1800.0 1 L r 41760568314455119 754.2228 26.155695 856.1268 24.075096 1117.0568 31.344711 1328.5398 54.87776 2150.9153 130.95598 nan nan nan nan nan nan nan nan nan nan nan nan 1e-07 1e-07 0.0 0.0 0.0 0.0 1
_Cos_41760568314456231 11 "HSC-SSP Public Data Release 4 (Wide)" 37.86261641073012 0.8358291079889067 1800.0 1 L r 41760568314456231 781.11945 29.54006 804.59717 33.45554 1010.65686 39.394566 1041.3752 67.11392 977.0992 137.23799 nan nan nan nan nan nan nan nan nan nan nan nan 1e-07 1e-07 0.0 0.0 0.0 0.0 1
_Cos_41760568314456242 11 "HSC-SSP Public Data Release 4 (Wide)" 37.810511003944924 0.8355568020692604 1800.0 1 L r 41760568314456242 662.0795 19.809143 834.14716 28.436255 1203.0477 27.159922 2203.1116 50.148342 2846.0974 129.27626 nan nan nan nan nan nan nan nan nan nan nan nan 1e-07 1e-07 0.0 0.0 0.0 0.0 1
_Cos_41760572609397821 11 "HSC-SSP Public Data Release 4 (Wide)" 37.861575839431055 0.8566046350655754 1800.0 1 L r 41760572609397821 829.9354 31.64693 931.08466 27.325678 1080.7628 37.4438 1151.3082 60.638054 906.9782 131.56392 nan nan nan nan nan nan nan nan nan nan nan nan 1e-07 1e-07 0.0 0.0 0.0 0.0 1
_Cos_41760572609399614 11 "HSC-SSP Public Data Release 4 (Wide)" 37.783583093217125 0.895021638642936 1800.0 1 L r 41760572609399614 512.902 25.731659 721.8822 38.436977 1042.9934 37.16917 1984.8301 70.13524 2765.555 163.2092 nan nan nan nan nan nan nan nan nan nan nan nan 1e-07 1e-07 0.0 0.0 0.0 0.0 1
_Cos_41760572609401245 11 "HSC-SSP Public Data Release 4 (Wide)" 37.79329915427557 0.9288482677072565 1800.0 1 L r 41760572609401245 653.03015 25.891283 791.6012 34.148907 1012.19196 42.024113 767.79926 73.19747 955.0872 133.47472 nan nan nan nan nan nan nan nan nan nan nan nan 1e-07 1e-07 0.0 0.0 0.0 0.0 1
_Cos_41760572609403042 11 "HSC-SSP Public Data Release 4 (Wide)" 37.77908173292214 0.9702234496109962 1800.0 1 L r 41760572609403042 424.22156 22.95307 598.78864 33.1758 1009.1706 34.920013 1244.8475 65.62222 831.104 152.02753 nan nan nan nan nan nan nan nan nan nan nan nan 1e-07 1e-07 0.0 0.0 0.0 0.0 1
_Cos_41760572609405056 11 "HSC-SSP Public Data Release 4 (Wide)" 37.82115520710604 1.016071919027476 1800.0 1 L r 41760572609405056 462.57504 31.32952 739.6415 34.61922 1278.4669 39.010796 2155.77 70.39934 3046.8032 185.34525 nan nan nan nan nan nan nan nan nan nan nan nan 1e-07 1e-07 0.0 0.0 0.0 0.0 1
_Cos_41760572609416468 11 "HSC-SSP Public Data Release 4 (Wide)" 37.78747617221913 0.8443290342578413 1800.0 1 L r 41760572609416468 710.81085 23.745407 1138.5839 35.596718 1779.1144 40.248913 3149.961 63.22334 4634.139 162.49112 nan nan nan nan nan nan nan nan nan nan nan nan 1e-07 1e-07 0.0 0.0 0.0 0.0 1
_Cos_41760572609416799 11 "HSC-SSP Public Data Release 4 (Wide)" 37.85214866956408 0.8515515996850314 1800.0 1 L r 41760572609416799 638.87384 44.404152 630.31287 35.784683 1274.1246 58.584354 1535.4586 66.30802 2375.5784 195.4675 nan nan nan nan nan nan nan nan nan nan nan nan 1e-07 1e-07 0.0 0.0 0.0 0.0 1
_Cos_41760572609417589 11 "HSC-SSP Public Data Release 4 (Wide)" 37.84161004789146 0.8721444505965783 1800.0 1 L r 41760572609417589 1080.4315 29.975536 1367.1777 51.602985 1469.258 55.068054 1275.6726 99.438644 1301.6344 217.65115 nan nan nan nan nan nan nan nan nan nan nan nan 1e-07 1e-07 0.0 0.0 0.0 0.0 1
_Cos_41760572609417873 11 "HSC-SSP Public Data Release 4 (Wide)" 37.821182831087235 0.8770722458732846 1800.0 1 L r 41760572609417873 792.01526 21.764435 1040.7384 29.946367 1695.7029 35.261265 2060.993 60.46332 3276.4236 165.33212 nan nan nan nan nan nan nan nan nan nan nan nan 1e-07 1e-07 0.0 0.0 0.0 0.0 1
_Cos_41760572609418468 11 "HSC-SSP Public Data Release 4 (Wide)" 37.813785325059094 0.891162560527925 1800.0 1 L r 41760572609418468 933.92596 25.271408 980.3033 34.62459 1189.2374 39.278816 1672.1096 76.093216 2190.34 154.72 nan nan nan nan nan nan nan nan nan nan nan nan 1e-07 1e-07 0.0 0.0 0.0 0.0 1
_Cos_41760572609418659 11 "HSC-SSP Public Data Release 4 (Wide)" 37.84953597439109 0.8963285701662281 1800.0 1 L r 41760572609418659 1116.3497 22.737602 1293.2993 27.019085 1718.9059 32.50288 1879.6842 53.76236 2662.6897 136.16595 nan nan nan nan nan nan nan nan nan nan nan nan 1e-07 1e-07 0.0 0.0 0.0 0.0 1
_Cos_41760572609420057 11 "HSC-SSP Public Data Release 4 (Wide)" 37.825278519184856 0.926892217853763 1800.0 1 L r 41760572609420057 870.7244 22.90242 1186.2692 37.925034 1809.1603 51.286545 961.0215 48.325165 1815.1212 156.9817 nan nan nan nan nan nan nan nan nan nan nan nan 1e-07 1e-07 0.0 0.0 0.0 0.0 1
_Cos_41760572609420893 11 "HSC-SSP Public Data Release 4 (Wide)" 37.864533753055916 0.9457456641330321 1800.0 1 L r 41760572609420893 1640.7349 32.22196 1905.8495 37.938343 2515.1355 60.097218 3980.7905 96.72171 5583.09 290.6018 nan nan nan nan nan nan nan nan nan nan nan nan 1e-07 1e-07 0.0 0.0 0.0 0.0 1
_Cos_41760572609421311 11 "HSC-SSP Public Data Release 4 (Wide)" 37.83650086729709 0.9556487225877489 1800.0 1 L r 41760572609421311 612.89026 26.462584 678.89056 25.036123 1034.4989 27.074314 1194.6256 61.12532 865.4496 99.01391 nan nan nan nan nan nan nan nan nan nan nan nan 1e-07 1e-07 0.0 0.0 0.0 0.0 1
_Cos_41760572609421484 11 "HSC-SSP Public Data Release 4 (Wide)" 37.795380938176464 0.9584739632561785 1800.0 1 L r 41760572609421484 694.07874 21.783667 749.42883 27.485569 986.88715 30.085377 1270.9454 50.52439 1392.2958 134.68996 nan nan nan nan nan nan nan nan nan nan nan nan 1e-07 1e-07 0.0 0.0 0.0 0.0 1
_Cos_41760572609421643 11 "HSC-SSP Public Data Release 4 (Wide)" 37.78204941828704 0.9636597267001704 1800.0 1 L r 41760572609421643 973.6168 21.825794 973.72284 28.231295 977.44525 28.945923 902.26904 52.373516 1238.1185 119.141815 nan nan nan nan nan nan nan nan nan nan nan nan 1e-07 1e-07 0.0 0.0 0.0 0.0 1
_Cos_41760572609422045 11 "HSC-SSP Public Data Release 4 (Wide)" 37.82023120730396 0.9753303015025134 1800.0 1 L r 41760572609422045 775.6287 40.56143 787.35675 62.234222 989.51263 43.011387 1163.6814 73.92481 1655.6492 151.60318 nan nan nan nan nan nan nan nan nan nan nan nan 1e-07 1e-07 0.0 0.0 0.0 0.0 1
_Cos_41760572609422425 11 "HSC-SSP Public Data Release 4 (Wide)" 37.847246235838576 0.984170507872765 1800.0 1 L r 41760572609422425 1155.1058 31.701105 1506.8694 33.87224 1423.8036 32.627544 2058.5833 71.27022 1843.0856 129.00955 nan nan nan nan nan nan nan nan nan nan nan nan 1e-07 1e-07 0.0 0.0 0.0 0.0 1
_Cos_41760572609423201 11 "HSC-SSP Public Data Release 4 (Wide)" 37.8082959589721 1.0047291219328898 1800.0 1 L r 41760572609423201 943.1591 21.820093 980.8057 26.952774 1268.9734 25.217548 1611.983 46.855965 1724.6399 100.98049 nan nan nan nan nan nan nan nan nan nan nan nan 1e-07 1e-07 0.0 0.0 0.0 0.0 1
_Cos_41760572609423336 11 "HSC-SSP Public Data Release 4 (Wide)" 37.83092264418486 1.0066688994235045 1800.0 1 L r 41760572609423336 925.5949 27.770271 1002.06433 31.171082 1294.7699 36.19941 2295.0237 65.87419 1731.0856 128.95262 nan nan nan nan nan nan nan nan nan nan nan nan 1e-07 1e-07 0.0 0.0 0.0 0.0 1
_Cos_41760572609423603 11 "HSC-SSP Public Data Release 4 (Wide)" 37.83021272296946 1.013837517959444 1800.0 1 L r 41760572609423603 626.34894 25.529852 709.83435 25.147423 1161.7075 28.177677 1592.8267 55.437973 1603.9625 126.90357 nan nan nan nan nan nan nan nan nan nan nan nan 1e-07 1e-07 0.0 0.0 0.0 0.0 1
_Cos_41760576904364497 11 "HSC-SSP Public Data Release 4 (Wide)" 37.79585441046681 1.0282946268645778 1800.0 1 L r 41760576904364497 597.94037 33.8896 795.16376 48.128227 1128.9728 39.65529 1901.2782 91.41636 1893.7748 158.93172 nan nan nan nan nan nan nan nan nan nan nan nan 1e-07 1e-07 0.0 0.0 0.0 0.0 1
