output/Jan25/final/field_a_L4_visit1_final_targets.ecsv
# %ECSV 1.0
# ---
# datatype:
# - {name: ob_code, datatype: string}
# - {name: catId, datatype: int32}
# - {name: description, datatype: string}
# - {name: ra, datatype: float64}
# - {name: dec, datatype: float64}
# - {name: exptime, datatype: float64}
# - {name: priority, datatype: int32}
# - {name: resolution, datatype: string}
# - {name: reference_arm, datatype: string}
# - {name: obj_id, datatype: int64}
# - {name: g_hsc, datatype: float64}
# - {name: g_hsc_err, datatype: float64}
# - {name: r2_hsc, datatype: float64}
# - {name: r2_hsc_err, datatype: float64}
# - {name: i2_hsc, datatype: float64}
# - {name: i2_hsc_err, datatype: float64}
# - {name: z_hsc, datatype: float64}
# - {name: z_hsc_err, datatype: float64}
# - {name: y_hsc, datatype: float64}
# - {name: y_hsc_err, datatype: float64}
# - {name: epoch, datatype: float64}
# - {name: input_catalog_id, datatype: float64}
# - {name: psf_flux_g, datatype: float64}
# - {name: psf_flux_error_g, datatype: float64}
# - {name: psf_flux_r, datatype: float64}
# - {name: psf_flux_error_r, datatype: float64}
# - {name: psf_flux_i, datatype: float64}
# - {name: psf_flux_error_i, datatype: float64}
# - {name: psf_flux_z, datatype: float64}
# - {name: psf_flux_error_z, datatype: float64}
# - {name: psf_flux_y, datatype: float64}
# - {name: psf_flux_error_y, datatype: float64}
# - {name: parallax, datatype: float64}
# - {name: parallax_error, datatype: float64}
# - {name: pmra, datatype: float64}
# - {name: pmra_error, datatype: float64}
# - {name: pmdec, datatype: float64}
# - {name: pmdec_error, datatype: float64}
# - {name: target_type, datatype: int32}
# schema: astropy-2.0
ob_code catId description ra dec exptime priority resolution reference_arm obj_id g_hsc g_hsc_err r2_hsc r2_hsc_err i2_hsc i2_hsc_err z_hsc z_hsc_err y_hsc y_hsc_err epoch input_catalog_id psf_flux_g psf_flux_error_g psf_flux_r psf_flux_error_r psf_flux_i psf_flux_error_i psf_flux_z psf_flux_error_z psf_flux_y psf_flux_error_y parallax parallax_error pmra pmra_error pmdec pmdec_error target_type
[from data line 1038]
_Cos_38553962911136150 11 "HSC-SSP Public Data Release 4 (Wide)" 35.55094514807005 -4.396353418377928 1800.0 1 L r 38553962911136150 1226.799 16.023079 1281.624 35.61908 1783.6577 26.732605 2003.5743 70.727066 3217.7183 155.14647 nan nan nan nan nan nan nan nan nan nan nan nan 1e-07 1e-07 0.0 0.0 0.0 0.0 1
_Cos_38553962911136312 11 "HSC-SSP Public Data Release 4 (Wide)" 35.48454095191971 -4.396282859030383 1800.0 1 L r 38553962911136312 979.1686 18.606508 1155.1212 41.526276 1920.808 27.83791 2354.7483 79.18128 1737.4928 149.639 nan nan nan nan nan nan nan nan nan nan nan nan 1e-07 1e-07 0.0 0.0 0.0 0.0 1
_Cos_38553962911137721 11 "HSC-SSP Public Data Release 4 (Wide)" 35.57349991556804 -4.376116436448358 1800.0 1 L r 38553962911137721 1237.2759 25.189785 1364.4293 37.89977 2777.944 36.770466 3523.6255 99.05604 3783.0583 179.69965 nan nan nan nan nan nan nan nan nan nan nan nan 1e-07 1e-07 0.0 0.0 0.0 0.0 1
_Cos_38553962911137801 11 "HSC-SSP Public Data Release 4 (Wide)" 35.542081484993794 -4.373613112732756 1800.0 1 L r 38553962911137801 1193.7722 16.458216 1700.0333 34.243416 1808.8129 28.03966 2214.2622 76.119865 2126.8215 180.4052 nan nan nan nan nan nan nan nan nan nan nan nan 1e-07 1e-07 0.0 0.0 0.0 0.0 1
_Cos_38553967206075366 11 "HSC-SSP Public Data Release 4 (Wide)" 35.55188327261918 -4.311751024010118 1800.0 1 L r 38553967206075366 944.5875 22.453499 1120.3007 44.29944 1389.9834 40.477364 1621.0358 116.617714 1359.0233 154.79504 nan nan nan nan nan nan nan nan nan nan nan nan 1e-07 1e-07 0.0 0.0 0.0 0.0 1
_Cos_38553967206077774 11 "HSC-SSP Public Data Release 4 (Wide)" 35.5446044375213 -4.25658482634141 1800.0 1 L r 38553967206077774 1621.1921 20.310677 1770.7626 42.71049 2602.2314 45.178894 2653.568 101.65472 4550.332 225.23402 nan nan nan nan nan nan nan nan nan nan nan nan 1e-07 1e-07 0.0 0.0 0.0 0.0 1
_Cos_38553967206078263 11 "HSC-SSP Public Data Release 4 (Wide)" 35.51612050028782 -4.24528883840111 1800.0 1 L r 38553967206078263 514.64484 14.51551 720.02734 32.54386 1364.0709 32.53226 1620.166 85.9212 1728.2762 176.4645 nan nan nan nan nan nan nan nan nan nan nan nan 1e-07 1e-07 0.0 0.0 0.0 0.0 1
_Cos_38553967206078976 11 "HSC-SSP Public Data Release 4 (Wide)" 35.45678313060982 -4.228803209077104 1800.0 1 L r 38553967206078976 764.5485 20.330132 861.0328 46.703766 1158.562 31.871141 1267.5223 84.84252 1835.2688 193.96112 nan nan nan nan nan nan nan nan nan nan nan nan 1e-07 1e-07 0.0 0.0 0.0 0.0 1
_Cos_38553967206079911 11 "HSC-SSP Public Data Release 4 (Wide)" 35.50002835628584 -4.209762404574406 1800.0 1 L r 38553967206079911 422.08545 22.005682 697.8723 49.464714 1417.61 39.252396 3072.4038 124.49695 3573.7666 195.20291 nan nan nan nan nan nan nan nan nan nan nan nan 1e-07 1e-07 0.0 0.0 0.0 0.0 1
_Cos_38553967206080161 11 "HSC-SSP Public Data Release 4 (Wide)" 35.540159800933 -4.204694461954672 1800.0 1 L r 38553967206080161 665.8759 14.08406 892.71094 30.64886 1316.5443 22.273142 2117.9595 61.934906 2499.975 115.71067 nan nan nan nan nan nan nan nan nan nan nan nan 1e-07 1e-07 0.0 0.0 0.0 0.0 1
_Cos_38553967206091162 11 "HSC-SSP Public Data Release 4 (Wide)" 35.5231494564957 -4.36645404701998 1800.0 1 L r 38553967206091162 1688.1471 19.746408 1566.606 34.717827 1500.9249 30.251839 1440.2279 86.72085 1338.139 200.72177 nan nan nan nan nan nan nan nan nan nan nan nan 1e-07 1e-07 0.0 0.0 0.0 0.0 1
_Cos_38553967206091177 11 "HSC-SSP Public Data Release 4 (Wide)" 35.43851021472707 -4.365816824996747 1800.0 1 L r 38553967206091177 631.09875 24.339657 921.21954 37.015835 1815.7153 25.3362 3134.5442 77.73001 3043.4238 161.20009 nan nan nan nan nan nan nan nan nan nan nan nan 1e-07 1e-07 0.0 0.0 0.0 0.0 1
_Cos_38553967206091621 11 "HSC-SSP Public Data Release 4 (Wide)" 35.57838978547875 -4.358782099537635 1800.0 1 L r 38553967206091621 612.50964 24.363688 670.2592 44.699978 1521.7275 61.229755 1218.4724 125.8436 1012.73816 180.80493 nan nan nan nan nan nan nan nan nan nan nan nan 1e-07 1e-07 0.0 0.0 0.0 0.0 1
_Cos_38553967206091670 11 "HSC-SSP Public Data Release 4 (Wide)" 35.52954975809859 -4.356670630329774 1800.0 1 L r 38553967206091670 1265.0535 20.807163 1790.7528 42.433064 2504.1113 38.80686 3191.115 118.80124 2834.383 205.4765 nan nan nan nan nan nan nan nan nan nan nan nan 1e-07 1e-07 0.0 0.0 0.0 0.0 1
_Cos_38553967206092265 11 "HSC-SSP Public Data Release 4 (Wide)" 35.60509426813223 -4.347687393869892 1800.0 1 L r 38553967206092265 687.96436 14.752639 944.82245 34.85186 1712.7963 31.376245 2191.7478 77.247734 2177.4504 138.03966 nan nan nan nan nan nan nan nan nan nan nan nan 1e-07 1e-07 0.0 0.0 0.0 0.0 1
_Cos_38553967206092435 11 "HSC-SSP Public Data Release 4 (Wide)" 35.43454598845668 -4.345350057938247 1800.0 1 L r 38553967206092435 823.5804 15.16955 943.8973 189.71785 1026.7068 19.157679 1523.8218 71.948326 2139.1648 115.82428 nan nan nan nan nan nan nan nan nan nan nan nan 1e-07 1e-07 0.0 0.0 0.0 0.0 1
_Cos_38553967206092814 11 "HSC-SSP Public Data Release 4 (Wide)" 35.486022101915 -4.338090265751378 1800.0 1 L r 38553967206092814 1250.1683 17.622246 1611.6688 41.685215 1695.4786 29.304186 2726.565 80.59147 3163.555 156.66095 nan nan nan nan nan nan nan nan nan nan nan nan 1e-07 1e-07 0.0 0.0 0.0 0.0 1
_Cos_38553967206092948 11 "HSC-SSP Public Data Release 4 (Wide)" 35.543675614922535 -4.336289825519691 1800.0 1 L r 38553967206092948 694.24866 23.444437 989.382 50.158203 1400.1211 41.073505 2617.7805 132.2724 2825.861 183.15915 nan nan nan nan nan nan nan nan nan nan nan nan 1e-07 1e-07 0.0 0.0 0.0 0.0 1
_Cos_38553967206093214 11 "HSC-SSP Public Data Release 4 (Wide)" 35.46833560946577 -4.33032290062967 1800.0 1 L r 38553967206093214 1478.0635 22.49407 2035.6182 55.06869 2576.52 35.05572 3215.1824 107.26759 3827.5994 200.85086 nan nan nan nan nan nan nan nan nan nan nan nan 1e-07 1e-07 0.0 0.0 0.0 0.0 1
_Cos_38553967206093840 11 "HSC-SSP Public Data Release 4 (Wide)" 35.60860596836034 -4.317606735321076 1800.0 1 L r 38553967206093840 771.77637 19.041178 1095.6244 39.023357 1518.9429 28.385742 2718.69 79.933136 1764.7491 159.88745 nan nan nan nan nan nan nan nan nan nan nan nan 1e-07 1e-07 0.0 0.0 0.0 0.0 1
_Cos_38553967206093946 11 "HSC-SSP Public Data Release 4 (Wide)" 35.57760796083223 -4.315366843124331 1800.0 1 L r 38553967206093946 1166.2367 26.855818 1557.4846 46.96212 2896.984 38.363396 3357.6177 88.92022 4260.813 179.1035 nan nan nan nan nan nan nan nan nan nan nan nan 1e-07 1e-07 0.0 0.0 0.0 0.0 1
_Cos_38553967206093984 11 "HSC-SSP Public Data Release 4 (Wide)" 35.52583631847245 -4.3155327375463735 1800.0 1 L r 38553967206093984 1159.2014 18.40581 1387.4186 35.207386 1479.6653 26.45531 1644.4875 75.795815 2043.4781 152.00912 nan nan nan nan nan nan nan nan nan nan nan nan 1e-07 1e-07 0.0 0.0 0.0 0.0 1
_Cos_38553967206094026 11 "HSC-SSP Public Data Release 4 (Wide)" 35.45753490479656 -4.313588076060093 1800.0 1 L r 38553967206094026 1495.9343 21.766539 1608.0824 39.80933 1428.7927 26.956682 1922.2146 76.68767 2309.549 133.55577 nan nan nan nan nan nan nan nan nan nan nan nan 1e-07 1e-07 0.0 0.0 0.0 0.0 1
_Cos_38553967206094211 11 "HSC-SSP Public Data Release 4 (Wide)" 35.43417379202072 -4.31027803577134 1800.0 1 L r 38553967206094211 786.9948 18.165413 893.80365 35.761127 933.97046 26.146366 1022.3582 72.523476 711.3349 129.2132 nan nan nan nan nan nan nan nan nan nan nan nan 1e-07 1e-07 0.0 0.0 0.0 0.0 1
_Cos_38553967206095260 11 "HSC-SSP Public Data Release 4 (Wide)" 35.436262184817764 -4.286687957832908 1800.0 1 L r 38553967206095260 764.6909 15.7070265 1008.75336 31.13884 1488.9768 29.675236 3785.3828 72.776535 1799.21 142.75337 nan nan nan nan nan nan nan nan nan nan nan nan 1e-07 1e-07 0.0 0.0 0.0 0.0 1
_Cos_38553967206095457 11 "HSC-SSP Public Data Release 4 (Wide)" 35.56697634659291 -4.2848116174430535 1800.0 1 L r 38553967206095457 849.03564 18.617939 934.42426 36.55741 1544.1371 33.650467 2037.8616 88.490776 2330.7217 179.69751 nan nan nan nan nan nan nan nan nan nan nan nan 1e-07 1e-07 0.0 0.0 0.0 0.0 1
_Cos_38553967206095860 11 "HSC-SSP Public Data Release 4 (Wide)" 35.435551632964945 -4.274531045393123 1800.0 1 L r 38553967206095860 1554.5912 18.654556 1780.3387 39.756897 1958.5806 33.162865 2176.719 88.72396 3261.1675 214.63855 nan nan nan nan nan nan nan nan nan nan nan nan 1e-07 1e-07 0.0 0.0 0.0 0.0 1
_Cos_38553967206096349 11 "HSC-SSP Public Data Release 4 (Wide)" 35.50474311394803 -4.268378379091107 1800.0 1 L r 38553967206096349 841.8044 17.144514 1087.8647 40.106586 1012.69257 35.675602 1618.7041 120.10725 1066.1864 175.08786 nan nan nan nan nan nan nan nan nan nan nan nan 1e-07 1e-07 0.0 0.0 0.0 0.0 1
_Cos_38553967206096517 11 "HSC-SSP Public Data Release 4 (Wide)" 35.60878965715267 -4.266684341554136 1800.0 1 L r 38553967206096517 503.10565 18.32867 716.9933 42.353397 1002.9593 32.87075 1925.3308 84.56374 2626.3765 206.64592 nan nan nan nan nan nan nan nan nan nan nan nan 1e-07 1e-07 0.0 0.0 0.0 0.0 1
_Cos_38553967206096554 11 "HSC-SSP Public Data Release 4 (Wide)" 35.560583776297314 -4.266506749212865 1800.0 1 L r 38553967206096554 628.1308 16.434202 792.92505 34.559032 986.41284 32.009922 1061.3655 78.19845 1635.8843 204.34708 nan nan nan nan nan nan nan nan nan nan nan nan 1e-07 1e-07 0.0 0.0 0.0 0.0 1
_Cos_38553967206096779 11 "HSC-SSP Public Data Release 4 (Wide)" 35.5699875709704 -4.261103898878219 1800.0 1 L r 38553967206096779 875.965 16.19053 1364.2754 37.448563 3061.8625 46.4394 5058.5786 103.54453 5940.947 246.81134 nan nan nan nan nan nan nan nan nan nan nan nan 1e-07 1e-07 0.0 0.0 0.0 0.0 1
_Cos_38553967206096815 11 "HSC-SSP Public Data Release 4 (Wide)" 35.589865533852134 -4.256955645976803 1800.0 1 L r 38553967206096815 753.4696 15.291429 923.7941 32.680237 1218.3009 30.108988 1655.5363 71.430084 2165.5488 156.98314 nan nan nan nan nan nan nan nan nan nan nan nan 1e-07 1e-07 0.0 0.0 0.0 0.0 1
_Cos_38553967206097251 11 "HSC-SSP Public Data Release 4 (Wide)" 35.495089106669916 -4.251737556699545 1800.0 1 L r 38553967206097251 1111.8834 16.024414 1336.9359 36.335854 2244.993 29.157242 2985.3892 73.971725 4082.1174 139.8152 nan nan nan nan nan nan nan nan nan nan nan nan 1e-07 1e-07 0.0 0.0 0.0 0.0 1
_Cos_38553967206097351 11 "HSC-SSP Public Data Release 4 (Wide)" 35.57714862433611 -4.248648451825675 1800.0 1 L r 38553967206097351 947.2363 17.194777 1265.9292 41.028774 1786.773 47.48039 2448.1958 95.7612 2438.0293 174.51166 nan nan nan nan nan nan nan nan nan nan nan nan 1e-07 1e-07 0.0 0.0 0.0 0.0 1
_Cos_38553967206097379 11 "HSC-SSP Public Data Release 4 (Wide)" 35.42470568501114 -4.251021350463585 1800.0 1 L r 38553967206097379 670.32324 23.338856 1026.9672 47.283524 1637.2314 49.182304 2423.489 129.64914 2286.9624 237.45813 nan nan nan nan nan nan nan nan nan nan nan nan 1e-07 1e-07 0.0 0.0 0.0 0.0 1
_Cos_38553967206097768 11 "HSC-SSP Public Data Release 4 (Wide)" 35.44305041120839 -4.2437661746208075 1800.0 1 L r 38553967206097768 778.08105 16.421003 1136.853 36.917442 1651.7888 30.083015 2368.526 85.078316 2256.8274 161.52551 nan nan nan nan nan nan nan nan nan nan nan nan 1e-07 1e-07 0.0 0.0 0.0 0.0 1
_Cos_38553967206097944 11 "HSC-SSP Public Data Release 4 (Wide)" 35.53371888581899 -4.236552824266817 1800.0 1 L r 38553967206097944 849.03253 12.338221 976.6588 29.607439 1358.4675 23.942993 1393.7632 61.217255 3383.0654 122.34476 nan nan nan nan nan nan nan nan nan nan nan nan 1e-07 1e-07 0.0 0.0 0.0 0.0 1
_Cos_38553967206098710 11 "HSC-SSP Public Data Release 4 (Wide)" 35.481365842836986 -4.227172713521751 1800.0 1 L r 38553967206098710 1391.8501 20.55167 1684.205 40.923313 1982.0509 32.0239 2581.624 79.89724 3331.3704 175.74901 nan nan nan nan nan nan nan nan nan nan nan nan 1e-07 1e-07 0.0 0.0 0.0 0.0 1
_Cos_38553967206098976 11 "HSC-SSP Public Data Release 4 (Wide)" 35.603931225832184 -4.219863621972342 1800.0 1 L r 38553967206098976 863.2698 26.314877 1070.428 51.9542 2232.0837 54.259663 3244.524 105.57588 3425.0217 218.8115 nan nan nan nan nan nan nan nan nan nan nan nan 1e-07 1e-07 0.0 0.0 0.0 0.0 1
_Cos_38553967206099703 11 "HSC-SSP Public Data Release 4 (Wide)" 35.45306404060157 -4.207930633952235 1800.0 1 L r 38553967206099703 481.28406 21.014492 597.36017 42.300316 1048.8134 28.157589 1495.2096 75.77773 1166.3859 132.54225 nan nan nan nan nan nan nan nan nan nan nan nan 1e-07 1e-07 0.0 0.0 0.0 0.0 1
_Cos_38553967206099779 11 "HSC-SSP Public Data Release 4 (Wide)" 35.56463759471922 -4.207958426296399 1800.0 1 L r 38553967206099779 641.30664 14.600062 803.2529 34.284874 995.05176 25.017004 1076.0367 61.84861 1762.2866 126.045334 nan nan nan nan nan nan nan nan nan nan nan nan 1e-07 1e-07 0.0 0.0 0.0 0.0 1
_Cos_38553967206100500 11 "HSC-SSP Public Data Release 4 (Wide)" 35.504885821060356 -4.194756367195446 1800.0 1 L r 38553967206100500 717.592 20.13403 815.67944 45.518578 1015.99854 35.408848 1209.2155 94.1845 2313.097 204.67914 nan nan nan nan nan nan nan nan nan nan nan nan 1e-07 1e-07 0.0 0.0 0.0 0.0 1
_Cos_38553971501040779 11 "HSC-SSP Public Data Release 4 (Wide)" 35.423549371695785 -4.165550371578283 1800.0 1 L r 38553971501040779 859.09406 14.559415 1294.6117 30.75456 2416.9243 21.089691 3508.1455 59.433186 4379.105 117.631035 nan nan nan nan nan nan nan nan nan nan nan nan 1e-07 1e-07 0.0 0.0 0.0 0.0 1
_Cos_38553971501042917 11 "HSC-SSP Public Data Release 4 (Wide)" 35.524405711925525 -4.120332551166919 1800.0 1 L r 38553971501042917 1277.6455 28.202608 2308.6982 80.8641 2425.3787 39.67868 5501.787 143.56544 6025.001 275.91696 nan nan nan nan nan nan nan nan nan nan nan nan 1e-07 1e-07 0.0 0.0 0.0 0.0 1
_Cos_38553971501045020 11 "HSC-SSP Public Data Release 4 (Wide)" 35.487306924236826 -4.075917324797501 1800.0 1 L r 38553971501045020 1628.9745 26.272938 2250.028 59.875298 3618.5994 39.28873 5198.5063 111.58497 5859.7456 185.64523 nan nan nan nan nan nan nan nan nan nan nan nan 1e-07 1e-07 0.0 0.0 0.0 0.0 1
_Cos_38553971501045785 11 "HSC-SSP Public Data Release 4 (Wide)" 35.55524066440724 -4.059142633625532 1800.0 1 L r 38553971501045785 488.61795 15.793868 532.8364 37.086964 984.9022 29.11602 1417.1123 83.21342 1748.2546 188.78093 nan nan nan nan nan nan nan nan nan nan nan nan 1e-07 1e-07 0.0 0.0 0.0 0.0 1
_Cos_38553971501046818 11 "HSC-SSP Public Data Release 4 (Wide)" 35.52288517206643 -4.037855808336986 1800.0 1 L r 38553971501046818 1196.8348 21.58879 1610.363 54.731255 2446.3972 35.820763 4029.0107 98.20078 5219.9155 194.8281 nan nan nan nan nan nan nan nan nan nan nan nan 1e-07 1e-07 0.0 0.0 0.0 0.0 1
_Cos_38553971501047084 11 "HSC-SSP Public Data Release 4 (Wide)" 35.46907934820612 -4.0329366618438955 1800.0 1 L r 38553971501047084 494.4756 18.096346 708.6492 55.246468 1390.858 28.39577 1942.5322 74.65046 2142.1208 138.51898 nan nan nan nan nan nan nan nan nan nan nan nan 1e-07 1e-07 0.0 0.0 0.0 0.0 1
_Cos_38553971501047375 11 "HSC-SSP Public Data Release 4 (Wide)" 35.554534635528476 -4.027022484073502 1800.0 1 L r 38553971501047375 920.8552 16.652185 922.2194 46.489307 1061.7916 21.960714 1147.1959 65.92822 1225.341 130.0878 nan nan nan nan nan nan nan nan nan nan nan nan 1e-07 1e-07 0.0 0.0 0.0 0.0 1
_Cos_38553971501047845 11 "HSC-SSP Public Data Release 4 (Wide)" 35.44829933721272 -4.017567624654365 1800.0 1 L r 38553971501047845 722.1112 18.647894 951.02454 51.711056 914.4763 27.997269 1940.2738 92.020744 2408.0833 200.06084 nan nan nan nan nan nan nan nan nan nan nan nan 1e-07 1e-07 0.0 0.0 0.0 0.0 1
_Cos_38553971501058925 11 "HSC-SSP Public Data Release 4 (Wide)" 35.52506886881575 -4.179402065791134 1800.0 1 L r 38553971501058925 308.7984 31.905016 553.5566 54.2012 959.9592 38.06415 2194.8542 98.88417 2773.2795 189.60765 nan nan nan nan nan nan nan nan nan nan nan nan 1e-07 1e-07 0.0 0.0 0.0 0.0 1
