output/Jan25/final/field_a_L3_visit2_final_targets.ecsv
# %ECSV 1.0
# ---
# datatype:
# - {name: ob_code, datatype: string}
# - {name: catId, datatype: int32}
# - {name: description, datatype: string}
# - {name: ra, datatype: float64}
# - {name: dec, datatype: float64}
# - {name: exptime, datatype: float64}
# - {name: priority, datatype: int32}
# - {name: resolution, datatype: string}
# - {name: reference_arm, datatype: string}
# - {name: obj_id, datatype: int64}
# - {name: g_hsc, datatype: float64}
# - {name: g_hsc_err, datatype: float64}
# - {name: r2_hsc, datatype: float64}
# - {name: r2_hsc_err, datatype: float64}
# - {name: i2_hsc, datatype: float64}
# - {name: i2_hsc_err, datatype: float64}
# - {name: z_hsc, datatype: float64}
# - {name: z_hsc_err, datatype: float64}
# - {name: y_hsc, datatype: float64}
# - {name: y_hsc_err, datatype: float64}
# - {name: epoch, datatype: float64}
# - {name: input_catalog_id, datatype: float64}
# - {name: psf_flux_g, datatype: float64}
# - {name: psf_flux_error_g, datatype: float64}
# - {name: psf_flux_r, datatype: float64}
# - {name: psf_flux_error_r, datatype: float64}
# - {name: psf_flux_i, datatype: float64}
# - {name: psf_flux_error_i, datatype: float64}
# - {name: psf_flux_z, datatype: float64}
# - {name: psf_flux_error_z, datatype: float64}
# - {name: psf_flux_y, datatype: float64}
# - {name: psf_flux_error_y, datatype: float64}
# - {name: parallax, datatype: float64}
# - {name: parallax_error, datatype: float64}
# - {name: pmra, datatype: float64}
# - {name: pmra_error, datatype: float64}
# - {name: pmdec, datatype: float64}
# - {name: pmdec_error, datatype: float64}
# - {name: target_type, datatype: int32}
# schema: astropy-2.0
ob_code catId description ra dec exptime priority resolution reference_arm obj_id g_hsc g_hsc_err r2_hsc r2_hsc_err i2_hsc i2_hsc_err z_hsc z_hsc_err y_hsc y_hsc_err epoch input_catalog_id psf_flux_g psf_flux_error_g psf_flux_r psf_flux_error_r psf_flux_i psf_flux_error_i psf_flux_z psf_flux_error_z psf_flux_y psf_flux_error_y parallax parallax_error pmra pmra_error pmdec pmdec_error target_type
[from data line 1404]
_Cos_37494458903713633 11 "HSC-SSP Public Data Release 4 (Wide)" 36.530266485182956 -5.331750227204153 1800.0 1 L r 37494458903713633 2253.0818 32.861668 2637.6824 46.928154 3397.511 35.75677 4920.9966 89.53935 5497.7607 202.09976 nan nan nan nan nan nan nan nan nan nan nan nan 1e-07 1e-07 0.0 0.0 0.0 0.0 1
_Cos_37494458903714059 11 "HSC-SSP Public Data Release 4 (Wide)" 36.484897686846374 -5.3211469816835 1800.0 1 L r 37494458903714059 617.58075 28.857544 608.3789 33.285748 921.1011 26.9315 1799.9924 99.58107 1498.5774 140.46545 nan nan nan nan nan nan nan nan nan nan nan nan 1e-07 1e-07 0.0 0.0 0.0 0.0 1
_Cos_37494463198659300 11 "HSC-SSP Public Data Release 4 (Wide)" 36.506021329652505 -5.287208131678388 1800.0 1 L r 37494463198659300 421.36264 31.595713 731.54205 50.163303 1054.2606 44.445583 2050.5127 119.89514 2406.9204 236.89432 nan nan nan nan nan nan nan nan nan nan nan nan 1e-07 1e-07 0.0 0.0 0.0 0.0 1
_Cos_37494463198659875 11 "HSC-SSP Public Data Release 4 (Wide)" 36.466485447419686 -5.274277875096424 1800.0 1 L r 37494463198659875 918.6911 25.504646 1236.9308 47.252968 1462.4457 44.045925 1880.0571 98.17444 2462.295 193.61555 nan nan nan nan nan nan nan nan nan nan nan nan 1e-07 1e-07 0.0 0.0 0.0 0.0 1
_Cos_37494463198662826 11 "HSC-SSP Public Data Release 4 (Wide)" 36.515013651438615 -5.210015923889574 1800.0 1 L r 37494463198662826 2136.0818 38.365475 2461.679 58.255844 3550.8513 52.84432 3973.4878 141.12206 4039.8293 246.07562 nan nan nan nan nan nan nan nan nan nan nan nan 1e-07 1e-07 0.0 0.0 0.0 0.0 1
_Cos_37494463198664063 11 "HSC-SSP Public Data Release 4 (Wide)" 36.50235622469626 -5.184916558627291 1800.0 1 L r 37494463198664063 775.3493 28.450056 902.10535 40.195763 981.25916 34.546635 1032.7062 105.84754 1203.8492 190.25156 nan nan nan nan nan nan nan nan nan nan nan nan 1e-07 1e-07 0.0 0.0 0.0 0.0 1
_Cos_37494463198666589 11 "HSC-SSP Public Data Release 4 (Wide)" 36.48424053676197 -5.131878424041128 1800.0 1 L r 37494463198666589 719.4542 21.554699 977.69855 30.355558 1150.1597 23.767485 1076.4476 65.96124 1011.20135 116.768745 nan nan nan nan nan nan nan nan nan nan nan nan 1e-07 1e-07 0.0 0.0 0.0 0.0 1
_Cos_37494463198666605 11 "HSC-SSP Public Data Release 4 (Wide)" 36.449956330360756 -5.131327534826892 1800.0 1 L r 37494463198666605 888.6432 29.236605 954.8178 40.97659 1195.2214 36.447895 1339.2072 100.122765 1428.9846 209.74501 nan nan nan nan nan nan nan nan nan nan nan nan 1e-07 1e-07 0.0 0.0 0.0 0.0 1
_Cos_37494463198677576 11 "HSC-SSP Public Data Release 4 (Wide)" 36.49384129142377 -5.289765164167022 1800.0 1 L r 37494463198677576 526.5129 19.215855 801.32587 33.5497 1363.7045 30.254429 2158.488 79.08901 2560.4053 147.72429 nan nan nan nan nan nan nan nan nan nan nan nan 1e-07 1e-07 0.0 0.0 0.0 0.0 1
_Cos_37494463198678685 11 "HSC-SSP Public Data Release 4 (Wide)" 36.493967427448055 -5.259414153952488 1800.0 1 L r 37494463198678685 571.5214 23.428354 676.7207 35.876476 1167.1029 33.870926 1642.7684 87.38352 1322.1028 163.1235 nan nan nan nan nan nan nan nan nan nan nan nan 1e-07 1e-07 0.0 0.0 0.0 0.0 1
_Cos_37494463198679626 11 "HSC-SSP Public Data Release 4 (Wide)" 36.51344193635683 -5.2387941974891765 1800.0 1 L r 37494463198679626 740.7094 47.805653 793.94336 55.460846 1274.9429 41.613716 1514.3542 100.83378 2641.1343 314.43478 nan nan nan nan nan nan nan nan nan nan nan nan 1e-07 1e-07 0.0 0.0 0.0 0.0 1
_Cos_37494463198679806 11 "HSC-SSP Public Data Release 4 (Wide)" 36.532900182151636 -5.234237565963418 1800.0 1 L r 37494463198679806 1083.55 33.66191 1132.0844 43.98868 1286.9528 26.880552 1557.8212 73.03698 1656.7267 170.8082 nan nan nan nan nan nan nan nan nan nan nan nan 1e-07 1e-07 0.0 0.0 0.0 0.0 1
_Cos_37494463198680007 11 "HSC-SSP Public Data Release 4 (Wide)" 36.451593750546145 -5.233395265342832 1800.0 1 L r 37494463198680007 1036.0684 46.457844 1503.4536 49.30373 1898.1161 44.65895 2455.0837 128.3837 2483.315 232.82391 nan nan nan nan nan nan nan nan nan nan nan nan 1e-07 1e-07 0.0 0.0 0.0 0.0 1
_Cos_37494463198680360 11 "HSC-SSP Public Data Release 4 (Wide)" 36.51831979164543 -5.223291364581539 1800.0 1 L r 37494463198680360 899.581 22.822527 1012.17 42.568443 1283.1921 29.472105 1653.1129 87.504585 2337.6436 195.01581 nan nan nan nan nan nan nan nan nan nan nan nan 1e-07 1e-07 0.0 0.0 0.0 0.0 1
_Cos_37494463198680551 11 "HSC-SSP Public Data Release 4 (Wide)" 36.46906774990034 -5.21976874200584 1800.0 1 L r 37494463198680551 625.4745 23.75809 854.28015 39.493465 1133.9227 27.76852 1774.6398 75.3906 2095.3193 158.63376 nan nan nan nan nan nan nan nan nan nan nan nan 1e-07 1e-07 0.0 0.0 0.0 0.0 1
_Cos_37494463198680653 11 "HSC-SSP Public Data Release 4 (Wide)" 36.491924131772834 -5.217764263510726 1800.0 1 L r 37494463198680653 605.1638 23.196775 865.3914 34.62166 921.7431 28.25368 1385.9065 91.687675 772.48096 123.367035 nan nan nan nan nan nan nan nan nan nan nan nan 1e-07 1e-07 0.0 0.0 0.0 0.0 1
_Cos_37494463198680951 11 "HSC-SSP Public Data Release 4 (Wide)" 36.45403142264225 -5.210834005144929 1800.0 1 L r 37494463198680951 416.04596 19.797226 609.08496 37.40381 956.48193 27.9798 1321.2808 88.51163 1507.9702 169.77728 nan nan nan nan nan nan nan nan nan nan nan nan 1e-07 1e-07 0.0 0.0 0.0 0.0 1
_Cos_37494463198681574 11 "HSC-SSP Public Data Release 4 (Wide)" 36.471209488880625 -5.201509546866052 1800.0 1 L r 37494463198681574 979.50446 31.681479 1194.8898 49.024597 1645.9618 42.096714 1639.2668 106.280014 1681.3867 195.82591 nan nan nan nan nan nan nan nan nan nan nan nan 1e-07 1e-07 0.0 0.0 0.0 0.0 1
_Cos_37494463198682158 11 "HSC-SSP Public Data Release 4 (Wide)" 36.5231911731255 -5.188013881666159 1800.0 1 L r 37494463198682158 781.0716 28.601194 1059.801 46.476555 1305.774 44.54391 2197.1301 137.24821 1779.035 207.40623 nan nan nan nan nan nan nan nan nan nan nan nan 1e-07 1e-07 0.0 0.0 0.0 0.0 1
_Cos_37494463198682525 11 "HSC-SSP Public Data Release 4 (Wide)" 36.469423920542916 -5.180959453987919 1800.0 1 L r 37494463198682525 841.0089 34.688034 1068.0701 54.434 1295.2556 45.82548 676.0161 70.20834 1190.0977 183.34554 nan nan nan nan nan nan nan nan nan nan nan nan 1e-07 1e-07 0.0 0.0 0.0 0.0 1
_Cos_37494463198682906 11 "HSC-SSP Public Data Release 4 (Wide)" 36.45071877380421 -5.172937191705898 1800.0 1 L r 37494463198682906 943.76373 28.30494 796.0677 38.375816 1556.8583 41.176422 1385.9746 100.073105 2130.42 167.99205 nan nan nan nan nan nan nan nan nan nan nan nan 1e-07 1e-07 0.0 0.0 0.0 0.0 1
_Cos_37494463198683614 11 "HSC-SSP Public Data Release 4 (Wide)" 36.4530932391712 -5.156428129295683 1800.0 1 L r 37494463198683614 859.94946 41.506947 1107.6631 61.036427 2109.2332 49.938404 2642.6719 117.20059 2115.694 243.59523 nan nan nan nan nan nan nan nan nan nan nan nan 1e-07 1e-07 0.0 0.0 0.0 0.0 1
_Cos_37494463198684045 11 "HSC-SSP Public Data Release 4 (Wide)" 36.5063795353128 -5.147576364513557 1800.0 1 L r 37494463198684045 543.40515 46.980583 727.6455 60.01085 1427.6632 40.398705 2401.3455 109.76604 3125.7966 238.77586 nan nan nan nan nan nan nan nan nan nan nan nan 1e-07 1e-07 0.0 0.0 0.0 0.0 1
_Cos_37494463198684161 11 "HSC-SSP Public Data Release 4 (Wide)" 36.479330624643026 -5.146641250484388 1800.0 1 L r 37494463198684161 810.57135 33.239014 1118.0823 48.508884 2141.4802 35.138958 3038.0696 98.74681 3321.517 198.74596 nan nan nan nan nan nan nan nan nan nan nan nan 1e-07 1e-07 0.0 0.0 0.0 0.0 1
_Cos_37494463198684459 11 "HSC-SSP Public Data Release 4 (Wide)" 36.52215457879945 -5.139263484755096 1800.0 1 L r 37494463198684459 547.6201 22.019224 686.7637 29.29467 1031.4237 25.512383 1817.4956 65.60892 2881.6301 217.08958 nan nan nan nan nan nan nan nan nan nan nan nan 1e-07 1e-07 0.0 0.0 0.0 0.0 1
_Cos_37494463198684688 11 "HSC-SSP Public Data Release 4 (Wide)" 36.476894681390974 -5.134009177143281 1800.0 1 L r 37494463198684688 538.02246 20.656307 737.55676 31.127466 1250.6166 22.837595 1477.4753 66.94083 1934.8081 132.61755 nan nan nan nan nan nan nan nan nan nan nan nan 1e-07 1e-07 0.0 0.0 0.0 0.0 1
_Cos_37494463198685040 11 "HSC-SSP Public Data Release 4 (Wide)" 36.52520379654911 -5.125764232742316 1800.0 1 L r 37494463198685040 696.0223 32.277817 883.4131 47.58197 1185.2478 37.336517 1853.1664 102.22619 2233.1067 200.70885 nan nan nan nan nan nan nan nan nan nan nan nan 1e-07 1e-07 0.0 0.0 0.0 0.0 1
_Cos_37494467493626287 11 "HSC-SSP Public Data Release 4 (Wide)" 36.454948347694916 -5.108714490908746 1800.0 1 L r 37494467493626287 680.86707 35.462807 686.9455 40.377335 1163.0405 47.71453 1404.7734 119.65983 1275.0299 229.36487 nan nan nan nan nan nan nan nan nan nan nan nan 1e-07 1e-07 0.0 0.0 0.0 0.0 1
_Cos_37494467493626903 11 "HSC-SSP Public Data Release 4 (Wide)" 36.45923691903463 -5.09496087464861 1800.0 1 L r 37494467493626903 376.01013 31.533289 537.60834 40.34687 1169.4711 34.501114 2170.7446 121.26883 3209.7117 202.12758 nan nan nan nan nan nan nan nan nan nan nan nan 1e-07 1e-07 0.0 0.0 0.0 0.0 1
_Cos_37494467493630042 11 "HSC-SSP Public Data Release 4 (Wide)" 36.51563997524603 -5.023700709486486 1800.0 1 L r 37494467493630042 573.60736 29.814262 733.7343 47.657276 1237.2683 35.596096 1635.7965 84.33138 2369.261 174.47415 nan nan nan nan nan nan nan nan nan nan nan nan 1e-07 1e-07 0.0 0.0 0.0 0.0 1
_Cos_37494467493644019 11 "HSC-SSP Public Data Release 4 (Wide)" 36.48155818960071 -5.112634764583405 1800.0 1 L r 37494467493644019 897.1381 22.755337 1438.48 33.474266 2480.6323 24.797894 4751.732 81.311165 7425.0254 156.45456 nan nan nan nan nan nan nan nan nan nan nan nan 1e-07 1e-07 0.0 0.0 0.0 0.0 1
_Cos_37494467493644794 11 "HSC-SSP Public Data Release 4 (Wide)" 36.487248175620714 -5.097256669088522 1800.0 1 L r 37494467493644794 940.8599 30.285702 1022.48267 40.99927 1147.1869 33.396046 1541.8331 91.896675 1865.801 183.81137 nan nan nan nan nan nan nan nan nan nan nan nan 1e-07 1e-07 0.0 0.0 0.0 0.0 1
_Cos_37494467493646158 11 "HSC-SSP Public Data Release 4 (Wide)" 36.51430847737089 -5.070351375190626 1800.0 1 L r 37494467493646158 818.3103 21.418516 1089.1659 47.517197 1182.089 29.230352 1579.3091 77.350655 1748.1168 165.65968 nan nan nan nan nan nan nan nan nan nan nan nan 1e-07 1e-07 0.0 0.0 0.0 0.0 1
_Cos_37494467493646359 11 "HSC-SSP Public Data Release 4 (Wide)" 36.5249854174773 -5.064878895480249 1800.0 1 L r 37494467493646359 704.25336 24.613777 1023.83344 46.10219 1208.5492 40.862328 1540.8135 80.09511 1989.9928 154.00412 nan nan nan nan nan nan nan nan nan nan nan nan 1e-07 1e-07 0.0 0.0 0.0 0.0 1
_Cos_37494467493647081 11 "HSC-SSP Public Data Release 4 (Wide)" 36.4853767862056 -5.051631704569722 1800.0 1 L r 37494467493647081 536.1795 36.404633 658.79224 38.762012 915.3578 37.96901 1245.2905 96.62332 1406.3761 192.29701 nan nan nan nan nan nan nan nan nan nan nan nan 1e-07 1e-07 0.0 0.0 0.0 0.0 1
_Cos_37494467493649435 11 "HSC-SSP Public Data Release 4 (Wide)" 36.52811538378768 -4.9986517740834335 1800.0 1 L r 37494467493649435 770.8451 24.427694 1171.416 38.03246 1849.3004 30.355965 3101.7317 77.33275 4537.103 176.74287 nan nan nan nan nan nan nan nan nan nan nan nan 1e-07 1e-07 0.0 0.0 0.0 0.0 1
_Star_2488669974479071104 3006 Fstar_v3.3 36.77748284764486 -5.788299416733037 1800.0 1 L r 2488669974479071104 nan nan nan nan nan nan nan nan nan nan 2016.0 3006.0 21363.21 437.58 26036.74 719.01 27346.78 616.86 27173.56 763.12 37683.08 3700.16 0.5480399588238507 1.0156459999999998 2.1758854323621133 1.0539681 -0.6843897104859475 1.1416979 3
_Star_2488675987433429376 3006 Fstar_v3.3 36.6685932432966 -5.652930167768668 1800.0 1 L r 2488675987433429376 nan nan nan nan nan nan nan nan nan nan 2016.0 3006.0 60554.46 518.35 75277.63 609.09 84696.62 429.36 86494.05 976.04 88410.98 1655.54 -0.1051991318488235 0.28040856 2.7923021843345643 0.30839992 -4.705251900006388 0.26674348 3
_Star_2488677537917095424 3006 Fstar_v3.3 36.701757224998005 -5.626685468784264 1800.0 1 L r 2488677537917095424 nan nan nan nan nan nan nan nan nan nan 2016.0 3006.0 22154.72 675.11 23181.76 614.64 28911.2 323.85 34803.78 1010.64 51374.36 1925.59 -0.2419810896843739 0.9680129 -0.5804416949552088 0.9918464 -0.3641397307577133 1.1893341999999998 3
_Star_2488677155664407808 3006 Fstar_v3.3 36.79595084511386 -5.606520100407384 1800.0 1 L r 2488677155664407808 nan nan nan nan nan nan nan nan nan nan 2016.0 3006.0 38906.89 220.6 45076.11 775.36 48818.69 513.8 46681.67 579.23 45530.94 2247.16 1.040036735260431 0.47331697 -0.7266516332306979 0.57812107 -2.388538846164088 0.5831751000000001 3
_Star_2488697672723772672 3006 Fstar_v3.3 36.84943913934293 -5.598466017760823 1800.0 1 L r 2488697672723772672 nan nan nan nan nan nan nan nan nan nan 2016.0 3006.0 204656.93 1090.83 269541.96 1049.14 302988.36 1025.83 310560.34 1592.94 313030.1 4993.55 0.2554082492877373 0.13376833 5.777637075150786 0.182602 -11.771624282047677 0.14335251 3
_Star_2488690384163838848 3006 Fstar_v3.3 36.71289152056949 -5.515122469281051 1800.0 1 L r 2488690384163838848 nan nan nan nan nan nan nan nan nan nan 2016.0 3006.0 37203.7 641.15 47387.8 665.64 51516.53 416.88 52127.38 984.61 56320.5 1430.66 0.1909803658249187 0.404358 -0.1882793027376103 0.42515057 -2.942109964245615 0.39550102 3
_Star_2488714985736520576 3006 Fstar_v3.3 36.69545612786517 -5.466688522035314 1800.0 1 L r 2488714985736520576 nan nan nan nan nan nan nan nan nan nan 2016.0 3006.0 16378.19 476.86 19701.83 400.79 20231.41 347.11 19496.04 320.09 23480.42 4019.2 0.7607856459083808 1.5298873 -0.9317971238100906 2.1018538 -4.723420004333753 2.2633095 3
_Star_2488715226254692480 3006 Fstar_v3.3 36.65620253673686 -5.457274646861258 1800.0 1 L r 2488715226254692480 nan nan nan nan nan nan nan nan nan nan 2016.0 3006.0 25521.52 673.99 31583.95 462.91 34285.17 563.82 35112.87 744.73 40579.49 3801.68 -0.0706948976148377 0.63566864 0.9819344722329733 0.65659714 -2.9038579768167336 0.7358098000000001 3
_Star_2488718352990899840 3006 Fstar_v3.3 36.67570771536382 -5.419727877825442 1800.0 1 L r 2488718352990899840 nan nan nan nan nan nan nan nan nan nan 2016.0 3006.0 245440.62 891.8 317531.27 1849.5 352554.62 1984.98 352262.41 2526.46 361199.04 3797.17 0.4965453818855135 0.11103567 5.516881831307807 0.12427933 -13.323998171873397 0.10747776 3
_Star_2488702410072120960 3006 Fstar_v3.3 36.8549370570924 -5.494297420248644 1800.0 1 L r 2488702410072120960 nan nan nan nan nan nan nan nan nan nan 2016.0 3006.0 44943.43 619.96 71744.17 683.85 88102.13 606.72 97164.26 2221.45 98524.9 3982.43 -0.3959983425309358 0.34020087 0.165499120165209 0.34015554 -1.9842639428671167 0.28904727 3
_Star_2488716394485818624 3006 Fstar_v3.3 36.83019656457285 -5.406225441311706 1800.0 1 L r 2488716394485818624 nan nan nan nan nan nan nan nan nan nan 2016.0 3006.0 27775.8 344.95 35174.36 474.94 38045.73 747.5 36771.08 829.38 43075.06 4876.6 -1.278965265258222 0.6886479999999999 3.0649334092125646 0.6712880999999999 -2.2704628884579634 0.6317786999999999 3
_Star_2488716153967646592 3006 Fstar_v3.3 36.85854018761104 -5.4147076016168825 1800.0 1 L r 2488716153967646592 nan nan nan nan nan nan nan nan nan nan 2016.0 3006.0 15755.29 130.28 18910.65 182.78 22440.19 474.29 21592.65 1549.64 36136.53 5965.71 0.5973391055400264 1.6295102 -3.341414348581531 1.625139 -4.680759920818459 2.4702923 3
_Star_2488766628423331840 3006 Fstar_v3.3 36.55014537050188 -5.35316354368006 1800.0 1 L r 2488766628423331840 nan nan nan nan nan nan nan nan nan nan 2016.0 3006.0 16086.68 396.63 18560.36 650.61 21261.12 541.21 22211.93 1540.22 57404.5 9748.87 -0.7989268483791707 1.1264828000000002 4.3420034399920935 2.0355916 -3.581398993094953 1.8539126 3
