output/Jan25/final/field_a_L3_visit2_final_targets.ecsv
# %ECSV 1.0
# ---
# datatype:
# - {name: ob_code, datatype: string}
# - {name: catId, datatype: int32}
# - {name: description, datatype: string}
# - {name: ra, datatype: float64}
# - {name: dec, datatype: float64}
# - {name: exptime, datatype: float64}
# - {name: priority, datatype: int32}
# - {name: resolution, datatype: string}
# - {name: reference_arm, datatype: string}
# - {name: obj_id, datatype: int64}
# - {name: g_hsc, datatype: float64}
# - {name: g_hsc_err, datatype: float64}
# - {name: r2_hsc, datatype: float64}
# - {name: r2_hsc_err, datatype: float64}
# - {name: i2_hsc, datatype: float64}
# - {name: i2_hsc_err, datatype: float64}
# - {name: z_hsc, datatype: float64}
# - {name: z_hsc_err, datatype: float64}
# - {name: y_hsc, datatype: float64}
# - {name: y_hsc_err, datatype: float64}
# - {name: epoch, datatype: float64}
# - {name: input_catalog_id, datatype: float64}
# - {name: psf_flux_g, datatype: float64}
# - {name: psf_flux_error_g, datatype: float64}
# - {name: psf_flux_r, datatype: float64}
# - {name: psf_flux_error_r, datatype: float64}
# - {name: psf_flux_i, datatype: float64}
# - {name: psf_flux_error_i, datatype: float64}
# - {name: psf_flux_z, datatype: float64}
# - {name: psf_flux_error_z, datatype: float64}
# - {name: psf_flux_y, datatype: float64}
# - {name: psf_flux_error_y, datatype: float64}
# - {name: parallax, datatype: float64}
# - {name: parallax_error, datatype: float64}
# - {name: pmra, datatype: float64}
# - {name: pmra_error, datatype: float64}
# - {name: pmdec, datatype: float64}
# - {name: pmdec_error, datatype: float64}
# - {name: target_type, datatype: int32}
# schema: astropy-2.0
ob_code catId description ra dec exptime priority resolution reference_arm obj_id g_hsc g_hsc_err r2_hsc r2_hsc_err i2_hsc i2_hsc_err z_hsc z_hsc_err y_hsc y_hsc_err epoch input_catalog_id psf_flux_g psf_flux_error_g psf_flux_r psf_flux_error_r psf_flux_i psf_flux_error_i psf_flux_z psf_flux_error_z psf_flux_y psf_flux_error_y parallax parallax_error pmra pmra_error pmdec pmdec_error target_type
[from data line 104]
_Cos_37493634269998750 11 "HSC-SSP Public Data Release 4 (Wide)" 37.649380699180455 -5.360912766579349 1800.0 1 L r 37493634269998750 540.3013 17.933094 759.6899 35.073616 1350.4285 20.785442 1949.6564 59.532997 2323.366 138.67139 nan nan nan nan nan nan nan nan nan nan nan nan 1e-07 1e-07 0.0 0.0 0.0 0.0 1
_Cos_37493634269998814 11 "HSC-SSP Public Data Release 4 (Wide)" 37.4877772674575 -5.361914933288929 1800.0 1 L r 37493634269998814 643.91876 17.519611 842.5166 30.641644 1083.6527 27.417376 1432.6034 57.506485 1318.4304 135.0794 nan nan nan nan nan nan nan nan nan nan nan nan 1e-07 1e-07 0.0 0.0 0.0 0.0 1
_Cos_37493634269998860 11 "HSC-SSP Public Data Release 4 (Wide)" 37.59147978719424 -5.359575063305344 1800.0 1 L r 37493634269998860 1498.5458 18.319468 1929.3209 35.73012 2226.956 25.84624 2518.5403 65.8362 2522.7603 146.57156 nan nan nan nan nan nan nan nan nan nan nan nan 1e-07 1e-07 0.0 0.0 0.0 0.0 1
_Cos_37493634269999016 11 "HSC-SSP Public Data Release 4 (Wide)" 37.53730174341937 -5.357067505271959 1800.0 1 L r 37493634269999016 616.95416 19.122595 769.68207 44.28223 979.35754 26.41887 1668.1249 68.73232 1579.108 151.21167 nan nan nan nan nan nan nan nan nan nan nan nan 1e-07 1e-07 0.0 0.0 0.0 0.0 1
_Cos_37493634270001373 11 "HSC-SSP Public Data Release 4 (Wide)" 37.629846511355396 -5.318304413994959 1800.0 1 L r 37493634270001373 805.12317 16.753859 861.9643 35.583378 1125.6805 20.194328 1489.494 52.359474 2659.9446 139.61246 nan nan nan nan nan nan nan nan nan nan nan nan 1e-07 1e-07 0.0 0.0 0.0 0.0 1
_Cos_37493634270001533 11 "HSC-SSP Public Data Release 4 (Wide)" 37.50431575395274 -5.31517044484339 1800.0 1 L r 37493634270001533 553.95306 21.37788 646.1934 35.345398 1037.5603 26.578592 1472.0957 64.85617 2001.761 156.20041 nan nan nan nan nan nan nan nan nan nan nan nan 1e-07 1e-07 0.0 0.0 0.0 0.0 1
_Cos_37493634270001667 11 "HSC-SSP Public Data Release 4 (Wide)" 37.48812326135665 -5.315499989204261 1800.0 1 L r 37493634270001667 644.2376 22.166096 1084.6063 34.032867 1519.5752 22.010395 2941.5715 77.922356 3216.9749 151.28911 nan nan nan nan nan nan nan nan nan nan nan nan 1e-07 1e-07 0.0 0.0 0.0 0.0 1
_Cos_37493634270002288 11 "HSC-SSP Public Data Release 4 (Wide)" 37.6181225902788 -5.302988142314416 1800.0 1 L r 37493634270002288 1003.87885 26.521961 1306.612 48.450363 1721.0664 34.637344 2468.8977 97.39387 2705.228 208.58476 nan nan nan nan nan nan nan nan nan nan nan nan 1e-07 1e-07 0.0 0.0 0.0 0.0 1
_Cos_37493634270002356 11 "HSC-SSP Public Data Release 4 (Wide)" 37.564754296357535 -5.302580499330254 1800.0 1 L r 37493634270002356 1405.7816 22.9636 1499.7063 41.197643 2125.83 32.81778 2899.6934 80.1177 3147.2178 180.49855 nan nan nan nan nan nan nan nan nan nan nan nan 1e-07 1e-07 0.0 0.0 0.0 0.0 1
_Cos_37493638564938013 11 "HSC-SSP Public Data Release 4 (Wide)" 37.58727515785559 -5.298620273285575 1800.0 1 L r 37493638564938013 373.6537 17.457773 538.30945 34.45813 1139.1938 25.061651 1569.5248 62.634106 2002.5419 167.06123 nan nan nan nan nan nan nan nan nan nan nan nan 1e-07 1e-07 0.0 0.0 0.0 0.0 1
_Cos_37493638564938204 11 "HSC-SSP Public Data Release 4 (Wide)" 37.53908630805863 -5.29439123231724 1800.0 1 L r 37493638564938204 1131.5453 17.529696 1343.767 35.15634 1341.2667 22.648872 2249.1052 64.6106 1862.0046 123.75036 nan nan nan nan nan nan nan nan nan nan nan nan 1e-07 1e-07 0.0 0.0 0.0 0.0 1
_Cos_37493638564938671 11 "HSC-SSP Public Data Release 4 (Wide)" 37.5102927497353 -5.284586774814132 1800.0 1 L r 37493638564938671 804.5892 20.256073 966.993 33.986923 1313.7919 27.509895 1671.2511 71.39738 1962.2832 165.2966 nan nan nan nan nan nan nan nan nan nan nan nan 1e-07 1e-07 0.0 0.0 0.0 0.0 1
_Cos_37493638564939586 11 "HSC-SSP Public Data Release 4 (Wide)" 37.6504962924239 -5.266435746902869 1800.0 1 L r 37493638564939586 427.53943 19.317154 640.7845 40.222645 1165.1417 23.432695 1652.0623 75.45123 1687.4323 161.21062 nan nan nan nan nan nan nan nan nan nan nan nan 1e-07 1e-07 0.0 0.0 0.0 0.0 1
_Cos_37493638564939924 11 "HSC-SSP Public Data Release 4 (Wide)" 37.618191753821066 -5.25976209202959 1800.0 1 L r 37493638564939924 320.6244 22.133675 346.29297 35.885838 921.9927 29.848677 1130.8789 84.80451 750.1856 154.56042 nan nan nan nan nan nan nan nan nan nan nan nan 1e-07 1e-07 0.0 0.0 0.0 0.0 1
_Cos_37493638564940345 11 "HSC-SSP Public Data Release 4 (Wide)" 37.644871710178016 -5.251104227270214 1800.0 1 L r 37493638564940345 343.92566 33.677937 430.5759 50.232937 925.46967 46.80373 712.75507 92.19748 722.19415 177.18837 nan nan nan nan nan nan nan nan nan nan nan nan 1e-07 1e-07 0.0 0.0 0.0 0.0 1
_Cos_37493638564942223 11 "HSC-SSP Public Data Release 4 (Wide)" 37.56344339233951 -5.210293436534299 1800.0 1 L r 37493638564942223 474.2092 22.45735 695.207 44.807114 1102.7762 36.16794 1710.0193 86.44626 2127.3872 176.15434 nan nan nan nan nan nan nan nan nan nan nan nan 1e-07 1e-07 0.0 0.0 0.0 0.0 1
_Cos_37493638564943091 11 "HSC-SSP Public Data Release 4 (Wide)" 37.47870438108214 -5.192054950154 1800.0 1 L r 37493638564943091 1291.6135 16.233574 1744.6681 28.815254 2676.8528 27.869186 3980.5054 66.19814 4667.874 163.64922 nan nan nan nan nan nan nan nan nan nan nan nan 1e-07 1e-07 0.0 0.0 0.0 0.0 1
_Cos_37493638564944315 11 "HSC-SSP Public Data Release 4 (Wide)" 37.51848437219198 -5.166163742783761 1800.0 1 L r 37493638564944315 1540.0267 27.355547 1761.8419 44.161217 3017.2964 32.721912 3770.2468 73.882126 4646.6265 186.63463 nan nan nan nan nan nan nan nan nan nan nan nan 1e-07 1e-07 0.0 0.0 0.0 0.0 1
_Cos_37493638564945242 11 "HSC-SSP Public Data Release 4 (Wide)" 37.633643694022325 -5.145340613896826 1800.0 1 L r 37493638564945242 505.9745 25.631207 764.2155 49.40655 1475.9001 28.719742 2899.3354 110.456345 2040.7358 172.16788 nan nan nan nan nan nan nan nan nan nan nan nan 1e-07 1e-07 0.0 0.0 0.0 0.0 1
_Cos_37493638564946230 11 "HSC-SSP Public Data Release 4 (Wide)" 37.65067135817219 -5.126473082622632 1800.0 1 L r 37493638564946230 915.5385 21.071264 1109.044 44.975872 1115.9495 28.259129 1937.4 85.767586 2350.3977 177.01782 nan nan nan nan nan nan nan nan nan nan nan nan 1e-07 1e-07 0.0 0.0 0.0 0.0 1
_Cos_37493638564957152 11 "HSC-SSP Public Data Release 4 (Wide)" 37.57915400506979 -5.290488558583199 1800.0 1 L r 37493638564957152 562.23346 20.602156 646.65936 36.46226 1124.4503 32.23447 1578.0085 86.63049 2273.5515 212.22255 nan nan nan nan nan nan nan nan nan nan nan nan 1e-07 1e-07 0.0 0.0 0.0 0.0 1
_Cos_37493638564957198 11 "HSC-SSP Public Data Release 4 (Wide)" 37.48977304637996 -5.288586093628431 1800.0 1 L r 37493638564957198 716.402 26.641453 1130.0516 41.40041 2404.8062 37.084427 3630.5867 122.02709 3060.6802 207.52257 nan nan nan nan nan nan nan nan nan nan nan nan 1e-07 1e-07 0.0 0.0 0.0 0.0 1
_Cos_37493638564957741 11 "HSC-SSP Public Data Release 4 (Wide)" 37.477774806577905 -5.276606598118292 1800.0 1 L r 37493638564957741 803.3273 22.614248 955.0272 28.686584 1110.4244 24.58139 1032.4045 56.64184 1407.2155 148.49129 nan nan nan nan nan nan nan nan nan nan nan nan 1e-07 1e-07 0.0 0.0 0.0 0.0 1
_Cos_37493638564959254 11 "HSC-SSP Public Data Release 4 (Wide)" 37.55577674818963 -5.242169646640395 1800.0 1 L r 37493638564959254 648.7959 26.581896 704.4912 51.91385 984.55994 37.0367 1018.0565 91.391914 1774.7567 194.99004 nan nan nan nan nan nan nan nan nan nan nan nan 1e-07 1e-07 0.0 0.0 0.0 0.0 1
_Cos_37493638564959670 11 "HSC-SSP Public Data Release 4 (Wide)" 37.56625714476862 -5.230231548108119 1800.0 1 L r 37493638564959670 1184.6652 21.256556 1234.1582 39.225277 1434.0244 28.490126 1520.8937 78.2832 1567.4116 171.53217 nan nan nan nan nan nan nan nan nan nan nan nan 1e-07 1e-07 0.0 0.0 0.0 0.0 1
_Cos_37493638564959937 11 "HSC-SSP Public Data Release 4 (Wide)" 37.58611900539503 -5.225247509063929 1800.0 1 L r 37493638564959937 2145.5076 18.03998 2457.831 35.248646 2534.1663 23.195898 2991.789 76.94939 4749.771 198.5215 nan nan nan nan nan nan nan nan nan nan nan nan 1e-07 1e-07 0.0 0.0 0.0 0.0 1
_Cos_37493638564960040 11 "HSC-SSP Public Data Release 4 (Wide)" 37.6447347802883 -5.222498628393573 1800.0 1 L r 37493638564960040 685.0867 25.408728 929.75885 50.131104 1422.4426 30.967213 1876.06 85.79652 4002.635 275.43665 nan nan nan nan nan nan nan nan nan nan nan nan 1e-07 1e-07 0.0 0.0 0.0 0.0 1
_Cos_37493638564960545 11 "HSC-SSP Public Data Release 4 (Wide)" 37.51838954778272 -5.210715622271248 1800.0 1 L r 37493638564960545 540.2845 22.782211 639.60406 44.14322 1070.7706 35.777096 1027.7522 60.781834 1533.3591 146.17163 nan nan nan nan nan nan nan nan nan nan nan nan 1e-07 1e-07 0.0 0.0 0.0 0.0 1
_Cos_37493638564961933 11 "HSC-SSP Public Data Release 4 (Wide)" 37.593361725456745 -5.181310322191376 1800.0 1 L r 37493638564961933 992.798 18.707712 1077.84 34.05761 1054.2595 18.905552 1120.8777 56.076485 1470.1628 126.26861 nan nan nan nan nan nan nan nan nan nan nan nan 1e-07 1e-07 0.0 0.0 0.0 0.0 1
_Cos_37493638564962175 11 "HSC-SSP Public Data Release 4 (Wide)" 37.567114314432814 -5.17583340885322 1800.0 1 L r 37493638564962175 504.59213 18.341703 621.76855 31.338303 1163.2778 27.97911 1794.7648 85.00077 1935.417 158.93602 nan nan nan nan nan nan nan nan nan nan nan nan 1e-07 1e-07 0.0 0.0 0.0 0.0 1
_Cos_37493638564962438 11 "HSC-SSP Public Data Release 4 (Wide)" 37.65029000108149 -5.169098460290848 1800.0 1 L r 37493638564962438 1788.3219 21.319063 1780.7104 45.434116 1911.49 26.426048 1591.5103 62.673138 1969.7516 160.72575 nan nan nan nan nan nan nan nan nan nan nan nan 1e-07 1e-07 0.0 0.0 0.0 0.0 1
_Cos_37493638564962700 11 "HSC-SSP Public Data Release 4 (Wide)" 37.55083271783256 -5.163494369920358 1800.0 1 L r 37493638564962700 466.9541 19.705805 539.765 39.674965 1358.7762 44.660297 816.863 81.884445 525.9253 118.45186 nan nan nan nan nan nan nan nan nan nan nan nan 1e-07 1e-07 0.0 0.0 0.0 0.0 1
_Cos_37493638564962833 11 "HSC-SSP Public Data Release 4 (Wide)" 37.645315915051356 -5.162663507724238 1800.0 1 L r 37493638564962833 846.09717 28.630138 783.0353 49.969635 1339.389 39.253517 1303.3667 89.0599 1769.0769 195.78865 nan nan nan nan nan nan nan nan nan nan nan nan 1e-07 1e-07 0.0 0.0 0.0 0.0 1
_Cos_37493638564962854 11 "HSC-SSP Public Data Release 4 (Wide)" 37.47650422041733 -5.1609433305066235 1800.0 1 L r 37493638564962854 675.17865 18.845985 924.4192 36.794567 1520.1456 25.56633 2268.9673 67.76359 9663.891 407.61105 nan nan nan nan nan nan nan nan nan nan nan nan 1e-07 1e-07 0.0 0.0 0.0 0.0 1
_Cos_37493638564962993 11 "HSC-SSP Public Data Release 4 (Wide)" 37.627878699633406 -5.15876211738784 1800.0 1 L r 37493638564962993 692.51434 19.583174 817.6001 58.084415 1519.754 26.042871 1656.8031 74.91398 2158.486 145.39636 nan nan nan nan nan nan nan nan nan nan nan nan 1e-07 1e-07 0.0 0.0 0.0 0.0 1
_Cos_37493638564963616 11 "HSC-SSP Public Data Release 4 (Wide)" 37.611647258590004 -5.142249129155824 1800.0 1 L r 37493638564963616 652.79834 35.40565 921.3696 66.21759 1663.7714 45.86244 2198.2595 126.94388 1739.8651 206.73611 nan nan nan nan nan nan nan nan nan nan nan nan 1e-07 1e-07 0.0 0.0 0.0 0.0 1
_Cos_37493638564964081 11 "HSC-SSP Public Data Release 4 (Wide)" 37.51460812474518 -5.133006989122436 1800.0 1 L r 37493638564964081 464.82925 33.28402 640.3855 57.965717 929.9777 40.129356 1271.103 106.2627 1008.48047 200.85309 nan nan nan nan nan nan nan nan nan nan nan nan 1e-07 1e-07 0.0 0.0 0.0 0.0 1
_Cos_37493638564964132 11 "HSC-SSP Public Data Release 4 (Wide)" 37.59146625844986 -5.13076647411132 1800.0 1 L r 37493638564964132 1138.0356 30.95986 853.66455 47.201694 1799.525 56.390545 1636.769 111.164024 805.6867 226.49847 nan nan nan nan nan nan nan nan nan nan nan nan 1e-07 1e-07 0.0 0.0 0.0 0.0 1
_Cos_37493638564964569 11 "HSC-SSP Public Data Release 4 (Wide)" 37.62030652190809 -5.1206713621098725 1800.0 1 L r 37493638564964569 548.4362 16.481712 644.21826 34.31365 923.30414 29.764023 1080.2454 99.13667 1199.502 238.93286 nan nan nan nan nan nan nan nan nan nan nan nan 1e-07 1e-07 0.0 0.0 0.0 0.0 1
_Cos_37493642859906381 11 "HSC-SSP Public Data Release 4 (Wide)" 37.656661477554266 -5.083908156412408 1800.0 1 L r 37493642859906381 697.72485 19.452404 866.3209 39.089176 1302.2925 33.80532 1643.7985 80.36629 2370.861 175.43373 nan nan nan nan nan nan nan nan nan nan nan nan 1e-07 1e-07 0.0 0.0 0.0 0.0 1
_Cos_37493642859907282 11 "HSC-SSP Public Data Release 4 (Wide)" 37.52468149198779 -5.0631318801371545 1800.0 1 L r 37493642859907282 1414.7214 24.827868 1591.1632 47.95643 1873.0657 32.61261 2726.577 91.94943 2813.6238 222.51083 nan nan nan nan nan nan nan nan nan nan nan nan 1e-07 1e-07 0.0 0.0 0.0 0.0 1
_Cos_37493642859907456 11 "HSC-SSP Public Data Release 4 (Wide)" 37.53114143140903 -5.058849448702919 1800.0 1 L r 37493642859907456 1112.3823 27.270079 1521.7637 50.723797 2202.999 35.320587 4114.088 97.65201 4540.2983 219.30194 nan nan nan nan nan nan nan nan nan nan nan nan 1e-07 1e-07 0.0 0.0 0.0 0.0 1
_Cos_37493642859907953 11 "HSC-SSP Public Data Release 4 (Wide)" 37.5062300964171 -5.046518406242832 1800.0 1 L r 37493642859907953 575.7402 18.448446 670.8083 37.543163 1036.3203 22.755503 1737.8011 70.53062 2016.0566 161.80313 nan nan nan nan nan nan nan nan nan nan nan nan 1e-07 1e-07 0.0 0.0 0.0 0.0 1
_Cos_37493642859909830 11 "HSC-SSP Public Data Release 4 (Wide)" 37.52842457182174 -5.001533327866759 1800.0 1 L r 37493642859909830 429.50217 35.91458 633.73914 62.115482 1170.0322 43.472584 2379.2388 108.26934 4403.085 290.08255 nan nan nan nan nan nan nan nan nan nan nan nan 1e-07 1e-07 0.0 0.0 0.0 0.0 1
_Cos_37493642859910110 11 "HSC-SSP Public Data Release 4 (Wide)" 37.54266572188605 -4.995228353971717 1800.0 1 L r 37493642859910110 708.5843 23.39754 887.07263 51.129993 1436.285 50.771343 1044.7574 103.07944 892.7048 181.12021 nan nan nan nan nan nan nan nan nan nan nan nan 1e-07 1e-07 0.0 0.0 0.0 0.0 1
_Cos_37493642859910570 11 "HSC-SSP Public Data Release 4 (Wide)" 37.49735663045589 -4.985233495104113 1800.0 1 L r 37493642859910570 728.7213 25.824953 975.1069 60.01981 1382.2682 32.48518 1346.9114 65.99509 1769.07 131.49054 nan nan nan nan nan nan nan nan nan nan nan nan 1e-07 1e-07 0.0 0.0 0.0 0.0 1
_Cos_37493642859911304 11 "HSC-SSP Public Data Release 4 (Wide)" 37.4995294499168 -4.968792556908117 1800.0 1 L r 37493642859911304 478.91934 19.989855 498.72757 40.747177 1023.81445 33.028942 1503.6259 85.53132 1951.679 209.90802 nan nan nan nan nan nan nan nan nan nan nan nan 1e-07 1e-07 0.0 0.0 0.0 0.0 1
_Cos_37493642859911932 11 "HSC-SSP Public Data Release 4 (Wide)" 37.60552863407646 -4.953234650743486 1800.0 1 L r 37493642859911932 1057.544 30.378334 1291.2529 65.03379 1715.5206 36.330566 2356.401 100.01795 4108.958 294.31003 nan nan nan nan nan nan nan nan nan nan nan nan 1e-07 1e-07 0.0 0.0 0.0 0.0 1
_Cos_37493642859912173 11 "HSC-SSP Public Data Release 4 (Wide)" 37.622704965768435 -4.9477017677986375 1800.0 1 L r 37493642859912173 747.1896 27.839388 940.16895 54.128223 961.13635 38.92618 1213.4902 110.899124 598.41785 149.0596 nan nan nan nan nan nan nan nan nan nan nan nan 1e-07 1e-07 0.0 0.0 0.0 0.0 1
_Cos_37493642859913014 11 "HSC-SSP Public Data Release 4 (Wide)" 37.55188921422703 -4.928157528828789 1800.0 1 L r 37493642859913014 919.6609 27.764666 880.07227 50.752254 922.13947 37.45797 1098.2153 110.74731 1366.953 256.2325 nan nan nan nan nan nan nan nan nan nan nan nan 1e-07 1e-07 0.0 0.0 0.0 0.0 1
_Cos_37493642859922664 11 "HSC-SSP Public Data Release 4 (Wide)" 37.50215559437272 -5.1092238582215606 1800.0 1 L r 37493642859922664 1039.9777 23.367075 1313.1191 42.61727 1578.6371 30.97497 2682.6104 83.77618 3566.007 187.67915 nan nan nan nan nan nan nan nan nan nan nan nan 1e-07 1e-07 0.0 0.0 0.0 0.0 1
