output/Jan25/final/field_e_L2_visit1_final_targets.ecsv
# %ECSV 1.0
# ---
# datatype:
# - {name: ob_code, datatype: string}
# - {name: catId, datatype: int32}
# - {name: description, datatype: string}
# - {name: ra, datatype: float64}
# - {name: dec, datatype: float64}
# - {name: exptime, datatype: float64}
# - {name: priority, datatype: int32}
# - {name: resolution, datatype: string}
# - {name: reference_arm, datatype: string}
# - {name: obj_id, datatype: int64}
# - {name: g_hsc, datatype: float64}
# - {name: g_hsc_err, datatype: float64}
# - {name: r2_hsc, datatype: float64}
# - {name: r2_hsc_err, datatype: float64}
# - {name: i2_hsc, datatype: float64}
# - {name: i2_hsc_err, datatype: float64}
# - {name: z_hsc, datatype: float64}
# - {name: z_hsc_err, datatype: float64}
# - {name: y_hsc, datatype: float64}
# - {name: y_hsc_err, datatype: float64}
# - {name: epoch, datatype: float64}
# - {name: input_catalog_id, datatype: float64}
# - {name: psf_flux_g, datatype: float64}
# - {name: psf_flux_error_g, datatype: float64}
# - {name: psf_flux_r, datatype: float64}
# - {name: psf_flux_error_r, datatype: float64}
# - {name: psf_flux_i, datatype: float64}
# - {name: psf_flux_error_i, datatype: float64}
# - {name: psf_flux_z, datatype: float64}
# - {name: psf_flux_error_z, datatype: float64}
# - {name: psf_flux_y, datatype: float64}
# - {name: psf_flux_error_y, datatype: float64}
# - {name: parallax, datatype: float64}
# - {name: parallax_error, datatype: float64}
# - {name: pmra, datatype: float64}
# - {name: pmra_error, datatype: float64}
# - {name: pmdec, datatype: float64}
# - {name: pmdec_error, datatype: float64}
# - {name: target_type, datatype: int32}
# schema: astropy-2.0
ob_code catId description ra dec exptime priority resolution reference_arm obj_id g_hsc g_hsc_err r2_hsc r2_hsc_err i2_hsc i2_hsc_err z_hsc z_hsc_err y_hsc y_hsc_err epoch input_catalog_id psf_flux_g psf_flux_error_g psf_flux_r psf_flux_error_r psf_flux_i psf_flux_error_i psf_flux_z psf_flux_error_z psf_flux_y psf_flux_error_y parallax parallax_error pmra pmra_error pmdec pmdec_error target_type
[from data line 155]
_Cos_40967962164745460 11 "HSC-SSP Public Data Release 4 (Wide)" 132.4413851577258 -0.5684504606953056 1800.0 1 L r 40967962164745460 707.9087 24.44466 973.2701 38.850643 1021.5519 36.45673 1172.0863 68.27112 1496.2487 136.61366 nan nan nan nan nan nan nan nan nan nan nan nan 1e-07 1e-07 0.0 0.0 0.0 0.0 1
_Cos_40967962164745673 11 "HSC-SSP Public Data Release 4 (Wide)" 132.3950642086344 -0.5643120502667033 1800.0 1 L r 40967962164745673 816.94104 30.12999 899.17145 36.451313 1180.7046 34.74072 2252.0781 76.21921 2915.2744 175.72289 nan nan nan nan nan nan nan nan nan nan nan nan 1e-07 1e-07 0.0 0.0 0.0 0.0 1
_Cos_40967962164746463 11 "HSC-SSP Public Data Release 4 (Wide)" 132.4414134797997 -0.5454458481398092 1800.0 1 L r 40967962164746463 686.7097 22.014002 917.7498 34.147728 1276.241 31.249487 1947.1354 60.458546 2765.6506 142.81924 nan nan nan nan nan nan nan nan nan nan nan nan 1e-07 1e-07 0.0 0.0 0.0 0.0 1
_Cos_40967962164746601 11 "HSC-SSP Public Data Release 4 (Wide)" 132.3355435712486 -0.5425996558739796 1800.0 1 L r 40967962164746601 1295.497 24.078156 1397.2808 38.093357 1488.2019 26.430113 1685.9608 52.286343 1715.7694 99.514595 nan nan nan nan nan nan nan nan nan nan nan nan 1e-07 1e-07 0.0 0.0 0.0 0.0 1
_Cos_40967962164746732 11 "HSC-SSP Public Data Release 4 (Wide)" 132.48215538904512 -0.5402002963171586 1800.0 1 L r 40967962164746732 1413.5775 21.720205 1486.2574 33.35151 2539.5837 29.28944 3320.7004 62.424717 3885.9 126.17034 nan nan nan nan nan nan nan nan nan nan nan nan 1e-07 1e-07 0.0 0.0 0.0 0.0 1
_Cos_40967962164747113 11 "HSC-SSP Public Data Release 4 (Wide)" 132.34108718852588 -0.5346773156316561 1800.0 1 L r 40967962164747113 479.95 36.922825 883.9798 55.530464 1483.8687 43.879375 3194.8171 93.43482 4146.8794 182.17198 nan nan nan nan nan nan nan nan nan nan nan nan 1e-07 1e-07 0.0 0.0 0.0 0.0 1
_Cos_40967962164747336 11 "HSC-SSP Public Data Release 4 (Wide)" 132.43470644929334 -0.528725941481234 1800.0 1 L r 40967962164747336 709.53925 25.67098 964.1457 37.635853 1596.3489 31.444279 2281.3564 65.224304 2500.6284 174.06042 nan nan nan nan nan nan nan nan nan nan nan nan 1e-07 1e-07 0.0 0.0 0.0 0.0 1
_Cos_40967962164747419 11 "HSC-SSP Public Data Release 4 (Wide)" 132.3429156082541 -0.527255548520469 1800.0 1 L r 40967962164747419 644.93176 36.817917 880.44293 70.128075 1068.4686 47.759747 1791.1798 94.10495 2193.835 181.75037 nan nan nan nan nan nan nan nan nan nan nan nan 1e-07 1e-07 0.0 0.0 0.0 0.0 1
_Cos_40967962164748718 11 "HSC-SSP Public Data Release 4 (Wide)" 132.3545019559811 -0.501804457823763 1800.0 1 L r 40967962164748718 775.9917 28.362211 890.78754 41.889397 1317.441 50.93665 2025.7208 89.31884 2368.6929 191.64104 nan nan nan nan nan nan nan nan nan nan nan nan 1e-07 1e-07 0.0 0.0 0.0 0.0 1
_Cos_40967962164748796 11 "HSC-SSP Public Data Release 4 (Wide)" 132.40690853533 -0.5026903831761164 1800.0 1 L r 40967962164748796 988.3451 21.359941 1251.4131 39.22036 1620.7676 38.767757 1641.1378 70.34304 1450.0934 124.03825 nan nan nan nan nan nan nan nan nan nan nan nan 1e-07 1e-07 0.0 0.0 0.0 0.0 1
_Cos_40967962164748870 11 "HSC-SSP Public Data Release 4 (Wide)" 132.33242954802375 -0.5006552214138539 1800.0 1 L r 40967962164748870 1015.80536 20.29357 1146.6125 32.358376 1876.4362 31.205519 1985.6592 54.440533 2857.9475 116.44325 nan nan nan nan nan nan nan nan nan nan nan nan 1e-07 1e-07 0.0 0.0 0.0 0.0 1
_Cos_40967962164749773 11 "HSC-SSP Public Data Release 4 (Wide)" 132.4127852307563 -0.4831843206409204 1800.0 1 L r 40967962164749773 1686.5133 32.803677 1855.5706 50.555008 2281.4233 52.05308 3958.8389 115.61101 3420.2551 171.1683 nan nan nan nan nan nan nan nan nan nan nan nan 1e-07 1e-07 0.0 0.0 0.0 0.0 1
_Cos_40967962164750241 11 "HSC-SSP Public Data Release 4 (Wide)" 132.36010830651654 -0.47705068492803904 1800.0 1 L r 40967962164750241 643.9898 22.103891 877.80804 35.555035 1945.118 32.53658 2453.6865 66.53345 2835.9045 143.6592 nan nan nan nan nan nan nan nan nan nan nan nan 1e-07 1e-07 0.0 0.0 0.0 0.0 1
_Cos_40967966459691642 11 "HSC-SSP Public Data Release 4 (Wide)" 132.49715830174125 -0.4509169091866882 1800.0 1 L r 40967966459691642 567.5965 22.87835 623.3081 28.215399 1130.7361 29.448471 1598.7817 56.817646 2628.24 133.1243 nan nan nan nan nan nan nan nan nan nan nan nan 1e-07 1e-07 0.0 0.0 0.0 0.0 1
_Cos_40967966459692106 11 "HSC-SSP Public Data Release 4 (Wide)" 132.36334074328747 -0.43969139764992826 1800.0 1 L r 40967966459692106 1095.866 19.970224 1542.6465 31.476627 1992.0599 27.99064 3989.6152 55.70354 1739.542 115.327034 nan nan nan nan nan nan nan nan nan nan nan nan 1e-07 1e-07 0.0 0.0 0.0 0.0 1
_Cos_40967966459694634 11 "HSC-SSP Public Data Release 4 (Wide)" 132.42631489288658 -0.37290357935819435 1800.0 1 L r 40967966459694634 633.025 25.852884 666.3727 37.117695 1054.5847 41.63675 1399.0941 76.200134 1758.2302 159.53844 nan nan nan nan nan nan nan nan nan nan nan nan 1e-07 1e-07 0.0 0.0 0.0 0.0 1
_Cos_40967966459694760 11 "HSC-SSP Public Data Release 4 (Wide)" 132.32589226195316 -0.3698364834903499 1800.0 1 L r 40967966459694760 1651.2272 29.388472 2047.0934 43.76202 2436.1 49.34135 3533.2422 117.45248 3260.105 180.24751 nan nan nan nan nan nan nan nan nan nan nan nan 1e-07 1e-07 0.0 0.0 0.0 0.0 1
_Cos_40967966459695759 11 "HSC-SSP Public Data Release 4 (Wide)" 132.48327354717213 -0.34530520515971513 1800.0 1 L r 40967966459695759 679.33417 28.941545 891.5368 42.262146 1461.1249 44.047688 2370.4502 90.453735 2948.759 197.27217 nan nan nan nan nan nan nan nan nan nan nan nan 1e-07 1e-07 0.0 0.0 0.0 0.0 1
_Cos_40967966459695837 11 "HSC-SSP Public Data Release 4 (Wide)" 132.4069926495511 -0.34339415466487144 1800.0 1 L r 40967966459695837 1143.4215 20.762312 1307.0336 33.42294 1401.8464 36.765892 1810.575 79.91119 1912.0251 163.10265 nan nan nan nan nan nan nan nan nan nan nan nan 1e-07 1e-07 0.0 0.0 0.0 0.0 1
_Cos_40967966459696034 11 "HSC-SSP Public Data Release 4 (Wide)" 132.33283077563468 -0.33871383583183573 1800.0 1 L r 40967966459696034 563.3782 27.443804 605.08594 28.834902 1160.2102 28.268131 1283.8359 49.968464 1456.5162 111.41474 nan nan nan nan nan nan nan nan nan nan nan nan 1e-07 1e-07 0.0 0.0 0.0 0.0 1
_Cos_40967966459696490 11 "HSC-SSP Public Data Release 4 (Wide)" 132.40428552586755 -0.32811511788197545 1800.0 1 L r 40967966459696490 853.8392 27.54412 831.5693 38.723866 1120.2014 42.323696 1336.2631 80.26813 1714.3484 163.19064 nan nan nan nan nan nan nan nan nan nan nan nan 1e-07 1e-07 0.0 0.0 0.0 0.0 1
_Cos_40967966459696868 11 "HSC-SSP Public Data Release 4 (Wide)" 132.41618819992576 -0.31816801526745214 1800.0 1 L r 40967966459696868 1385.2751 28.571377 1762.7158 42.280136 2284.9744 47.15588 2657.5608 96.89068 2575.9214 175.23465 nan nan nan nan nan nan nan nan nan nan nan nan 1e-07 1e-07 0.0 0.0 0.0 0.0 1
_Cos_40967966459697696 11 "HSC-SSP Public Data Release 4 (Wide)" 132.38705979434326 -0.2991773082550298 1800.0 1 L r 40967966459697696 707.18854 15.406371 990.547 24.532146 1262.8015 26.755823 1506.3993 57.034134 1511.6251 97.749626 nan nan nan nan nan nan nan nan nan nan nan nan 1e-07 1e-07 0.0 0.0 0.0 0.0 1
_Cos_40967966459698314 11 "HSC-SSP Public Data Release 4 (Wide)" 132.48433958878962 -0.284169678172412 1800.0 1 L r 40967966459698314 595.1943 15.346502 793.67004 22.853827 1335.2778 26.610157 2302.425 56.51401 2505.485 108.16182 nan nan nan nan nan nan nan nan nan nan nan nan 1e-07 1e-07 0.0 0.0 0.0 0.0 1
_Cos_40967966459707481 11 "HSC-SSP Public Data Release 4 (Wide)" 132.41765234931336 -0.4637362756619649 1800.0 1 L r 40967966459707481 950.2821 18.907524 1261.7091 31.25478 2141.535 33.958015 2938.3494 55.79461 2611.8555 111.499626 nan nan nan nan nan nan nan nan nan nan nan nan 1e-07 1e-07 0.0 0.0 0.0 0.0 1
_Cos_40967966459707755 11 "HSC-SSP Public Data Release 4 (Wide)" 132.40717104309525 -0.4583375994895376 1800.0 1 L r 40967966459707755 510.55554 27.540464 664.7695 40.587944 915.07385 33.46869 1175.0532 64.60666 1780.8683 162.34366 nan nan nan nan nan nan nan nan nan nan nan nan 1e-07 1e-07 0.0 0.0 0.0 0.0 1
_Cos_40967966459708038 11 "HSC-SSP Public Data Release 4 (Wide)" 132.41379385360676 -0.4494946717121196 1800.0 1 L r 40967966459708038 608.35767 17.331984 880.71857 35.49779 956.4767 33.33591 1340.3933 70.48923 1796.7571 153.41629 nan nan nan nan nan nan nan nan nan nan nan nan 1e-07 1e-07 0.0 0.0 0.0 0.0 1
_Cos_40967966459708252 11 "HSC-SSP Public Data Release 4 (Wide)" 132.4838256458863 -0.44661271484511605 1800.0 1 L r 40967966459708252 428.6347 16.74852 473.96884 27.08992 1098.4928 29.264862 1181.9154 50.724026 1751.758 105.25524 nan nan nan nan nan nan nan nan nan nan nan nan 1e-07 1e-07 0.0 0.0 0.0 0.0 1
_Cos_40967966459708442 11 "HSC-SSP Public Data Release 4 (Wide)" 132.33366360690837 -0.44060650574578664 1800.0 1 L r 40967966459708442 940.4468 20.490921 1197.9172 33.311012 1693.91 36.440094 2044.9543 66.14925 2456.168 152.6144 nan nan nan nan nan nan nan nan nan nan nan nan 1e-07 1e-07 0.0 0.0 0.0 0.0 1
_Cos_40967966459708549 11 "HSC-SSP Public Data Release 4 (Wide)" 132.46691094453786 -0.4383926870194527 1800.0 1 L r 40967966459708549 1449.7117 15.800681 1941.722 27.569801 3302.691 32.0228 1951.2964 61.083244 2852.1772 139.94858 nan nan nan nan nan nan nan nan nan nan nan nan 1e-07 1e-07 0.0 0.0 0.0 0.0 1
_Cos_40967966459708635 11 "HSC-SSP Public Data Release 4 (Wide)" 132.3871712904645 -0.4366559733783337 1800.0 1 L r 40967966459708635 694.9018 36.340626 505.99612 29.459816 1569.0925 40.70447 2467.9539 83.38769 3558.3457 207.85056 nan nan nan nan nan nan nan nan nan nan nan nan 1e-07 1e-07 0.0 0.0 0.0 0.0 1
_Cos_40967966459709530 11 "HSC-SSP Public Data Release 4 (Wide)" 132.3255812106248 -0.41786438413164123 1800.0 1 L r 40967966459709530 1298.8445 24.652937 1691.2787 42.172306 2324.3184 40.09556 3760.9316 73.16831 4488.1 156.87242 nan nan nan nan nan nan nan nan nan nan nan nan 1e-07 1e-07 0.0 0.0 0.0 0.0 1
_Cos_40967966459709533 11 "HSC-SSP Public Data Release 4 (Wide)" 132.34766358450648 -0.4178259822152715 1800.0 1 L r 40967966459709533 843.0774 33.98656 1131.5619 63.579163 1214.0071 46.009914 1214.9388 74.08512 1747.4949 150.644 nan nan nan nan nan nan nan nan nan nan nan nan 1e-07 1e-07 0.0 0.0 0.0 0.0 1
_Cos_40967966459709727 11 "HSC-SSP Public Data Release 4 (Wide)" 132.3794146040947 -0.41279552713944156 1800.0 1 L r 40967966459709727 461.34875 24.164152 625.0633 41.078102 1296.293 39.96245 1979.654 66.98628 2079.6113 125.8516 nan nan nan nan nan nan nan nan nan nan nan nan 1e-07 1e-07 0.0 0.0 0.0 0.0 1
_Cos_40967966459709881 11 "HSC-SSP Public Data Release 4 (Wide)" 132.4302864228584 -0.4094919962481851 1800.0 1 L r 40967966459709881 458.52188 16.02297 586.9786 25.90413 1956.9623 33.301613 2355.2112 57.882584 2779.9324 116.18511 nan nan nan nan nan nan nan nan nan nan nan nan 1e-07 1e-07 0.0 0.0 0.0 0.0 1
_Cos_40967966459710599 11 "HSC-SSP Public Data Release 4 (Wide)" 132.4119582806302 -0.3945698568220817 1800.0 1 L r 40967966459710599 1100.8077 22.715961 1352.074 34.57671 2319.9226 36.800735 2726.037 72.121544 3614.092 149.84578 nan nan nan nan nan nan nan nan nan nan nan nan 1e-07 1e-07 0.0 0.0 0.0 0.0 1
_Cos_40967966459710627 11 "HSC-SSP Public Data Release 4 (Wide)" 132.38238478020685 -0.39291855980748325 1800.0 1 L r 40967966459710627 702.42725 28.76801 671.564 43.77457 1127.66 46.467358 1332.2166 72.383255 1469.98 159.548 nan nan nan nan nan nan nan nan nan nan nan nan 1e-07 1e-07 0.0 0.0 0.0 0.0 1
_Cos_40967966459710797 11 "HSC-SSP Public Data Release 4 (Wide)" 132.3348241976023 -0.39195614623529 1800.0 1 L r 40967966459710797 794.624 29.178064 833.7016 40.824997 1101.8688 31.804586 1094.9214 61.113094 1383.657 122.692024 nan nan nan nan nan nan nan nan nan nan nan nan 1e-07 1e-07 0.0 0.0 0.0 0.0 1
_Cos_40967966459711220 11 "HSC-SSP Public Data Release 4 (Wide)" 132.38121803279864 -0.3819894762182516 1800.0 1 L r 40967966459711220 477.54794 24.597095 468.3783 37.0902 1166.7467 45.604538 1597.2424 74.19782 1689.3579 153.82216 nan nan nan nan nan nan nan nan nan nan nan nan 1e-07 1e-07 0.0 0.0 0.0 0.0 1
_Cos_40967966459711740 11 "HSC-SSP Public Data Release 4 (Wide)" 132.40054656272005 -0.36934707250951415 1800.0 1 L r 40967966459711740 887.74664 22.87894 1045.0621 34.154957 1337.0852 46.202457 1694.4087 80.04397 2795.24 172.47366 nan nan nan nan nan nan nan nan nan nan nan nan 1e-07 1e-07 0.0 0.0 0.0 0.0 1
_Cos_40967966459712027 11 "HSC-SSP Public Data Release 4 (Wide)" 132.4558757699829 -0.3657828595274082 1800.0 1 L r 40967966459712027 830.98663 18.22412 909.9377 26.972452 1056.0009 26.058191 1201.9991 52.207138 1324.1011 108.71812 nan nan nan nan nan nan nan nan nan nan nan nan 1e-07 1e-07 0.0 0.0 0.0 0.0 1
_Cos_40967966459712114 11 "HSC-SSP Public Data Release 4 (Wide)" 132.35362352770613 -0.361457811561243 1800.0 1 L r 40967966459712114 628.40845 23.919474 762.1658 39.216106 1121.6282 45.18261 1252.4631 85.88024 1607.4246 183.0609 nan nan nan nan nan nan nan nan nan nan nan nan 1e-07 1e-07 0.0 0.0 0.0 0.0 1
_Cos_40967966459712530 11 "HSC-SSP Public Data Release 4 (Wide)" 132.4698896231422 -0.35299749979042944 1800.0 1 L r 40967966459712530 459.20834 19.77715 553.4302 27.827034 913.04596 35.670124 1328.1624 66.084816 1714.7748 125.31159 nan nan nan nan nan nan nan nan nan nan nan nan 1e-07 1e-07 0.0 0.0 0.0 0.0 1
_Cos_40967966459713477 11 "HSC-SSP Public Data Release 4 (Wide)" 132.38109128831817 -0.33456086811544117 1800.0 1 L r 40967966459713477 987.4023 17.459064 958.9493 26.647238 1250.0602 25.009363 1264.508 54.951275 1315.9105 93.53814 nan nan nan nan nan nan nan nan nan nan nan nan 1e-07 1e-07 0.0 0.0 0.0 0.0 1
_Cos_40967966459713583 11 "HSC-SSP Public Data Release 4 (Wide)" 132.45481061274617 -0.3321871947970587 1800.0 1 L r 40967966459713583 696.6368 25.305386 797.27527 42.472107 1093.8511 32.949642 1558.8422 79.07202 2125.6257 142.54799 nan nan nan nan nan nan nan nan nan nan nan nan 1e-07 1e-07 0.0 0.0 0.0 0.0 1
_Cos_40967966459713646 11 "HSC-SSP Public Data Release 4 (Wide)" 132.4331776516082 -0.33018492664887183 1800.0 1 L r 40967966459713646 876.11993 23.505028 1363.3314 37.385098 2524.9397 40.401337 4214.7456 80.369225 4423.6855 154.99596 nan nan nan nan nan nan nan nan nan nan nan nan 1e-07 1e-07 0.0 0.0 0.0 0.0 1
_Cos_40967966459713703 11 "HSC-SSP Public Data Release 4 (Wide)" 132.4976209535827 -0.3292396563434072 1800.0 1 L r 40967966459713703 432.4617 17.478895 658.858 29.05388 1060.9171 33.3297 1531.8235 66.92113 1563.0879 119.99328 nan nan nan nan nan nan nan nan nan nan nan nan 1e-07 1e-07 0.0 0.0 0.0 0.0 1
_Cos_40967966459713962 11 "HSC-SSP Public Data Release 4 (Wide)" 132.47738651251402 -0.32314338000421283 1800.0 1 L r 40967966459713962 757.9243 29.520025 984.31494 41.113705 2133.1797 54.735508 1379.6084 99.19089 1326.7615 156.08574 nan nan nan nan nan nan nan nan nan nan nan nan 1e-07 1e-07 0.0 0.0 0.0 0.0 1
_Cos_40967966459714419 11 "HSC-SSP Public Data Release 4 (Wide)" 132.469212252175 -0.31344867005954274 1800.0 1 L r 40967966459714419 935.6024 43.149487 1226.5579 51.172646 2632.2717 76.361435 5263.1 142.55702 7338.104 270.13406 nan nan nan nan nan nan nan nan nan nan nan nan 1e-07 1e-07 0.0 0.0 0.0 0.0 1
_Cos_40967966459714632 11 "HSC-SSP Public Data Release 4 (Wide)" 132.49139721529275 -0.30749739244625407 1800.0 1 L r 40967966459714632 932.44257 24.189508 1093.5477 36.240986 1135.2365 38.410683 1227.1648 71.54475 1979.5597 143.01598 nan nan nan nan nan nan nan nan nan nan nan nan 1e-07 1e-07 0.0 0.0 0.0 0.0 1
_Cos_40967966459715014 11 "HSC-SSP Public Data Release 4 (Wide)" 132.4398900601901 -0.30110643841860685 1800.0 1 L r 40967966459715014 617.8436 17.559149 857.16113 29.414253 1420.8668 32.390774 2060.5964 66.826256 2781.8276 129.15894 nan nan nan nan nan nan nan nan nan nan nan nan 1e-07 1e-07 0.0 0.0 0.0 0.0 1
