output/Jan25/final/field_b_L3_visit2_final_targets.ecsv
# %ECSV 1.0
# ---
# datatype:
# - {name: ob_code, datatype: string}
# - {name: catId, datatype: int32}
# - {name: description, datatype: string}
# - {name: ra, datatype: float64}
# - {name: dec, datatype: float64}
# - {name: exptime, datatype: float64}
# - {name: priority, datatype: int32}
# - {name: resolution, datatype: string}
# - {name: reference_arm, datatype: string}
# - {name: obj_id, datatype: int64}
# - {name: g_hsc, datatype: float64}
# - {name: g_hsc_err, datatype: float64}
# - {name: r2_hsc, datatype: float64}
# - {name: r2_hsc_err, datatype: float64}
# - {name: i2_hsc, datatype: float64}
# - {name: i2_hsc_err, datatype: float64}
# - {name: z_hsc, datatype: float64}
# - {name: z_hsc_err, datatype: float64}
# - {name: y_hsc, datatype: float64}
# - {name: y_hsc_err, datatype: float64}
# - {name: epoch, datatype: float64}
# - {name: input_catalog_id, datatype: float64}
# - {name: psf_flux_g, datatype: float64}
# - {name: psf_flux_error_g, datatype: float64}
# - {name: psf_flux_r, datatype: float64}
# - {name: psf_flux_error_r, datatype: float64}
# - {name: psf_flux_i, datatype: float64}
# - {name: psf_flux_error_i, datatype: float64}
# - {name: psf_flux_z, datatype: float64}
# - {name: psf_flux_error_z, datatype: float64}
# - {name: psf_flux_y, datatype: float64}
# - {name: psf_flux_error_y, datatype: float64}
# - {name: parallax, datatype: float64}
# - {name: parallax_error, datatype: float64}
# - {name: pmra, datatype: float64}
# - {name: pmra_error, datatype: float64}
# - {name: pmdec, datatype: float64}
# - {name: pmdec_error, datatype: float64}
# - {name: target_type, datatype: int32}
# schema: astropy-2.0
ob_code catId description ra dec exptime priority resolution reference_arm obj_id g_hsc g_hsc_err r2_hsc r2_hsc_err i2_hsc i2_hsc_err z_hsc z_hsc_err y_hsc y_hsc_err epoch input_catalog_id psf_flux_g psf_flux_error_g psf_flux_r psf_flux_error_r psf_flux_i psf_flux_error_i psf_flux_z psf_flux_error_z psf_flux_y psf_flux_error_y parallax parallax_error pmra pmra_error pmdec pmdec_error target_type
[from data line 156]
_Cos_41755221080149537 11 "HSC-SSP Public Data Release 4 (Wide)" 37.67535371137474 1.2868489829429275 1800.0 1 L r 41755221080149537 540.061 22.442114 811.7744 56.635014 921.2569 33.330086 1737.7062 61.452568 2303.062 143.6548 nan nan nan nan nan nan nan nan nan nan nan nan 1e-07 1e-07 0.0 0.0 0.0 0.0 1
_Cos_41755221080149906 11 "HSC-SSP Public Data Release 4 (Wide)" 37.643855499749826 1.2944356462338151 1800.0 1 L r 41755221080149906 519.0869 32.137245 530.7637 58.93289 1183.6206 39.527943 1632.6151 70.003395 1645.9781 134.26335 nan nan nan nan nan nan nan nan nan nan nan nan 1e-07 1e-07 0.0 0.0 0.0 0.0 1
_Cos_41755221080149927 11 "HSC-SSP Public Data Release 4 (Wide)" 37.5320912608265 1.2948349965650607 1800.0 1 L r 41755221080149927 656.7307 28.384592 854.90607 33.99848 1111.6724 32.615166 1944.3236 61.90679 1831.4808 144.30183 nan nan nan nan nan nan nan nan nan nan nan nan 1e-07 1e-07 0.0 0.0 0.0 0.0 1
_Cos_41755221080151604 11 "HSC-SSP Public Data Release 4 (Wide)" 37.64185551075483 1.3331232133837956 1800.0 1 L r 41755221080151604 679.9782 25.883139 793.52264 34.84827 1012.97906 34.586998 1300.5308 48.90009 1196.124 110.32672 nan nan nan nan nan nan nan nan nan nan nan nan 1e-07 1e-07 0.0 0.0 0.0 0.0 1
_Cos_41755221080152068 11 "HSC-SSP Public Data Release 4 (Wide)" 37.52928702045563 1.3443302057004876 1800.0 1 L r 41755221080152068 504.42673 25.649143 715.73303 41.87697 1061.5917 53.039017 1432.9681 75.755806 1750.4167 196.82678 nan nan nan nan nan nan nan nan nan nan nan nan 1e-07 1e-07 0.0 0.0 0.0 0.0 1
_Cos_41755221080152388 11 "HSC-SSP Public Data Release 4 (Wide)" 37.63492517209453 1.3523444062594472 1800.0 1 L r 41755221080152388 1126.0228 22.932428 1212.5323 34.1809 1712.277 37.44197 2068.7385 54.908 3308.7107 184.21587 nan nan nan nan nan nan nan nan nan nan nan nan 1e-07 1e-07 0.0 0.0 0.0 0.0 1
_Cos_41755221080152572 11 "HSC-SSP Public Data Release 4 (Wide)" 37.509767665531875 1.3566367478953893 1800.0 1 L r 41755221080152572 1093.2959 20.66504 1287.9812 35.947315 1725.6146 36.525043 1734.362 63.01576 1842.5017 142.67923 nan nan nan nan nan nan nan nan nan nan nan nan 1e-07 1e-07 0.0 0.0 0.0 0.0 1
_Cos_41755221080152712 11 "HSC-SSP Public Data Release 4 (Wide)" 37.653113896067005 1.3598366240918514 1800.0 1 L r 41755221080152712 311.8461 30.024014 415.68613 31.240334 967.381 34.523106 1355.0299 49.52049 1391.2034 108.50624 nan nan nan nan nan nan nan nan nan nan nan nan 1e-07 1e-07 0.0 0.0 0.0 0.0 1
_Cos_41755221080153693 11 "HSC-SSP Public Data Release 4 (Wide)" 37.673972172087 1.3842215188041895 1800.0 1 L r 41755221080153693 739.81287 23.95271 975.0164 33.463688 1762.3568 48.839348 2300.1057 64.08337 2937.245 158.25192 nan nan nan nan nan nan nan nan nan nan nan nan 1e-07 1e-07 0.0 0.0 0.0 0.0 1
_Cos_41755221080163735 11 "HSC-SSP Public Data Release 4 (Wide)" 37.5753525834313 1.2151555294105068 1800.0 1 L r 41755221080163735 457.42636 39.502956 514.31274 48.18497 1325.423 83.74388 1104.3921 87.79892 715.4233 171.32762 nan nan nan nan nan nan nan nan nan nan nan nan 1e-07 1e-07 0.0 0.0 0.0 0.0 1
_Cos_41755221080163843 11 "HSC-SSP Public Data Release 4 (Wide)" 37.562647947603836 1.218326102722367 1800.0 1 L r 41755221080163843 538.0299 26.000412 658.88525 36.75357 1419.2162 45.64291 1444.9734 70.53012 1768.1431 149.93578 nan nan nan nan nan nan nan nan nan nan nan nan 1e-07 1e-07 0.0 0.0 0.0 0.0 1
_Cos_41755221080164305 11 "HSC-SSP Public Data Release 4 (Wide)" 37.615422073685274 1.2288530398536432 1800.0 1 L r 41755221080164305 851.6564 23.135054 1055.0979 32.361835 1378.8696 29.247732 1675.5105 52.51195 2049.5713 114.022156 nan nan nan nan nan nan nan nan nan nan nan nan 1e-07 1e-07 0.0 0.0 0.0 0.0 1
_Cos_41755221080164537 11 "HSC-SSP Public Data Release 4 (Wide)" 37.66523894582946 1.2371642590818834 1800.0 1 L r 41755221080164537 936.39856 34.17664 1003.21063 65.23195 1112.8296 55.05201 1078.8276 86.37819 1060.0621 191.06732 nan nan nan nan nan nan nan nan nan nan nan nan 1e-07 1e-07 0.0 0.0 0.0 0.0 1
_Cos_41755221080164584 11 "HSC-SSP Public Data Release 4 (Wide)" 37.53390719914091 1.2363447985847493 1800.0 1 L r 41755221080164584 934.5204 32.621098 1381.4636 51.53289 1959.9491 61.13865 3130.2712 113.26213 4935.362 240.59483 nan nan nan nan nan nan nan nan nan nan nan nan 1e-07 1e-07 0.0 0.0 0.0 0.0 1
_Cos_41755221080165028 11 "HSC-SSP Public Data Release 4 (Wide)" 37.58333372888207 1.2452138615860846 1800.0 1 L r 41755221080165028 236.7371 19.971468 351.54596 25.271975 1136.7944 26.554245 2279.1514 55.240173 3127.0334 114.14185 nan nan nan nan nan nan nan nan nan nan nan nan 1e-07 1e-07 0.0 0.0 0.0 0.0 1
_Cos_41755221080165098 11 "HSC-SSP Public Data Release 4 (Wide)" 37.527360353271796 1.2468152246720796 1800.0 1 L r 41755221080165098 966.12286 23.126263 1452.0604 33.090443 2038.7955 38.414818 2825.861 65.47808 2243.7825 166.80324 nan nan nan nan nan nan nan nan nan nan nan nan 1e-07 1e-07 0.0 0.0 0.0 0.0 1
_Cos_41755221080165349 11 "HSC-SSP Public Data Release 4 (Wide)" 37.66444472410333 1.252503056649622 1800.0 1 L r 41755221080165349 681.96045 24.631077 804.88525 55.996254 2215.018 52.59195 2528.1091 74.113396 2640.3142 146.53099 nan nan nan nan nan nan nan nan nan nan nan nan 1e-07 1e-07 0.0 0.0 0.0 0.0 1
_Cos_41755221080165404 11 "HSC-SSP Public Data Release 4 (Wide)" 37.533563749812124 1.2547435828496234 1800.0 1 L r 41755221080165404 1503.8682 28.263868 2113.3606 33.479626 2830.5984 46.739376 3611.585 93.96621 2867.3572 155.9613 nan nan nan nan nan nan nan nan nan nan nan nan 1e-07 1e-07 0.0 0.0 0.0 0.0 1
_Cos_41755221080165795 11 "HSC-SSP Public Data Release 4 (Wide)" 37.614543254312416 1.2648887445428336 1800.0 1 L r 41755221080165795 599.57794 25.133932 820.74 37.22009 1391.2252 36.00767 2128.335 97.646774 1959.5271 158.64622 nan nan nan nan nan nan nan nan nan nan nan nan 1e-07 1e-07 0.0 0.0 0.0 0.0 1
_Cos_41755221080166190 11 "HSC-SSP Public Data Release 4 (Wide)" 37.627064750122166 1.2752333355409877 1800.0 1 L r 41755221080166190 871.17395 20.727278 1012.26154 41.077164 1478.2997 24.933104 1965.7621 60.19676 2334.6904 99.576584 nan nan nan nan nan nan nan nan nan nan nan nan 1e-07 1e-07 0.0 0.0 0.0 0.0 1
_Cos_41755221080166706 11 "HSC-SSP Public Data Release 4 (Wide)" 37.558776278536456 1.2882081687161098 1800.0 1 L r 41755221080166706 857.3348 25.785156 1009.7077 37.325478 1457.0526 37.808216 2524.2065 76.37995 3114.6736 155.32318 nan nan nan nan nan nan nan nan nan nan nan nan 1e-07 1e-07 0.0 0.0 0.0 0.0 1
_Cos_41755221080166798 11 "HSC-SSP Public Data Release 4 (Wide)" 37.62234777868013 1.2904159939414104 1800.0 1 L r 41755221080166798 616.0997 20.510706 787.6271 42.149845 959.96814 25.581102 1118.1515 51.13852 1305.6173 98.72339 nan nan nan nan nan nan nan nan nan nan nan nan 1e-07 1e-07 0.0 0.0 0.0 0.0 1
_Cos_41755221080167342 11 "HSC-SSP Public Data Release 4 (Wide)" 37.638460298460295 1.3058503356883853 1800.0 1 L r 41755221080167342 573.92096 27.27517 1010.6248 58.885315 1135.4973 36.284397 2398.1907 63.900463 2533.809 153.0812 nan nan nan nan nan nan nan nan nan nan nan nan 1e-07 1e-07 0.0 0.0 0.0 0.0 1
_Cos_41755221080167516 11 "HSC-SSP Public Data Release 4 (Wide)" 37.67324485927747 1.308873566872431 1800.0 1 L r 41755221080167516 697.33734 28.060635 1008.3861 45.15698 1636.4064 42.148956 2550.149 79.13995 2917.4094 166.21394 nan nan nan nan nan nan nan nan nan nan nan nan 1e-07 1e-07 0.0 0.0 0.0 0.0 1
_Cos_41755221080167558 11 "HSC-SSP Public Data Release 4 (Wide)" 37.579669752152945 1.3092694453401665 1800.0 1 L r 41755221080167558 521.13245 23.664755 715.367 44.10676 1162.3231 36.13077 1799.024 72.124794 1460.9087 128.98605 nan nan nan nan nan nan nan nan nan nan nan nan 1e-07 1e-07 0.0 0.0 0.0 0.0 1
_Cos_41755221080168117 11 "HSC-SSP Public Data Release 4 (Wide)" 37.600553878651255 1.3227015082644826 1800.0 1 L r 41755221080168117 592.35876 25.248304 776.2411 41.78577 1609.7837 44.471565 1561.7784 60.3082 3097.4536 157.1105 nan nan nan nan nan nan nan nan nan nan nan nan 1e-07 1e-07 0.0 0.0 0.0 0.0 1
_Cos_41755221080168296 11 "HSC-SSP Public Data Release 4 (Wide)" 37.51766507460761 1.3275577084902466 1800.0 1 L r 41755221080168296 579.62555 41.049347 816.58276 43.887764 2505.6533 48.955063 3220.7788 79.98263 2271.0518 140.90941 nan nan nan nan nan nan nan nan nan nan nan nan 1e-07 1e-07 0.0 0.0 0.0 0.0 1
_Cos_41755221080168549 11 "HSC-SSP Public Data Release 4 (Wide)" 37.62653738644813 1.332858852221035 1800.0 1 L r 41755221080168549 648.747 28.25258 872.96216 52.76415 1044.2142 40.550095 1312.8024 64.57391 1654.3589 111.394 nan nan nan nan nan nan nan nan nan nan nan nan 1e-07 1e-07 0.0 0.0 0.0 0.0 1
_Cos_41755221080168680 11 "HSC-SSP Public Data Release 4 (Wide)" 37.504967166745935 1.335775255686422 1800.0 1 L r 41755221080168680 693.2773 20.930063 851.36774 32.16737 1333.5853 33.168465 1801.5048 55.016525 1907.5177 142.44357 nan nan nan nan nan nan nan nan nan nan nan nan 1e-07 1e-07 0.0 0.0 0.0 0.0 1
_Cos_41755221080169083 11 "HSC-SSP Public Data Release 4 (Wide)" 37.60294866692978 1.3459541652107505 1800.0 1 L r 41755221080169083 302.71796 24.498371 361.53232 37.99314 1266.2214 45.995087 2129.7595 73.20647 2061.6003 169.5332 nan nan nan nan nan nan nan nan nan nan nan nan 1e-07 1e-07 0.0 0.0 0.0 0.0 1
_Cos_41755221080169267 11 "HSC-SSP Public Data Release 4 (Wide)" 37.58018447847225 1.3520601606262108 1800.0 1 L r 41755221080169267 1397.6155 22.877142 1569.3549 39.7526 2163.0073 33.056946 3141.595 58.454834 3155.3354 147.43304 nan nan nan nan nan nan nan nan nan nan nan nan 1e-07 1e-07 0.0 0.0 0.0 0.0 1
_Cos_41755221080169545 11 "HSC-SSP Public Data Release 4 (Wide)" 37.68200685242018 1.3594368274280944 1800.0 1 L r 41755221080169545 646.3048 41.11504 984.34973 38.517487 2715.5005 51.541813 4949.215 78.50398 7433.347 177.35342 nan nan nan nan nan nan nan nan nan nan nan nan 1e-07 1e-07 0.0 0.0 0.0 0.0 1
_Cos_41755221080169781 11 "HSC-SSP Public Data Release 4 (Wide)" 37.608558560730955 1.365430418154 1800.0 1 L r 41755221080169781 1033.6317 24.791786 1195.7921 43.433693 1327.534 55.62562 1864.3301 66.640175 1417.8505 143.22302 nan nan nan nan nan nan nan nan nan nan nan nan 1e-07 1e-07 0.0 0.0 0.0 0.0 1
_Cos_41755221080169822 11 "HSC-SSP Public Data Release 4 (Wide)" 37.572970657431156 1.3656434415827094 1800.0 1 L r 41755221080169822 836.6107 34.07714 1321.1831 43.276962 1511.7772 43.160416 2426.2073 80.993385 2794.3062 231.91795 nan nan nan nan nan nan nan nan nan nan nan nan 1e-07 1e-07 0.0 0.0 0.0 0.0 1
_Cos_41755221080169921 11 "HSC-SSP Public Data Release 4 (Wide)" 37.600093325576026 1.3682392188049564 1800.0 1 L r 41755221080169921 623.9111 32.211956 870.558 44.743835 1075.8965 48.661884 2501.3142 84.10962 2183.9233 166.54015 nan nan nan nan nan nan nan nan nan nan nan nan 1e-07 1e-07 0.0 0.0 0.0 0.0 1
_Cos_41755221080170297 11 "HSC-SSP Public Data Release 4 (Wide)" 37.539411253778475 1.3765426829689316 1800.0 1 L r 41755221080170297 1047.6077 33.25886 1411.4532 60.844097 1566.0968 48.91782 1703.4912 82.933105 2443.2302 175.47656 nan nan nan nan nan nan nan nan nan nan nan nan 1e-07 1e-07 0.0 0.0 0.0 0.0 1
_Cos_41755221080170696 11 "HSC-SSP Public Data Release 4 (Wide)" 37.530262728770374 1.3861309620983429 1800.0 1 L r 41755221080170696 767.8513 26.116373 851.3238 42.67892 1321.6837 42.67918 1682.1342 69.89649 1917.7097 156.02579 nan nan nan nan nan nan nan nan nan nan nan nan 1e-07 1e-07 0.0 0.0 0.0 0.0 1
_Cos_41755221080170750 11 "HSC-SSP Public Data Release 4 (Wide)" 37.51940674024941 1.3875026160565564 1800.0 1 L r 41755221080170750 1170.7965 24.490368 1481.8497 39.615257 1934.546 42.647877 1789.6494 66.72355 2767.7515 158.14017 nan nan nan nan nan nan nan nan nan nan nan nan 1e-07 1e-07 0.0 0.0 0.0 0.0 1
_Cos_41755221080170875 11 "HSC-SSP Public Data Release 4 (Wide)" 37.62856687796247 1.3906782570664888 1800.0 1 L r 41755221080170875 909.19415 23.013054 975.5948 32.186768 1155.6566 30.892635 1261.1178 58.532097 1775.7301 124.937584 nan nan nan nan nan nan nan nan nan nan nan nan 1e-07 1e-07 0.0 0.0 0.0 0.0 1
_Cos_41755221080170989 11 "HSC-SSP Public Data Release 4 (Wide)" 37.599709533017794 1.393303049699672 1800.0 1 L r 41755221080170989 754.07227 33.12748 844.407 36.19826 1489.0597 33.159206 2051.3237 55.96569 3836.7898 193.81218 nan nan nan nan nan nan nan nan nan nan nan nan 1e-07 1e-07 0.0 0.0 0.0 0.0 1
_Cos_41755225375114553 11 "HSC-SSP Public Data Release 4 (Wide)" 37.674599330525254 1.4218965463347002 1800.0 1 L r 41755225375114553 1039.3502 24.472168 1276.8104 31.343594 1998.7385 41.246315 2485.7676 72.32724 3771.4226 131.93176 nan nan nan nan nan nan nan nan nan nan nan nan 1e-07 1e-07 0.0 0.0 0.0 0.0 1
_Cos_41755225375117117 11 "HSC-SSP Public Data Release 4 (Wide)" 37.63911849317495 1.476134703302452 1800.0 1 L r 41755225375117117 969.56665 27.936762 1150.9818 33.362522 1867.5114 41.432205 2529.0242 49.276264 2255.643 122.47887 nan nan nan nan nan nan nan nan nan nan nan nan 1e-07 1e-07 0.0 0.0 0.0 0.0 1
_Cos_41755225375131957 11 "HSC-SSP Public Data Release 4 (Wide)" 37.52566078944925 1.4040369012293996 1800.0 1 L r 41755225375131957 751.1123 31.389997 824.30304 45.17781 980.9583 48.170685 851.6679 77.867485 1052.164 142.22263 nan nan nan nan nan nan nan nan nan nan nan nan 1e-07 1e-07 0.0 0.0 0.0 0.0 1
_Cos_41755225375132236 11 "HSC-SSP Public Data Release 4 (Wide)" 37.66997604660356 1.4124383427102953 1800.0 1 L r 41755225375132236 352.3458 28.831957 475.09442 37.57937 961.99286 43.100975 1051.8999 55.37152 1149.704 144.26726 nan nan nan nan nan nan nan nan nan nan nan nan 1e-07 1e-07 0.0 0.0 0.0 0.0 1
_Cos_41755225375132744 11 "HSC-SSP Public Data Release 4 (Wide)" 37.66107451589168 1.4226877513358012 1800.0 1 L r 41755225375132744 882.9484 21.493193 1193.0963 27.061422 1329.6063 31.605972 1588.9487 54.50733 1535.1439 114.19894 nan nan nan nan nan nan nan nan nan nan nan nan 1e-07 1e-07 0.0 0.0 0.0 0.0 1
_Cos_41755225375133445 11 "HSC-SSP Public Data Release 4 (Wide)" 37.6281304828371 1.4370741541044376 1800.0 1 L r 41755225375133445 477.87637 26.765446 699.6492 40.81782 1186.3458 39.856483 1598.0145 65.83426 2530.7048 148.77531 nan nan nan nan nan nan nan nan nan nan nan nan 1e-07 1e-07 0.0 0.0 0.0 0.0 1
_Cos_41755225375133483 11 "HSC-SSP Public Data Release 4 (Wide)" 37.66180384922806 1.4376043932020584 1800.0 1 L r 41755225375133483 905.7038 23.307625 1156.8175 27.489666 1959.0513 34.61043 2843.9827 54.31909 3184.9514 112.77673 nan nan nan nan nan nan nan nan nan nan nan nan 1e-07 1e-07 0.0 0.0 0.0 0.0 1
_Cos_41755225375133651 11 "HSC-SSP Public Data Release 4 (Wide)" 37.61253051866623 1.4414943710989314 1800.0 1 L r 41755225375133651 498.47235 20.865683 667.0007 35.654026 1085.5436 30.106796 1093.1322 44.195847 1709.9673 113.73154 nan nan nan nan nan nan nan nan nan nan nan nan 1e-07 1e-07 0.0 0.0 0.0 0.0 1
_Cos_41755225375134932 11 "HSC-SSP Public Data Release 4 (Wide)" 37.54140854505204 1.4679088014614021 1800.0 1 L r 41755225375134932 1634.7075 20.474817 2123.839 36.9017 2275.0654 26.282404 2424.6963 46.81118 2536.8845 119.59479 nan nan nan nan nan nan nan nan nan nan nan nan 1e-07 1e-07 0.0 0.0 0.0 0.0 1
_Cos_41755225375135173 11 "HSC-SSP Public Data Release 4 (Wide)" 37.51841550955146 1.4735186514158063 1800.0 1 L r 41755225375135173 975.0367 25.25755 1132.0123 60.203354 1124.8073 25.90299 1334.5018 54.399517 1819.7607 131.11292 nan nan nan nan nan nan nan nan nan nan nan nan 1e-07 1e-07 0.0 0.0 0.0 0.0 1
_Cos_41755225375135538 11 "HSC-SSP Public Data Release 4 (Wide)" 37.510493656741644 1.4794233461402708 1800.0 1 L r 41755225375135538 317.52475 22.463667 348.65314 66.673676 2063.7883 77.9297 1961.7501 93.98327 989.003 148.94073 nan nan nan nan nan nan nan nan nan nan nan nan 1e-07 1e-07 0.0 0.0 0.0 0.0 1
