output/Jan25/final/field_e_L2_visit2_final_targets.ecsv
# %ECSV 1.0
# ---
# datatype:
# - {name: ob_code, datatype: string}
# - {name: catId, datatype: int32}
# - {name: description, datatype: string}
# - {name: ra, datatype: float64}
# - {name: dec, datatype: float64}
# - {name: exptime, datatype: float64}
# - {name: priority, datatype: int32}
# - {name: resolution, datatype: string}
# - {name: reference_arm, datatype: string}
# - {name: obj_id, datatype: int64}
# - {name: g_hsc, datatype: float64}
# - {name: g_hsc_err, datatype: float64}
# - {name: r2_hsc, datatype: float64}
# - {name: r2_hsc_err, datatype: float64}
# - {name: i2_hsc, datatype: float64}
# - {name: i2_hsc_err, datatype: float64}
# - {name: z_hsc, datatype: float64}
# - {name: z_hsc_err, datatype: float64}
# - {name: y_hsc, datatype: float64}
# - {name: y_hsc_err, datatype: float64}
# - {name: epoch, datatype: float64}
# - {name: input_catalog_id, datatype: float64}
# - {name: psf_flux_g, datatype: float64}
# - {name: psf_flux_error_g, datatype: float64}
# - {name: psf_flux_r, datatype: float64}
# - {name: psf_flux_error_r, datatype: float64}
# - {name: psf_flux_i, datatype: float64}
# - {name: psf_flux_error_i, datatype: float64}
# - {name: psf_flux_z, datatype: float64}
# - {name: psf_flux_error_z, datatype: float64}
# - {name: psf_flux_y, datatype: float64}
# - {name: psf_flux_error_y, datatype: float64}
# - {name: parallax, datatype: float64}
# - {name: parallax_error, datatype: float64}
# - {name: pmra, datatype: float64}
# - {name: pmra_error, datatype: float64}
# - {name: pmdec, datatype: float64}
# - {name: pmdec_error, datatype: float64}
# - {name: target_type, datatype: int32}
# schema: astropy-2.0
ob_code catId description ra dec exptime priority resolution reference_arm obj_id g_hsc g_hsc_err r2_hsc r2_hsc_err i2_hsc i2_hsc_err z_hsc z_hsc_err y_hsc y_hsc_err epoch input_catalog_id psf_flux_g psf_flux_error_g psf_flux_r psf_flux_error_r psf_flux_i psf_flux_error_i psf_flux_z psf_flux_error_z psf_flux_y psf_flux_error_y parallax parallax_error pmra pmra_error pmdec pmdec_error target_type
[from data line 1383]
_Star_3074582923304931712 3006 Fstar_v3.3 132.84005283116178 -0.1407365258259632 1800.0 1 L r 3074582923304931712 nan nan nan nan nan nan nan nan nan nan 2016.0 3006.0 344846.92 1755.78 373960.8 1238.92 369101.66 1363.9 352912.17 2468.71 349483.13 2713.18 0.1257071962082356 0.09718808 -2.859707316073342 0.10582452 -3.0523403285849886 0.083306365 3
_Star_3074585392910236672 3006 Fstar_v3.3 132.86511291099734 -0.0864165711471483 1800.0 1 L r 3074585392910236672 nan nan nan nan nan nan nan nan nan nan 2016.0 3006.0 36656.09 775.97 36913.6 490.84 34611.96 534.58 34532.34 977.19 29332.28 2790.65 3.2139712259154205 0.46065843 -15.809784599029872 0.51112705 3.330594576308646 0.43528077 3
_Star_3074632607486609408 3006 Fstar_v3.3 132.7943383579418 -0.0495521891351261 1800.0 1 L r 3074632607486609408 nan nan nan nan nan nan nan nan nan nan 2016.0 3006.0 248854.9 1707.8 333876.59 782.92 368354.8 1426.96 380002.44 1117.53 390684.63 1785.5 0.1467233094852801 0.10684952 -3.0682138732524264 0.11424207 -0.3890850487963509 0.09251493 3
_Star_3074585672083987456 3006 Fstar_v3.3 132.84938961026396 -0.0645023568503536 1800.0 1 L r 3074585672083987456 nan nan nan nan nan nan nan nan nan nan 2016.0 3006.0 193903.62 805.27 241627.5 982.55 258646.41 1312.6 255897.63 974.58 257102.53 2200.35 0.1600984779452009 0.1300152 -1.2239370416674098 0.1478067 0.6800388645877483 0.10940832 3
_Star_3074633118586912768 3006 Fstar_v3.3 132.8522303364361 -0.0201242624427227 1800.0 1 L r 3074633118586912768 nan nan nan nan nan nan nan nan nan nan 2016.0 3006.0 34861.49 823.59 41174.28 1036.47 48886.23 1189.85 46750.53 1443.63 46853.96 2629.77 -0.0327190032995039 0.46312028 0.693206400202584 0.52245325 0.3249511330887496 0.4177444 3
_Star_3074585500285290368 3006 Fstar_v3.3 132.87565296028836 -0.068240657894973 1800.0 1 L r 3074585500285290368 nan nan nan nan nan nan nan nan nan nan 2016.0 3006.0 26333.34 1078.6 33612.94 478.47 35907.58 294.41 37801.23 592.85 40830.62 2422.08 0.6034181888553759 0.57213455 -0.4002253898856113 0.6262178 0.1457419468126185 0.5347286 3
_Star_3074586015681353216 3006 Fstar_v3.3 132.90377481619828 -0.0312486277716297 1800.0 1 L r 3074586015681353216 nan nan nan nan nan nan nan nan nan nan 2016.0 3006.0 44605.28 366.75 53666.87 437.4 58305.07 684.63 54533.9 1117.81 59290.66 3660.86 0.0631974141429452 0.37544173 -0.5211861979955832 0.44874373 0.1683201569431975 0.35476175 3
_Star_3074565777795490304 3006 Fstar_v3.3 132.92299397350428 -0.2927317149889919 1800.0 1 L r 3074565777795490304 nan nan nan nan nan nan nan nan nan nan 2016.0 3006.0 22969.22 462.99 29943.78 491.43 33830.35 492.25 33964.57 2023.57 39893.86 2328.04 0.0618148450611273 0.65404195 0.2969472561575505 0.8893127000000001 -0.7027844039811821 0.6058479 3
_Star_3074564914505952512 3006 Fstar_v3.3 133.02656829740582 -0.326097970894215 1800.0 1 L r 3074564914505952512 nan nan nan nan nan nan nan nan nan nan 2016.0 3006.0 71995.67 1112.36 88288.99 692.09 93692.77 580.07 94847.54 813.74 93934.71 1723.59 -0.0187105662332349 0.30257112 -1.1119902805119062 0.342714 0.1461282372783085 0.23028408 3
_Star_3074578314803992832 3006 Fstar_v3.3 132.9405060297163 -0.2253773957082351 1800.0 1 L r 3074578314803992832 nan nan nan nan nan nan nan nan nan nan 2016.0 3006.0 424606.47 1249.49 457157.58 1432.86 447658.16 1665.73 432261.41 2480.73 423356.66 4243.56 -0.0328652992145569 0.083602384 -0.9414296187240752 0.097406656 -3.780835442639402 0.07240738 3
_Star_3074580861720612736 3006 Fstar_v3.3 132.93967699769414 -0.181252690653749 1800.0 1 L r 3074580861720612736 nan nan nan nan nan nan nan nan nan nan 2016.0 3006.0 51635.22 324.58 67662.24 425.89 74155.93 546.88 76493.8 1852.08 77657.97 1286.25 -0.1706010165115323 0.31355384 -0.2717495001438822 0.3247204 0.2317656874453078 0.262663 3
_Star_3074566769931870336 3006 Fstar_v3.3 133.08703175323987 -0.2615155558528367 1800.0 1 L r 3074566769931870336 nan nan nan nan nan nan nan nan nan nan 2016.0 3006.0 389857.8 2132.53 524597.49 1300.7 578930.39 2625.02 595094.84 3103.91 602429.41 4494.35 0.3192513840038422 0.084779546 -4.4872674311450265 0.09403477 -2.03064954723198 0.06392268 3
_Star_3074568316120150528 3006 Fstar_v3.3 133.06529309415075 -0.2038099280228291 1800.0 1 L r 3074568316120150528 nan nan nan nan nan nan nan nan nan nan 2016.0 3006.0 241560.87 1806.58 311104.21 844.43 336780.16 1315.5 341591.04 1589.13 347268.9 2844.07 0.2580132545388265 0.1191047 -1.2614389731696978 0.12367813 0.6369099122477452 0.08484104 3
_Star_3074581338461061376 3006 Fstar_v3.3 132.9135691697743 -0.1307850507622422 1800.0 1 L r 3074581338461061376 nan nan nan nan nan nan nan nan nan nan 2016.0 3006.0 327692.13 957.36 413491.15 1882.49 441881.78 1369.11 445600.92 1023.98 442982.34 5027.4 0.139898592788328 0.091667466 -2.377660812869084 0.096201286 0.3817275413876995 0.07526608 3
_Star_3074581823793267584 3006 Fstar_v3.3 132.9724303978128 -0.1062451685421984 1800.0 1 L r 3074581823793267584 nan nan nan nan nan nan nan nan nan nan 2016.0 3006.0 36541.52 606.55 47733.87 508.89 51583.0 819.16 53116.11 1617.21 52122.62 2094.77 0.510957161396464 0.39292213 -2.138129824840137 0.45087993 0.2202607815637406 0.32323334 3
_Star_3074605115400063744 3006 Fstar_v3.3 133.01232259109767 -0.0855593547486569 1800.0 1 L r 3074605115400063744 nan nan nan nan nan nan nan nan nan nan 2016.0 3006.0 61510.07 882.88 78391.0 478.11 84860.59 561.97 87053.5 1067.43 88386.6 1309.19 -0.4328428512987445 0.3037158 -1.0392994614289637 0.3167353 -2.105212435326095 0.23782931 3
_Star_3074605085336125568 3006 Fstar_v3.3 133.03079163936934 -0.0892663133549422 1800.0 1 L r 3074605085336125568 nan nan nan nan nan nan nan nan nan nan 2016.0 3006.0 26840.23 589.57 33084.63 440.17 35083.77 667.27 33690.38 805.2 38235.48 2954.71 -0.4861031153927057 0.7011678000000001 -1.2278805602104843 0.7134529000000001 0.6647509992937347 0.44114187 3
_Star_3074585977025853312 3006 Fstar_v3.3 132.92568445248517 -0.0342607020923522 1800.0 1 L r 3074585977025853312 nan nan nan nan nan nan nan nan nan nan 2016.0 3006.0 55150.1 472.34 69628.35 613.53 76903.54 1068.62 75513.79 1018.57 81949.53 3019.21 0.294129783629652 0.29488733 -1.740525742238122 0.313892 -2.151140155824092 0.22985029 3
_Star_3074609169849290368 3006 Fstar_v3.3 133.0039456796944 -0.0046492730554191 1800.0 1 L r 3074609169849290368 nan nan nan nan nan nan nan nan nan nan 2016.0 3006.0 106127.02 877.37 144726.0 751.13 163963.26 1023.89 168525.63 1832.97 172928.24 1227.36 -0.1375812264252299 0.17941485 -0.3846124960796301 0.18200022 -2.137171676920908 0.13788165 3
_Star_3074591921260448128 3006 Fstar_v3.3 133.0987192957507 -0.1608705042527241 1800.0 1 L r 3074591921260448128 nan nan nan nan nan nan nan nan nan nan 2016.0 3006.0 24929.07 540.77 29033.96 688.91 37196.83 446.64 42020.98 1891.91 48683.97 4248.64 -0.1923459974315134 0.5827095999999999 0.3947961073295458 0.63177806 -0.1717432788426371 0.4532721 3
_Star_3074607520581846912 3006 Fstar_v3.3 133.08274656289228 -0.0065770005623034 1800.0 1 L r 3074607520581846912 nan nan nan nan nan nan nan nan nan nan 2016.0 3006.0 47100.55 922.98 59619.25 428.42 63175.1 831.31 65703.15 943.12 69872.44 2885.09 0.3075197132927313 0.3600977 -1.1313771089189375 0.35440758 -0.3758522925279244 0.27291775 3
_Star_3074604707378980608 3006 Fstar_v3.3 133.1198736019882 -0.0694776169103797 1800.0 1 L r 3074604707378980608 nan nan nan nan nan nan nan nan nan nan 2016.0 3006.0 83850.69 477.05 108299.5 1438.86 120488.63 808.34 112446.65 2390.12 125125.61 2559.01 -0.1973194960700522 0.22467048 -0.885087148768149 0.21886769 1.095587605528796 0.15557179 3
_Star_3074374664634989184 3006 Fstar_v3.3 133.20363036128748 -0.3442465494466583 1800.0 1 L r 3074374664634989184 nan nan nan nan nan nan nan nan nan nan 2016.0 3006.0 130432.52 394.64 180196.42 927.59 200588.52 572.72 206931.27 1279.05 216225.28 2725.78 0.2045950467714626 0.1957643 -2.678011465068616 0.22708008 -3.5311805536469114 0.11863665 3
_Star_3074563029016531328 3006 Fstar_v3.3 133.18522374368678 -0.3043483404832112 1800.0 1 L r 3074563029016531328 nan nan nan nan nan nan nan nan nan nan 2016.0 3006.0 455225.39 1793.25 556552.3 1391.21 585094.63 1400.04 585957.63 2850.09 588608.06 8562.91 0.1539107422372024 0.07796659 -1.51770483000122 0.087887615 1.4643326573610336 0.056841075 3
_Star_3074563918073581696 3006 Fstar_v3.3 133.15896870749722 -0.2674319337877248 1800.0 1 L r 3074563918073581696 nan nan nan nan nan nan nan nan nan nan 2016.0 3006.0 58736.23 1129.46 82274.66 758.31 91282.25 684.19 95434.69 1510.8 94272.78 2006.69 0.3353434260795848 0.3111314000000001 -2.190849340097874 0.33444476 -1.5584654520071235 0.20585632 3
_Star_3074590791685131008 3006 Fstar_v3.3 133.1646249885257 -0.2027585837471529 1800.0 1 L r 3074590791685131008 nan nan nan nan nan nan nan nan nan nan 2016.0 3006.0 58860.81 348.64 73246.39 900.96 80795.37 697.42 82002.38 1262.21 78832.64 3532.5 0.5308628018923793 0.32134065 -3.521221462856256 0.3503005 -8.361161230883804 0.22026612 3
_Star_3074588283424227584 3006 Fstar_v3.3 133.218354918993 -0.1949420479073412 1800.0 1 L r 3074588283424227584 nan nan nan nan nan nan nan nan nan nan 2016.0 3006.0 73239.7 514.96 103701.84 773.75 119065.6 343.79 122209.8 898.34 131336.83 1846.42 0.5228719495026652 0.26433152 -1.6720433537090238 0.27376947 -1.6698209048642223 0.16153786 3
_Star_3074606146192233984 3006 Fstar_v3.3 133.15911848652962 -0.0681730483381747 1800.0 1 L r 3074606146192233984 nan nan nan nan nan nan nan nan nan nan 2016.0 3006.0 16322.5 481.69 17711.95 509.84 22577.01 528.09 25599.2 1154.13 34961.21 2967.4 -0.5636425351266502 0.9608515 0.4040400174179422 0.8474715 -0.3860072752786037 0.69280326 3
_Star_3075021624149094144 3006 Fstar_v3.3 132.0958220562865 0.0415015887250311 1800.0 1 L r 3075021624149094144 nan nan nan nan nan nan nan nan nan nan 2016.0 3006.0 114021.29 737.12 154919.43 871.38 172419.53 1542.94 175091.88 1720.86 173742.48 4064.74 0.2564977614742714 0.18813467 -1.2084621285767168 0.18299466 0.7627699194454189 0.14409927 3
_Star_3075021692868594944 3006 Fstar_v3.3 132.080846747409 0.0584513812666339 1800.0 1 L r 3075021692868594944 nan nan nan nan nan nan nan nan nan nan 2016.0 3006.0 211205.86 877.71 269144.97 1393.15 296829.06 922.69 293296.05 2237.53 296200.85 2137.75 0.104765118906541 0.12189221 -4.797999825923789 0.12532817 -5.703992861877409 0.0913691 3
_Star_3075395664260852736 3006 Fstar_v3.3 132.17993197812834 0.0132118391994716 1800.0 1 L r 3075395664260852736 nan nan nan nan nan nan nan nan nan nan 2016.0 3006.0 63971.49 280.81 77600.82 415.69 82921.38 509.95 82441.63 1158.87 82974.86 1108.28 0.1980714258689242 0.28843987 -1.1412345611656078 0.2837638 0.9050609341481364 0.19958816 3
_Star_3074645110135938304 3006 Fstar_v3.3 132.22504015385522 0.0163361172837297 1800.0 1 L r 3074645110135938304 nan nan nan nan nan nan nan nan nan nan 2016.0 3006.0 121402.02 1266.64 156194.79 1727.91 173454.89 771.63 175382.48 1930.0 178347.15 1843.53 -0.1619546291956294 0.16881615 -0.1619574408313137 0.17096308 -5.4681379634874165 0.120722175 3
_Star_3075397897643120384 3006 Fstar_v3.3 132.27438809345108 0.101333749018383 1800.0 1 L r 3075397897643120384 nan nan nan nan nan nan nan nan nan nan 2016.0 3006.0 63087.93 502.33 78673.13 534.69 84954.41 1343.4 83035.96 1575.08 91290.59 3027.95 0.2591791757493258 0.2785635 -2.042157121886932 0.27119556 -0.6654549240632162 0.20910884 3
_Star_3074646381446315648 3006 Fstar_v3.3 132.40045895749753 0.0628990153016797 1800.0 1 L r 3074646381446315648 nan nan nan nan nan nan nan nan nan nan 2016.0 3006.0 170069.48 683.42 210351.99 726.34 221261.74 1102.5 222816.13 1898.71 224153.73 1671.45 -0.0815701638131768 0.12318902 -1.71792580097156 0.12834586 0.528352979629897 0.10534208 3
_Star_3074653803149916544 3006 Fstar_v3.3 132.39239499950173 0.1606762300847273 1800.0 1 L r 3074653803149916544 nan nan nan nan nan nan nan nan nan nan 2016.0 3006.0 59685.16 714.03 82867.94 572.36 95425.97 575.33 97819.7 1648.11 97047.92 1651.56 -0.0090337527608185 0.25181744 -0.7722966424487306 0.2573364 1.2566420467620991 0.19205317 3
_Star_3075399890507963392 3006 Fstar_v3.3 132.28604541366028 0.2082789641981137 1800.0 1 L r 3075399890507963392 nan nan nan nan nan nan nan nan nan nan 2016.0 3006.0 92705.68 424.96 118780.84 521.41 125010.48 850.88 134681.05 864.72 138978.09 2411.59 0.136305863542832 0.17717072 2.7489223352062613 0.1989876 -0.9436447327754764 0.14184588 3
_Star_3075410129710023936 3006 Fstar_v3.3 132.25616759383522 0.3108220055479842 1800.0 1 L r 3075410129710023936 nan nan nan nan nan nan nan nan nan nan 2016.0 3006.0 72088.56 623.92 94298.78 622.64 102893.05 805.72 103577.67 1529.72 105115.42 987.32 0.0150596059158766 0.20861 -0.9980871997005558 0.2316431 0.3783360449019918 0.16622578 3
_Star_3075410580681908736 3006 Fstar_v3.3 132.29500873780913 0.3307341417917372 1800.0 1 L r 3075410580681908736 nan nan nan nan nan nan nan nan nan nan 2016.0 3006.0 14775.64 541.78 18985.68 323.53 19187.86 319.17 19776.35 1196.4 21345.51 2366.01 2.636040695547796 1.071582 27.42304192243456 1.1584758 -55.48572719689778 1.0794116000000002 3
_Star_3075405903462183552 3006 Fstar_v3.3 132.32767342147872 0.2345910910563442 1800.0 1 L r 3075405903462183552 nan nan nan nan nan nan nan nan nan nan 2016.0 3006.0 54373.38 130.16 70811.94 669.88 75764.53 1003.95 73726.89 1524.13 75132.18 4232.78 -0.635868269331316 0.2706451 -0.0584625107981981 0.30773142 -3.702649025765645 0.22672227 3
_Star_3075404975749241216 3006 Fstar_v3.3 132.4099154788228 0.2030398296103366 1800.0 1 L r 3075404975749241216 nan nan nan nan nan nan nan nan nan nan 2016.0 3006.0 86637.61 733.17 111364.44 536.85 120388.76 658.97 121011.3 1007.89 124619.53 1266.24 0.0388303225952731 0.19165699 -1.0714204005017542 0.19226877 0.0851220006015127 0.14980061 3
_Star_3075407793247809536 3006 Fstar_v3.3 132.40806766182507 0.2949258170301317 1800.0 1 L r 3075407793247809536 nan nan nan nan nan nan nan nan nan nan 2016.0 3006.0 156439.46 1038.43 198128.26 1217.53 216304.68 2590.11 214894.98 2089.3 220448.14 1356.11 -0.0035075495798488 0.13447076 2.6091813255464267 0.14626546 -6.489707011642192 0.10487007 3
_Star_3074653974948607104 3006 Fstar_v3.3 132.4437100164319 0.1592869318762622 1800.0 1 L r 3074653974948607104 nan nan nan nan nan nan nan nan nan nan 2016.0 3006.0 25526.19 402.59 35907.58 677.32 41762.45 820.57 41597.41 1783.72 49216.0 3177.2 -1.0051169081980211 0.44860283 -1.4158009867224666 0.4656573000000001 -0.0777038764327687 0.34298918 3
_Star_3074649473822813568 3006 Fstar_v3.3 132.5057909279079 0.0994939455837766 1800.0 1 L r 3074649473822813568 nan nan nan nan nan nan nan nan nan nan 2016.0 3006.0 68812.29 987.56 89773.07 747.96 97209.0 692.0 97882.79 1845.89 101080.32 1726.04 0.0876621640659856 0.25477198 -1.490706873517737 0.26420084 0.3842063753188884 0.20455036 3
_Star_3074649856075308800 3006 Fstar_v3.3 132.52518200828143 0.1005197438650579 1800.0 1 L r 3074649856075308800 nan nan nan nan nan nan nan nan nan nan 2016.0 3006.0 283704.39 2101.91 382460.31 1026.83 425350.06 1350.4 440419.39 2118.66 441434.1 3120.06 0.286654036389195 0.089577876 -2.357336701530594 0.09040189 -0.5722756001538543 0.07581003 3
_Star_3074636004809492608 3006 Fstar_v3.3 132.61782630868214 9.786851797463593e-05 1800.0 1 L r 3074636004809492608 nan nan nan nan nan nan nan nan nan nan 2016.0 3006.0 19692.73 626.98 22032.62 433.76 24111.61 450.64 23381.18 1693.29 34115.09 6206.06 0.937289144151237 0.7117435000000001 1.027381223544472 0.73608077 -2.681310894292756 0.5921604 3
