output/Jan25/final/field_a_L4_visit2_final_targets.ecsv
# %ECSV 1.0
# ---
# datatype:
# - {name: ob_code, datatype: string}
# - {name: catId, datatype: int32}
# - {name: description, datatype: string}
# - {name: ra, datatype: float64}
# - {name: dec, datatype: float64}
# - {name: exptime, datatype: float64}
# - {name: priority, datatype: int32}
# - {name: resolution, datatype: string}
# - {name: reference_arm, datatype: string}
# - {name: obj_id, datatype: int64}
# - {name: g_hsc, datatype: float64}
# - {name: g_hsc_err, datatype: float64}
# - {name: r2_hsc, datatype: float64}
# - {name: r2_hsc_err, datatype: float64}
# - {name: i2_hsc, datatype: float64}
# - {name: i2_hsc_err, datatype: float64}
# - {name: z_hsc, datatype: float64}
# - {name: z_hsc_err, datatype: float64}
# - {name: y_hsc, datatype: float64}
# - {name: y_hsc_err, datatype: float64}
# - {name: epoch, datatype: float64}
# - {name: input_catalog_id, datatype: float64}
# - {name: psf_flux_g, datatype: float64}
# - {name: psf_flux_error_g, datatype: float64}
# - {name: psf_flux_r, datatype: float64}
# - {name: psf_flux_error_r, datatype: float64}
# - {name: psf_flux_i, datatype: float64}
# - {name: psf_flux_error_i, datatype: float64}
# - {name: psf_flux_z, datatype: float64}
# - {name: psf_flux_error_z, datatype: float64}
# - {name: psf_flux_y, datatype: float64}
# - {name: psf_flux_error_y, datatype: float64}
# - {name: parallax, datatype: float64}
# - {name: parallax_error, datatype: float64}
# - {name: pmra, datatype: float64}
# - {name: pmra_error, datatype: float64}
# - {name: pmdec, datatype: float64}
# - {name: pmdec_error, datatype: float64}
# - {name: target_type, datatype: int32}
# schema: astropy-2.0
ob_code catId description ra dec exptime priority resolution reference_arm obj_id g_hsc g_hsc_err r2_hsc r2_hsc_err i2_hsc i2_hsc_err z_hsc z_hsc_err y_hsc y_hsc_err epoch input_catalog_id psf_flux_g psf_flux_error_g psf_flux_r psf_flux_error_r psf_flux_i psf_flux_error_i psf_flux_z psf_flux_error_z psf_flux_y psf_flux_error_y parallax parallax_error pmra pmra_error pmdec pmdec_error target_type
[from data line 416]
_Cos_38553692328189553 11 "HSC-SSP Public Data Release 4 (Wide)" 35.88707721963957 -4.300373122152912 1800.0 1 L r 38553692328189553 762.4189 26.254238 466.52814 37.34341 1737.6354 51.46856 590.4624 62.042595 680.1993 164.57951 nan nan nan nan nan nan nan nan nan nan nan nan 1e-07 1e-07 0.0 0.0 0.0 0.0 1
_Cos_38553692328190059 11 "HSC-SSP Public Data Release 4 (Wide)" 35.9347256086108 -4.290852149678328 1800.0 1 L r 38553692328190059 864.888 19.116243 938.6601 36.427002 1677.615 33.303783 2264.945 95.11113 2956.3035 167.18428 nan nan nan nan nan nan nan nan nan nan nan nan 1e-07 1e-07 0.0 0.0 0.0 0.0 1
_Cos_38553692328190078 11 "HSC-SSP Public Data Release 4 (Wide)" 35.98078358958232 -4.289186961583646 1800.0 1 L r 38553692328190078 361.2762 17.484217 495.0293 39.936546 1029.0094 32.596325 1376.3585 85.04044 1150.513 171.89592 nan nan nan nan nan nan nan nan nan nan nan nan 1e-07 1e-07 0.0 0.0 0.0 0.0 1
_Cos_38553692328190290 11 "HSC-SSP Public Data Release 4 (Wide)" 35.82098018604303 -4.286724815608193 1800.0 1 L r 38553692328190290 697.5655 21.09551 911.8278 44.46811 1209.8885 37.727215 1955.7893 106.79827 2114.215 204.33556 nan nan nan nan nan nan nan nan nan nan nan nan 1e-07 1e-07 0.0 0.0 0.0 0.0 1
_Cos_38553692328190545 11 "HSC-SSP Public Data Release 4 (Wide)" 35.93313444824357 -4.277347952029304 1800.0 1 L r 38553692328190545 676.1594 15.102013 736.5226 31.534391 974.77 23.458267 1395.3636 80.78207 1633.848 119.9478 nan nan nan nan nan nan nan nan nan nan nan nan 1e-07 1e-07 0.0 0.0 0.0 0.0 1
_Cos_38553692328190947 11 "HSC-SSP Public Data Release 4 (Wide)" 35.80660206520888 -4.277215249122131 1800.0 1 L r 38553692328190947 574.8292 19.83379 644.09595 44.003223 1279.2705 34.49985 1474.117 93.72553 1667.7002 201.44244 nan nan nan nan nan nan nan nan nan nan nan nan 1e-07 1e-07 0.0 0.0 0.0 0.0 1
_Cos_38553692328191127 11 "HSC-SSP Public Data Release 4 (Wide)" 35.957966502237774 -4.274447535384015 1800.0 1 L r 38553692328191127 681.13477 15.777884 650.8731 34.66762 922.1569 23.199205 1105.9019 71.17451 968.8104 101.55612 nan nan nan nan nan nan nan nan nan nan nan nan 1e-07 1e-07 0.0 0.0 0.0 0.0 1
_Cos_38553692328191256 11 "HSC-SSP Public Data Release 4 (Wide)" 35.83137016153153 -4.271256291241715 1800.0 1 L r 38553692328191256 971.1738 15.6778965 973.64935 33.62156 1196.1118 23.557337 1431.9841 71.33258 2269.8423 142.66783 nan nan nan nan nan nan nan nan nan nan nan nan 1e-07 1e-07 0.0 0.0 0.0 0.0 1
_Cos_38553692328191647 11 "HSC-SSP Public Data Release 4 (Wide)" 35.87083922193061 -4.264024480903839 1800.0 1 L r 38553692328191647 2212.3582 24.583704 2955.0496 49.36414 3252.3687 31.922804 4781.551 139.15324 4158.198 198.34978 nan nan nan nan nan nan nan nan nan nan nan nan 1e-07 1e-07 0.0 0.0 0.0 0.0 1
_Cos_38553692328191819 11 "HSC-SSP Public Data Release 4 (Wide)" 35.94286666367541 -4.2597633793494225 1800.0 1 L r 38553692328191819 978.2998 18.238361 982.16364 34.434635 1616.5986 38.132988 2562.4126 111.04179 3094.7256 240.19618 nan nan nan nan nan nan nan nan nan nan nan nan 1e-07 1e-07 0.0 0.0 0.0 0.0 1
_Cos_38553692328191911 11 "HSC-SSP Public Data Release 4 (Wide)" 35.91590793902926 -4.25893806798773 1800.0 1 L r 38553692328191911 521.6121 20.41003 651.288 38.340603 1250.1675 44.288174 2012.8201 113.10601 2284.9683 181.738 nan nan nan nan nan nan nan nan nan nan nan nan 1e-07 1e-07 0.0 0.0 0.0 0.0 1
_Cos_38553692328192352 11 "HSC-SSP Public Data Release 4 (Wide)" 35.84720359417859 -4.251798894665485 1800.0 1 L r 38553692328192352 555.34515 16.441784 615.91693 34.557926 951.67505 24.618147 1627.3553 70.21883 2618.6228 171.83359 nan nan nan nan nan nan nan nan nan nan nan nan 1e-07 1e-07 0.0 0.0 0.0 0.0 1
_Cos_38553692328192750 11 "HSC-SSP Public Data Release 4 (Wide)" 35.822804514749535 -4.244038962946009 1800.0 1 L r 38553692328192750 1140.7375 22.714214 1408.8458 47.54304 1723.5227 36.607735 2016.669 84.7789 2900.469 182.05046 nan nan nan nan nan nan nan nan nan nan nan nan 1e-07 1e-07 0.0 0.0 0.0 0.0 1
_Cos_38553692328193061 11 "HSC-SSP Public Data Release 4 (Wide)" 35.91959402347188 -4.238961680800441 1800.0 1 L r 38553692328193061 835.7472 22.73275 718.29407 43.371986 1231.142 39.051006 1434.3398 96.184784 1923.1448 173.77438 nan nan nan nan nan nan nan nan nan nan nan nan 1e-07 1e-07 0.0 0.0 0.0 0.0 1
_Cos_38553692328193149 11 "HSC-SSP Public Data Release 4 (Wide)" 35.836444425609194 -4.236975067340316 1800.0 1 L r 38553692328193149 479.41797 22.083227 698.5748 54.175575 993.6068 34.59569 1399.8318 91.82719 660.88 159.22894 nan nan nan nan nan nan nan nan nan nan nan nan 1e-07 1e-07 0.0 0.0 0.0 0.0 1
_Cos_38553692328194702 11 "HSC-SSP Public Data Release 4 (Wide)" 35.84308130772609 -4.210486200688048 1800.0 1 L r 38553692328194702 853.08887 18.923231 1153.3287 39.485935 1908.4503 34.93097 1462.4956 83.98162 1111.3271 132.2877 nan nan nan nan nan nan nan nan nan nan nan nan 1e-07 1e-07 0.0 0.0 0.0 0.0 1
_Cos_38553692328195236 11 "HSC-SSP Public Data Release 4 (Wide)" 35.79919027394762 -4.200502799841344 1800.0 1 L r 38553692328195236 365.07663 16.301403 518.1069 38.24686 947.98724 36.251415 1288.5618 95.250916 1709.7006 153.48792 nan nan nan nan nan nan nan nan nan nan nan nan 1e-07 1e-07 0.0 0.0 0.0 0.0 1
_Cos_38553692328195316 11 "HSC-SSP Public Data Release 4 (Wide)" 35.900575901264624 -4.200814140542444 1800.0 1 L r 38553692328195316 1216.2896 21.355476 1666.1299 53.00419 1700.829 30.506096 1747.543 85.65034 1674.1028 125.091934 nan nan nan nan nan nan nan nan nan nan nan nan 1e-07 1e-07 0.0 0.0 0.0 0.0 1
_Cos_38553692328195514 11 "HSC-SSP Public Data Release 4 (Wide)" 35.854849652352335 -4.195266591786767 1800.0 1 L r 38553692328195514 145.81801 17.351852 195.45984 37.894962 966.03503 65.1398 279.01086 70.028915 423.77234 153.78862 nan nan nan nan nan nan nan nan nan nan nan nan 1e-07 1e-07 0.0 0.0 0.0 0.0 1
_Cos_38553692328195832 11 "HSC-SSP Public Data Release 4 (Wide)" 35.82190221585318 -4.193477486173184 1800.0 1 L r 38553692328195832 1483.1476 24.407228 1944.2684 48.41328 3327.8547 43.868015 4672.5137 111.963135 6932.626 213.56119 nan nan nan nan nan nan nan nan nan nan nan nan 1e-07 1e-07 0.0 0.0 0.0 0.0 1
_Cos_38553696623136162 11 "HSC-SSP Public Data Release 4 (Wide)" 35.86076569289842 -4.113361078538416 1800.0 1 L r 38553696623136162 606.87244 19.65746 827.98615 41.928104 1831.8723 30.28895 2554.345 92.593575 2380.0715 152.46855 nan nan nan nan nan nan nan nan nan nan nan nan 1e-07 1e-07 0.0 0.0 0.0 0.0 1
_Cos_38553696623136749 11 "HSC-SSP Public Data Release 4 (Wide)" 35.910959151645564 -4.100703797817093 1800.0 1 L r 38553696623136749 521.7764 26.509226 633.1242 51.59236 953.317 37.153095 1568.756 104.82394 1280.3506 184.07971 nan nan nan nan nan nan nan nan nan nan nan nan 1e-07 1e-07 0.0 0.0 0.0 0.0 1
_Cos_38553696623136972 11 "HSC-SSP Public Data Release 4 (Wide)" 35.93258396508901 -4.095934175750896 1800.0 1 L r 38553696623136972 700.75085 19.535961 936.77203 42.487354 1158.1871 32.334267 1414.4661 89.69764 1291.5005 143.24802 nan nan nan nan nan nan nan nan nan nan nan nan 1e-07 1e-07 0.0 0.0 0.0 0.0 1
_Cos_38553696623138776 11 "HSC-SSP Public Data Release 4 (Wide)" 35.96213448847351 -4.057657509524392 1800.0 1 L r 38553696623138776 713.3307 23.448502 995.0029 56.022964 1507.0565 40.03429 2500.234 115.81552 3485.4385 293.05258 nan nan nan nan nan nan nan nan nan nan nan nan 1e-07 1e-07 0.0 0.0 0.0 0.0 1
_Cos_38553696623139024 11 "HSC-SSP Public Data Release 4 (Wide)" 35.85827504260201 -4.052301253037094 1800.0 1 L r 38553696623139024 872.6531 32.254993 1465.7499 52.946873 3465.9612 37.082314 6122.427 102.73828 6173.792 157.82146 nan nan nan nan nan nan nan nan nan nan nan nan 1e-07 1e-07 0.0 0.0 0.0 0.0 1
_Cos_38553696623139646 11 "HSC-SSP Public Data Release 4 (Wide)" 35.85958601013215 -4.039898279454868 1800.0 1 L r 38553696623139646 824.0209 16.038668 1236.7766 38.662228 2553.164 30.556477 3804.5981 78.59945 4276.0054 148.73598 nan nan nan nan nan nan nan nan nan nan nan nan 1e-07 1e-07 0.0 0.0 0.0 0.0 1
_Cos_38553696623139805 11 "HSC-SSP Public Data Release 4 (Wide)" 35.944337112617625 -4.036274612399653 1800.0 1 L r 38553696623139805 1229.0121 16.617928 1344.3773 35.328228 1801.6617 27.81441 1715.4529 68.02806 2502.5488 132.98839 nan nan nan nan nan nan nan nan nan nan nan nan 1e-07 1e-07 0.0 0.0 0.0 0.0 1
_Cos_38553696623141480 11 "HSC-SSP Public Data Release 4 (Wide)" 35.88565594160944 -4.000733972292572 1800.0 1 L r 38553696623141480 548.6687 17.859867 707.2021 43.311462 1081.8684 29.394617 1719.6534 80.82658 1553.7491 137.93814 nan nan nan nan nan nan nan nan nan nan nan nan 1e-07 1e-07 0.0 0.0 0.0 0.0 1
_Cos_38553696623152279 11 "HSC-SSP Public Data Release 4 (Wide)" 35.81637337501726 -4.171244470769576 1800.0 1 L r 38553696623152279 775.6879 17.770182 1080.7319 37.987244 2003.2275 28.359468 2679.1873 78.99175 2908.4934 131.84691 nan nan nan nan nan nan nan nan nan nan nan nan 1e-07 1e-07 0.0 0.0 0.0 0.0 1
_Cos_38553696623152535 11 "HSC-SSP Public Data Release 4 (Wide)" 35.95784945939335 -4.166443104537629 1800.0 1 L r 38553696623152535 1352.8333 18.501457 1391.5599 41.146667 1795.6334 28.008638 2324.4106 81.93961 2106.0923 150.59747 nan nan nan nan nan nan nan nan nan nan nan nan 1e-07 1e-07 0.0 0.0 0.0 0.0 1
_Cos_38553696623153051 11 "HSC-SSP Public Data Release 4 (Wide)" 35.90181169804559 -4.154392156305246 1800.0 1 L r 38553696623153051 1294.5149 29.856213 1129.775 61.652588 2304.0737 31.83928 3211.4565 87.66968 3253.4434 149.33936 nan nan nan nan nan nan nan nan nan nan nan nan 1e-07 1e-07 0.0 0.0 0.0 0.0 1
_Cos_38553696623153265 11 "HSC-SSP Public Data Release 4 (Wide)" 35.92603066895725 -4.151683390427784 1800.0 1 L r 38553696623153265 988.401 36.034595 360.24472 45.98869 2707.203 65.58199 0.24726154 107.63116 1988.1163 277.82983 nan nan nan nan nan nan nan nan nan nan nan nan 1e-07 1e-07 0.0 0.0 0.0 0.0 1
_Cos_38553696623154721 11 "HSC-SSP Public Data Release 4 (Wide)" 35.95953153047709 -4.120007421451206 1800.0 1 L r 38553696623154721 638.2384 28.776857 751.72253 52.40786 1297.0612 35.793613 1550.3262 81.62081 2100.9497 157.77206 nan nan nan nan nan nan nan nan nan nan nan nan 1e-07 1e-07 0.0 0.0 0.0 0.0 1
_Cos_38553696623154796 11 "HSC-SSP Public Data Release 4 (Wide)" 35.886302330462726 -4.118630416515583 1800.0 1 L r 38553696623154796 572.9906 27.156704 738.8184 47.249184 1155.1172 29.605186 1052.635 68.02663 1533.0687 161.79277 nan nan nan nan nan nan nan nan nan nan nan nan 1e-07 1e-07 0.0 0.0 0.0 0.0 1
_Cos_38553696623154936 11 "HSC-SSP Public Data Release 4 (Wide)" 35.799215447851296 -4.1159373411608975 1800.0 1 L r 38553696623154936 784.7272 25.991745 872.3721 55.85518 1812.15 45.11684 1821.5164 109.6044 1965.6698 188.62347 nan nan nan nan nan nan nan nan nan nan nan nan 1e-07 1e-07 0.0 0.0 0.0 0.0 1
_Cos_38553696623155215 11 "HSC-SSP Public Data Release 4 (Wide)" 35.941505076811474 -4.109306428903468 1800.0 1 L r 38553696623155215 1003.5566 19.013695 1585.3362 39.72867 1196.6034 26.888548 2118.5923 81.59349 1603.3291 173.45915 nan nan nan nan nan nan nan nan nan nan nan nan 1e-07 1e-07 0.0 0.0 0.0 0.0 1
_Cos_38553696623155394 11 "HSC-SSP Public Data Release 4 (Wide)" 35.87503795076489 -4.106772487362328 1800.0 1 L r 38553696623155394 251.40955 15.054721 358.1996 32.73654 915.7937 27.722992 1992.7036 95.006195 2004.2534 118.55288 nan nan nan nan nan nan nan nan nan nan nan nan 1e-07 1e-07 0.0 0.0 0.0 0.0 1
_Cos_38553696623155476 11 "HSC-SSP Public Data Release 4 (Wide)" 35.819331497451664 -4.105290376871461 1800.0 1 L r 38553696623155476 591.12756 14.838609 591.9255 31.850355 1203.1692 22.02728 1439.0067 69.836685 1793.9637 138.47882 nan nan nan nan nan nan nan nan nan nan nan nan 1e-07 1e-07 0.0 0.0 0.0 0.0 1
_Cos_38553696623155613 11 "HSC-SSP Public Data Release 4 (Wide)" 35.84976352507958 -4.1007107984129805 1800.0 1 L r 38553696623155613 1029.275 15.718534 1220.1487 37.55564 1558.4026 27.66339 1971.3397 80.42599 2543.546 184.74693 nan nan nan nan nan nan nan nan nan nan nan nan 1e-07 1e-07 0.0 0.0 0.0 0.0 1
_Cos_38553696623156091 11 "HSC-SSP Public Data Release 4 (Wide)" 35.982297698941736 -4.092337536718666 1800.0 1 L r 38553696623156091 814.2718 20.432983 1021.87665 42.54502 1383.923 37.61171 2586.3115 119.94185 2536.618 192.73299 nan nan nan nan nan nan nan nan nan nan nan nan 1e-07 1e-07 0.0 0.0 0.0 0.0 1
_Cos_38553696623156899 11 "HSC-SSP Public Data Release 4 (Wide)" 35.92805017688329 -4.078608967535872 1800.0 1 L r 38553696623156899 841.7678 20.212915 881.17694 43.688644 1052.9082 30.810375 1036.481 80.9274 787.87555 138.34505 nan nan nan nan nan nan nan nan nan nan nan nan 1e-07 1e-07 0.0 0.0 0.0 0.0 1
_Cos_38553696623157052 11 "HSC-SSP Public Data Release 4 (Wide)" 35.963126585663545 -4.074646715723941 1800.0 1 L r 38553696623157052 1209.5846 17.5658 1440.2975 39.507282 1636.7516 25.012663 2244.1707 68.24676 2944.2976 125.955185 nan nan nan nan nan nan nan nan nan nan nan nan 1e-07 1e-07 0.0 0.0 0.0 0.0 1
_Cos_38553696623157436 11 "HSC-SSP Public Data Release 4 (Wide)" 35.87072901174743 -4.0660111180138 1800.0 1 L r 38553696623157436 827.806 13.880567 956.57324 32.781513 1251.3138 21.06066 1234.7021 61.320248 2400.0652 124.9588 nan nan nan nan nan nan nan nan nan nan nan nan 1e-07 1e-07 0.0 0.0 0.0 0.0 1
_Cos_38553696623157456 11 "HSC-SSP Public Data Release 4 (Wide)" 35.90890424272509 -4.068119576337009 1800.0 1 L r 38553696623157456 845.6287 26.384428 1166.4646 63.084377 1768.4766 38.76379 1870.926 105.34927 1995.4581 173.8333 nan nan nan nan nan nan nan nan nan nan nan nan 1e-07 1e-07 0.0 0.0 0.0 0.0 1
_Cos_38553696623157532 11 "HSC-SSP Public Data Release 4 (Wide)" 35.890815033321616 -4.065603246692544 1800.0 1 L r 38553696623157532 486.0812 21.193544 555.64954 61.31244 1021.2267 62.39717 1105.0454 125.88239 1417.4039 262.19702 nan nan nan nan nan nan nan nan nan nan nan nan 1e-07 1e-07 0.0 0.0 0.0 0.0 1
_Cos_38553696623158189 11 "HSC-SSP Public Data Release 4 (Wide)" 35.80106090915094 -4.052087121937259 1800.0 1 L r 38553696623158189 905.6642 13.750526 1062.7616 31.962095 1195.3685 22.34724 1558.2886 84.23689 1558.0645 116.602715 nan nan nan nan nan nan nan nan nan nan nan nan 1e-07 1e-07 0.0 0.0 0.0 0.0 1
_Cos_38553696623158349 11 "HSC-SSP Public Data Release 4 (Wide)" 35.93239949900806 -4.048540182230078 1800.0 1 L r 38553696623158349 554.07983 17.230145 700.4675 36.0726 1222.7058 31.452528 1474.6409 95.05651 1544.9011 189.033 nan nan nan nan nan nan nan nan nan nan nan nan 1e-07 1e-07 0.0 0.0 0.0 0.0 1
_Cos_38553696623158408 11 "HSC-SSP Public Data Release 4 (Wide)" 35.893267310200244 -4.048328410026751 1800.0 1 L r 38553696623158408 779.9821 27.121943 984.91095 58.863144 1483.8381 44.424114 1865.0013 114.96679 3446.655 237.80124 nan nan nan nan nan nan nan nan nan nan nan nan 1e-07 1e-07 0.0 0.0 0.0 0.0 1
_Cos_38553696623158614 11 "HSC-SSP Public Data Release 4 (Wide)" 35.813985637514136 -4.04382318102789 1800.0 1 L r 38553696623158614 767.90247 21.252321 831.17017 46.83053 967.2384 46.274334 846.4769 111.244514 639.45123 191.31596 nan nan nan nan nan nan nan nan nan nan nan nan 1e-07 1e-07 0.0 0.0 0.0 0.0 1
_Cos_38553696623159258 11 "HSC-SSP Public Data Release 4 (Wide)" 35.836865043440305 -4.03078092256301 1800.0 1 L r 38553696623159258 419.15323 15.733402 573.9019 38.29888 1015.20215 23.03614 1294.7294 63.866844 1286.3312 100.497185 nan nan nan nan nan nan nan nan nan nan nan nan 1e-07 1e-07 0.0 0.0 0.0 0.0 1
_Cos_38553696623159557 11 "HSC-SSP Public Data Release 4 (Wide)" 35.87552010782086 -4.024480196822235 1800.0 1 L r 38553696623159557 1184.3035 15.824798 1384.4357 32.926506 2449.9111 24.439878 3047.53 71.994026 2949.0796 106.06806 nan nan nan nan nan nan nan nan nan nan nan nan 1e-07 1e-07 0.0 0.0 0.0 0.0 1
