output/Jan25/final/field_e_L2_visit2_final_targets.ecsv
# %ECSV 1.0
# ---
# datatype:
# - {name: ob_code, datatype: string}
# - {name: catId, datatype: int32}
# - {name: description, datatype: string}
# - {name: ra, datatype: float64}
# - {name: dec, datatype: float64}
# - {name: exptime, datatype: float64}
# - {name: priority, datatype: int32}
# - {name: resolution, datatype: string}
# - {name: reference_arm, datatype: string}
# - {name: obj_id, datatype: int64}
# - {name: g_hsc, datatype: float64}
# - {name: g_hsc_err, datatype: float64}
# - {name: r2_hsc, datatype: float64}
# - {name: r2_hsc_err, datatype: float64}
# - {name: i2_hsc, datatype: float64}
# - {name: i2_hsc_err, datatype: float64}
# - {name: z_hsc, datatype: float64}
# - {name: z_hsc_err, datatype: float64}
# - {name: y_hsc, datatype: float64}
# - {name: y_hsc_err, datatype: float64}
# - {name: epoch, datatype: float64}
# - {name: input_catalog_id, datatype: float64}
# - {name: psf_flux_g, datatype: float64}
# - {name: psf_flux_error_g, datatype: float64}
# - {name: psf_flux_r, datatype: float64}
# - {name: psf_flux_error_r, datatype: float64}
# - {name: psf_flux_i, datatype: float64}
# - {name: psf_flux_error_i, datatype: float64}
# - {name: psf_flux_z, datatype: float64}
# - {name: psf_flux_error_z, datatype: float64}
# - {name: psf_flux_y, datatype: float64}
# - {name: psf_flux_error_y, datatype: float64}
# - {name: parallax, datatype: float64}
# - {name: parallax_error, datatype: float64}
# - {name: pmra, datatype: float64}
# - {name: pmra_error, datatype: float64}
# - {name: pmdec, datatype: float64}
# - {name: pmdec_error, datatype: float64}
# - {name: target_type, datatype: int32}
# schema: astropy-2.0
ob_code catId description ra dec exptime priority resolution reference_arm obj_id g_hsc g_hsc_err r2_hsc r2_hsc_err i2_hsc i2_hsc_err z_hsc z_hsc_err y_hsc y_hsc_err epoch input_catalog_id psf_flux_g psf_flux_error_g psf_flux_r psf_flux_error_r psf_flux_i psf_flux_error_i psf_flux_z psf_flux_error_z psf_flux_y psf_flux_error_y parallax parallax_error pmra pmra_error pmdec pmdec_error target_type
[from data line 672]
_Cos_40973184844975650 11 "HSC-SSP Public Data Release 4 (Wide)" 132.74632805197942 -0.5824182758683776 1800.0 1 L r 40973184844975650 965.44275 21.539639 1241.9293 31.573608 2344.2375 27.919958 3523.68 58.13907 2809.0044 112.443 nan nan nan nan nan nan nan nan nan nan nan nan 1e-07 1e-07 0.0 0.0 0.0 0.0 1
_Cos_40973184844975835 11 "HSC-SSP Public Data Release 4 (Wide)" 132.72996374937316 -0.5790526120803519 1800.0 1 L r 40973184844975835 672.3309 17.577398 849.0327 27.910654 1489.1251 30.550653 1920.7695 69.97267 2573.4382 139.87749 nan nan nan nan nan nan nan nan nan nan nan nan 1e-07 1e-07 0.0 0.0 0.0 0.0 1
_Cos_40973184844976074 11 "HSC-SSP Public Data Release 4 (Wide)" 132.70266836176341 -0.5719671467977521 1800.0 1 L r 40973184844976074 844.66675 15.493875 1118.114 29.56484 1456.1649 28.556976 1559.776 54.09336 2745.496 111.32893 nan nan nan nan nan nan nan nan nan nan nan nan 1e-07 1e-07 0.0 0.0 0.0 0.0 1
_Cos_40973184844976231 11 "HSC-SSP Public Data Release 4 (Wide)" 132.75496206931865 -0.5682609004256213 1800.0 1 L r 40973184844976231 862.4905 25.022755 1031.7161 45.004566 1903.6726 37.618347 2677.3608 81.23763 3387.0706 133.31654 nan nan nan nan nan nan nan nan nan nan nan nan 1e-07 1e-07 0.0 0.0 0.0 0.0 1
_Cos_40973184844976344 11 "HSC-SSP Public Data Release 4 (Wide)" 132.77466033157856 -0.565930415427147 1800.0 1 L r 40973184844976344 1841.4342 25.47727 2016.029 41.121544 2460.1816 38.490856 3290.5977 80.859726 3838.597 157.11505 nan nan nan nan nan nan nan nan nan nan nan nan 1e-07 1e-07 0.0 0.0 0.0 0.0 1
_Cos_40973184844977418 11 "HSC-SSP Public Data Release 4 (Wide)" 132.7045588724343 -0.5385013237081169 1800.0 1 L r 40973184844977418 1377.9589 17.42309 1545.5768 28.479147 1593.5839 23.270226 1711.4395 49.70866 1705.3085 95.01324 nan nan nan nan nan nan nan nan nan nan nan nan 1e-07 1e-07 0.0 0.0 0.0 0.0 1
_Cos_40973184844977475 11 "HSC-SSP Public Data Release 4 (Wide)" 132.73024806278363 -0.5380969660511484 1800.0 1 L r 40973184844977475 643.26843 23.437347 884.00995 37.209183 1435.4359 33.995724 2169.638 72.11789 2407.2134 128.70699 nan nan nan nan nan nan nan nan nan nan nan nan 1e-07 1e-07 0.0 0.0 0.0 0.0 1
_Cos_40973184844977610 11 "HSC-SSP Public Data Release 4 (Wide)" 132.81791382233433 -0.535187745680241 1800.0 1 L r 40973184844977610 950.65283 48.441765 1003.174 58.515884 1498.9675 56.28802 2914.2778 124.27564 2247.4937 168.5557 nan nan nan nan nan nan nan nan nan nan nan nan 1e-07 1e-07 0.0 0.0 0.0 0.0 1
_Cos_40973184844977869 11 "HSC-SSP Public Data Release 4 (Wide)" 132.80979796524824 -0.5299660751993638 1800.0 1 L r 40973184844977869 1059.2606 19.979471 1265.8562 32.69672 1935.5759 33.149975 2583.9023 70.19167 2651.5635 112.744606 nan nan nan nan nan nan nan nan nan nan nan nan 1e-07 1e-07 0.0 0.0 0.0 0.0 1
_Cos_40973184844977911 11 "HSC-SSP Public Data Release 4 (Wide)" 132.71117681139694 -0.5289593840023729 1800.0 1 L r 40973184844977911 607.5123 16.849363 692.3525 30.109245 970.92725 27.231516 1600.0873 67.78553 1623.435 111.4871 nan nan nan nan nan nan nan nan nan nan nan nan 1e-07 1e-07 0.0 0.0 0.0 0.0 1
_Cos_40973184844978098 11 "HSC-SSP Public Data Release 4 (Wide)" 132.72836948861155 -0.5254406025740342 1800.0 1 L r 40973184844978098 596.23267 19.940983 642.8277 29.065866 950.12744 30.805668 1170.0956 66.974594 1398.4948 134.54095 nan nan nan nan nan nan nan nan nan nan nan nan 1e-07 1e-07 0.0 0.0 0.0 0.0 1
_Cos_40973184844978282 11 "HSC-SSP Public Data Release 4 (Wide)" 132.82955325556622 -0.5200935638462274 1800.0 1 L r 40973184844978282 640.6601 26.8763 856.44165 39.883064 1579.774 37.442574 1800.9849 72.13834 1533.0428 134.92236 nan nan nan nan nan nan nan nan nan nan nan nan 1e-07 1e-07 0.0 0.0 0.0 0.0 1
_Cos_40973184844978611 11 "HSC-SSP Public Data Release 4 (Wide)" 132.814690160316 -0.5113019627979631 1800.0 1 L r 40973184844978611 408.4293 19.32446 491.64944 29.188522 929.2994 30.505316 1370.2637 67.334114 1699.0331 124.06775 nan nan nan nan nan nan nan nan nan nan nan nan 1e-07 1e-07 0.0 0.0 0.0 0.0 1
_Cos_40973184844978706 11 "HSC-SSP Public Data Release 4 (Wide)" 132.8495181627524 -0.5084340939569367 1800.0 1 L r 40973184844978706 790.5223 21.772627 754.96075 31.277597 1306.7106 35.39598 1657.9181 74.34613 2126.363 142.64586 nan nan nan nan nan nan nan nan nan nan nan nan 1e-07 1e-07 0.0 0.0 0.0 0.0 1
_Cos_40973184844978921 11 "HSC-SSP Public Data Release 4 (Wide)" 132.81207705829001 -0.5045980354050851 1800.0 1 L r 40973184844978921 723.77167 25.080006 1004.95795 32.50776 1485.4896 34.748844 2357.9856 73.41006 3669.5198 139.44116 nan nan nan nan nan nan nan nan nan nan nan nan 1e-07 1e-07 0.0 0.0 0.0 0.0 1
_Cos_40973184844979449 11 "HSC-SSP Public Data Release 4 (Wide)" 132.71368191956833 -0.4944842378613708 1800.0 1 L r 40973184844979449 671.49603 19.648535 765.50226 31.33693 981.33594 29.065025 1514.8564 61.302887 1853.6058 117.053406 nan nan nan nan nan nan nan nan nan nan nan nan 1e-07 1e-07 0.0 0.0 0.0 0.0 1
_Cos_40973184844979496 11 "HSC-SSP Public Data Release 4 (Wide)" 132.75474942525688 -0.49473084270867357 1800.0 1 L r 40973184844979496 1264.1678 23.929443 1444.7975 39.768246 1530.6064 33.46833 2530.4316 72.27304 2943.779 143.12285 nan nan nan nan nan nan nan nan nan nan nan nan 1e-07 1e-07 0.0 0.0 0.0 0.0 1
_Cos_40973184844979539 11 "HSC-SSP Public Data Release 4 (Wide)" 132.70570822536183 -0.4923960091026842 1800.0 1 L r 40973184844979539 872.965 26.066689 1278.3048 41.37965 1686.0211 40.253365 3211.6064 86.26761 3211.8467 143.55708 nan nan nan nan nan nan nan nan nan nan nan nan 1e-07 1e-07 0.0 0.0 0.0 0.0 1
_Cos_40973184844979800 11 "HSC-SSP Public Data Release 4 (Wide)" 132.86099729577893 -0.4850558723735648 1800.0 1 L r 40973184844979800 974.46936 23.801937 1037.2657 42.035343 1754.3003 39.681988 1690.4823 70.36538 2020.2958 139.8586 nan nan nan nan nan nan nan nan nan nan nan nan 1e-07 1e-07 0.0 0.0 0.0 0.0 1
_Cos_40973184844979924 11 "HSC-SSP Public Data Release 4 (Wide)" 132.70792805163921 -0.48156584433207783 1800.0 1 L r 40973184844979924 2958.288 22.424534 3146.4006 34.0417 3331.4055 28.52391 3577.5232 60.86209 5897.593 120.447075 nan nan nan nan nan nan nan nan nan nan nan nan 1e-07 1e-07 0.0 0.0 0.0 0.0 1
_Cos_40973189139923498 11 "HSC-SSP Public Data Release 4 (Wide)" 132.78595121177065 -0.4556999515307388 1800.0 1 L r 40973189139923498 695.81445 22.13408 738.3256 37.507774 1000.4474 34.426258 746.24176 58.04913 1439.0992 125.638275 nan nan nan nan nan nan nan nan nan nan nan nan 1e-07 1e-07 0.0 0.0 0.0 0.0 1
_Cos_40973189139923595 11 "HSC-SSP Public Data Release 4 (Wide)" 132.7547469271878 -0.4535369611212466 1800.0 1 L r 40973189139923595 516.2528 19.180916 687.8699 35.71281 991.39014 36.909073 1194.8173 82.84289 1235.2533 135.03401 nan nan nan nan nan nan nan nan nan nan nan nan 1e-07 1e-07 0.0 0.0 0.0 0.0 1
_Cos_40973189139924222 11 "HSC-SSP Public Data Release 4 (Wide)" 132.72753138887828 -0.4397208689407048 1800.0 1 L r 40973189139924222 1371.7288 26.610216 1710.2832 44.58073 2226.208 49.914837 1837.6624 89.65071 2729.7239 207.11568 nan nan nan nan nan nan nan nan nan nan nan nan 1e-07 1e-07 0.0 0.0 0.0 0.0 1
_Cos_40973189139924826 11 "HSC-SSP Public Data Release 4 (Wide)" 132.8609419040093 -0.4272149677818213 1800.0 1 L r 40973189139924826 469.89703 28.76576 573.5913 36.654976 1824.6389 49.38195 1727.8522 74.54631 2418.883 183.4721 nan nan nan nan nan nan nan nan nan nan nan nan 1e-07 1e-07 0.0 0.0 0.0 0.0 1
_Cos_40973189139925260 11 "HSC-SSP Public Data Release 4 (Wide)" 132.8595198717273 -0.41715178485933224 1800.0 1 L r 40973189139925260 637.99884 20.709303 806.1984 35.650345 1376.1224 24.11193 1689.9412 53.684616 1648.2798 82.092995 nan nan nan nan nan nan nan nan nan nan nan nan 1e-07 1e-07 0.0 0.0 0.0 0.0 1
_Cos_40973189139926878 11 "HSC-SSP Public Data Release 4 (Wide)" 132.7125818451733 -0.3808959002678613 1800.0 1 L r 40973189139926878 853.17535 22.542671 1264.0042 37.540813 1949.0314 35.224358 3052.7153 68.60375 3735.4275 131.91382 nan nan nan nan nan nan nan nan nan nan nan nan 1e-07 1e-07 0.0 0.0 0.0 0.0 1
_Cos_40973189139927082 11 "HSC-SSP Public Data Release 4 (Wide)" 132.81620275559914 -0.37656528673582457 1800.0 1 L r 40973189139927082 668.6523 16.848263 915.4032 28.70441 1937.7223 29.612295 2221.8308 58.81553 2840.3345 105.201675 nan nan nan nan nan nan nan nan nan nan nan nan 1e-07 1e-07 0.0 0.0 0.0 0.0 1
_Cos_40973189139927686 11 "HSC-SSP Public Data Release 4 (Wide)" 132.75150844634993 -0.3637605007089802 1800.0 1 L r 40973189139927686 497.24393 24.483498 616.84393 35.271744 1108.9108 37.441113 1292.6312 85.84585 1866.683 182.49242 nan nan nan nan nan nan nan nan nan nan nan nan 1e-07 1e-07 0.0 0.0 0.0 0.0 1
_Cos_40973189139928174 11 "HSC-SSP Public Data Release 4 (Wide)" 132.69653974340477 -0.3531883848463262 1800.0 1 L r 40973189139928174 943.7719 25.86516 960.49384 33.786194 1136.6792 31.600695 2215.7913 73.06276 2581.968 141.57312 nan nan nan nan nan nan nan nan nan nan nan nan 1e-07 1e-07 0.0 0.0 0.0 0.0 1
_Cos_40973189139929452 11 "HSC-SSP Public Data Release 4 (Wide)" 132.82094629139115 -0.3248133834662893 1800.0 1 L r 40973189139929452 1153.89 25.003511 1490.0928 39.856247 2762.1377 41.54455 3437.494 86.0983 3993.5457 166.83649 nan nan nan nan nan nan nan nan nan nan nan nan 1e-07 1e-07 0.0 0.0 0.0 0.0 1
_Cos_40973189139942389 11 "HSC-SSP Public Data Release 4 (Wide)" 132.73043622905868 -0.46159463444143783 1800.0 1 L r 40973189139942389 1030.0778 22.276356 982.44666 35.090603 1234.0592 43.479202 1670.9504 84.081825 1563.5579 176.21811 nan nan nan nan nan nan nan nan nan nan nan nan 1e-07 1e-07 0.0 0.0 0.0 0.0 1
_Cos_40973189139942839 11 "HSC-SSP Public Data Release 4 (Wide)" 132.68586906355563 -0.4535980780283219 1800.0 1 L r 40973189139942839 822.79333 23.72919 953.4557 46.68036 1223.6262 35.68381 1408.5338 72.39605 2368.1394 120.40544 nan nan nan nan nan nan nan nan nan nan nan nan 1e-07 1e-07 0.0 0.0 0.0 0.0 1
_Cos_40973189139943025 11 "HSC-SSP Public Data Release 4 (Wide)" 132.84543032624495 -0.44909166241242526 1800.0 1 L r 40973189139943025 1592.2982 25.639883 2093.179 37.883694 3155.3262 36.897537 5043.575 77.62172 5416.5684 140.98428 nan nan nan nan nan nan nan nan nan nan nan nan 1e-07 1e-07 0.0 0.0 0.0 0.0 1
_Cos_40973189139943751 11 "HSC-SSP Public Data Release 4 (Wide)" 132.7489816324997 -0.4378699359169096 1800.0 1 L r 40973189139943751 518.77216 23.97712 607.0977 49.265816 1016.221 38.88037 1368.1378 85.04155 1148.6 147.92365 nan nan nan nan nan nan nan nan nan nan nan nan 1e-07 1e-07 0.0 0.0 0.0 0.0 1
_Cos_40973189139944541 11 "HSC-SSP Public Data Release 4 (Wide)" 132.83798951396645 -0.42715408909371305 1800.0 1 L r 40973189139944541 852.68805 24.951199 1171.217 34.459385 3070.4458 43.265522 5834.027 80.302666 7866.079 171.59181 nan nan nan nan nan nan nan nan nan nan nan nan 1e-07 1e-07 0.0 0.0 0.0 0.0 1
_Cos_40973189139944783 11 "HSC-SSP Public Data Release 4 (Wide)" 132.77860069801486 -0.4233496498990201 1800.0 1 L r 40973189139944783 634.70917 30.200512 961.4076 55.972576 1324.427 40.26815 2212.1138 95.10463 2403.2654 190.74385 nan nan nan nan nan nan nan nan nan nan nan nan 1e-07 1e-07 0.0 0.0 0.0 0.0 1
_Cos_40973189139945914 11 "HSC-SSP Public Data Release 4 (Wide)" 132.70746164467752 -0.4065885322900779 1800.0 1 L r 40973189139945914 841.7006 25.96097 978.67053 38.711784 1329.1641 37.008957 1397.674 70.84905 1488.2517 131.72214 nan nan nan nan nan nan nan nan nan nan nan nan 1e-07 1e-07 0.0 0.0 0.0 0.0 1
_Cos_40973189139946027 11 "HSC-SSP Public Data Release 4 (Wide)" 132.82773160317748 -0.4033301074680967 1800.0 1 L r 40973189139946027 458.18375 15.330904 551.16675 24.853142 1163.1174 23.470821 1399.353 48.009277 1790.8314 94.70227 nan nan nan nan nan nan nan nan nan nan nan nan 1e-07 1e-07 0.0 0.0 0.0 0.0 1
_Cos_40973189139946047 11 "HSC-SSP Public Data Release 4 (Wide)" 132.8342761765004 -0.40292141074075555 1800.0 1 L r 40973189139946047 407.96805 17.746471 552.6831 27.50258 1206.6494 27.135412 1675.635 60.750584 1893.5833 102.555916 nan nan nan nan nan nan nan nan nan nan nan nan 1e-07 1e-07 0.0 0.0 0.0 0.0 1
_Cos_40973189139946426 11 "HSC-SSP Public Data Release 4 (Wide)" 132.76932380790853 -0.39772081819342514 1800.0 1 L r 40973189139946426 645.16113 20.975916 750.99536 31.662113 1262.7817 29.623663 1852.4619 79.65024 1639.767 109.235306 nan nan nan nan nan nan nan nan nan nan nan nan 1e-07 1e-07 0.0 0.0 0.0 0.0 1
_Cos_40973189139947084 11 "HSC-SSP Public Data Release 4 (Wide)" 132.73268954313278 -0.387241613748461 1800.0 1 L r 40973189139947084 748.62256 31.142834 911.8044 50.75858 1443.4985 41.8438 2077.6694 84.72004 2748.4385 171.33202 nan nan nan nan nan nan nan nan nan nan nan nan 1e-07 1e-07 0.0 0.0 0.0 0.0 1
_Cos_40973189139947268 11 "HSC-SSP Public Data Release 4 (Wide)" 132.85854093138755 -0.38418303338508547 1800.0 1 L r 40973189139947268 727.8247 30.391811 1118.0994 41.68762 2014.2493 39.42663 3779.5273 82.1445 4599.423 140.95123 nan nan nan nan nan nan nan nan nan nan nan nan 1e-07 1e-07 0.0 0.0 0.0 0.0 1
_Cos_40973189139947466 11 "HSC-SSP Public Data Release 4 (Wide)" 132.7920455240725 -0.37941301939625893 1800.0 1 L r 40973189139947466 1036.9634 24.61292 1323.0975 39.853855 2060.9138 46.582184 2420.1697 92.99975 3129.1372 193.73639 nan nan nan nan nan nan nan nan nan nan nan nan 1e-07 1e-07 0.0 0.0 0.0 0.0 1
_Cos_40973189139948339 11 "HSC-SSP Public Data Release 4 (Wide)" 132.7011981146185 -0.36645486402033867 1800.0 1 L r 40973189139948339 668.34595 17.53144 749.81036 27.185629 1109.2006 27.04502 1382.6136 58.195656 1466.0487 98.12453 nan nan nan nan nan nan nan nan nan nan nan nan 1e-07 1e-07 0.0 0.0 0.0 0.0 1
_Cos_40973189139948434 11 "HSC-SSP Public Data Release 4 (Wide)" 132.71918616707293 -0.36522826821616705 1800.0 1 L r 40973189139948434 1469.5878 21.402472 1936.4661 34.33601 3148.4893 32.366314 4158.2744 79.687584 3658.93 126.83285 nan nan nan nan nan nan nan nan nan nan nan nan 1e-07 1e-07 0.0 0.0 0.0 0.0 1
_Cos_40973189139948824 11 "HSC-SSP Public Data Release 4 (Wide)" 132.85947035797406 -0.3603008306259749 1800.0 1 L r 40973189139948824 1356.7974 17.665762 1491.6278 28.859924 2551.145 24.923042 2888.661 56.69369 4204.526 101.348206 nan nan nan nan nan nan nan nan nan nan nan nan 1e-07 1e-07 0.0 0.0 0.0 0.0 1
_Cos_40973189139948941 11 "HSC-SSP Public Data Release 4 (Wide)" 132.8316480577382 -0.35756518355317074 1800.0 1 L r 40973189139948941 528.10754 28.372225 939.9585 44.664494 1915.2007 32.681797 3690.1313 61.350277 4964.2183 125.66434 nan nan nan nan nan nan nan nan nan nan nan nan 1e-07 1e-07 0.0 0.0 0.0 0.0 1
_Cos_40973189139948975 11 "HSC-SSP Public Data Release 4 (Wide)" 132.81613998314822 -0.35643290888941775 1800.0 1 L r 40973189139948975 721.66315 30.012817 865.77966 41.290012 1505.3109 44.76995 1916.9132 78.38525 2853.401 161.12161 nan nan nan nan nan nan nan nan nan nan nan nan 1e-07 1e-07 0.0 0.0 0.0 0.0 1
_Cos_40973189139949189 11 "HSC-SSP Public Data Release 4 (Wide)" 132.79043327534308 -0.35470846938755274 1800.0 1 L r 40973189139949189 950.68616 33.68269 872.7455 42.47869 1220.7003 45.90306 1733.7463 85.062096 1127.4915 162.64128 nan nan nan nan nan nan nan nan nan nan nan nan 1e-07 1e-07 0.0 0.0 0.0 0.0 1
_Cos_40973189139950124 11 "HSC-SSP Public Data Release 4 (Wide)" 132.68949818350512 -0.3345601875462433 1800.0 1 L r 40973189139950124 1244.2706 23.972883 1597.4869 41.346493 1866.8057 33.60299 2788.4675 65.384384 3511.6013 119.493286 nan nan nan nan nan nan nan nan nan nan nan nan 1e-07 1e-07 0.0 0.0 0.0 0.0 1
_Cos_40973189139950344 11 "HSC-SSP Public Data Release 4 (Wide)" 132.8513619823219 -0.33150653046339384 1800.0 1 L r 40973189139950344 1092.8414 21.370342 1865.0751 36.70881 3011.7444 32.77504 6630.629 87.204094 9408.193 163.999 nan nan nan nan nan nan nan nan nan nan nan nan 1e-07 1e-07 0.0 0.0 0.0 0.0 1
