output/Jan25/final/field_b_L3_visit2_final_targets.ecsv
# %ECSV 1.0
# ---
# datatype:
# - {name: ob_code, datatype: string}
# - {name: catId, datatype: int32}
# - {name: description, datatype: string}
# - {name: ra, datatype: float64}
# - {name: dec, datatype: float64}
# - {name: exptime, datatype: float64}
# - {name: priority, datatype: int32}
# - {name: resolution, datatype: string}
# - {name: reference_arm, datatype: string}
# - {name: obj_id, datatype: int64}
# - {name: g_hsc, datatype: float64}
# - {name: g_hsc_err, datatype: float64}
# - {name: r2_hsc, datatype: float64}
# - {name: r2_hsc_err, datatype: float64}
# - {name: i2_hsc, datatype: float64}
# - {name: i2_hsc_err, datatype: float64}
# - {name: z_hsc, datatype: float64}
# - {name: z_hsc_err, datatype: float64}
# - {name: y_hsc, datatype: float64}
# - {name: y_hsc_err, datatype: float64}
# - {name: epoch, datatype: float64}
# - {name: input_catalog_id, datatype: float64}
# - {name: psf_flux_g, datatype: float64}
# - {name: psf_flux_error_g, datatype: float64}
# - {name: psf_flux_r, datatype: float64}
# - {name: psf_flux_error_r, datatype: float64}
# - {name: psf_flux_i, datatype: float64}
# - {name: psf_flux_error_i, datatype: float64}
# - {name: psf_flux_z, datatype: float64}
# - {name: psf_flux_error_z, datatype: float64}
# - {name: psf_flux_y, datatype: float64}
# - {name: psf_flux_error_y, datatype: float64}
# - {name: parallax, datatype: float64}
# - {name: parallax_error, datatype: float64}
# - {name: pmra, datatype: float64}
# - {name: pmra_error, datatype: float64}
# - {name: pmdec, datatype: float64}
# - {name: pmdec_error, datatype: float64}
# - {name: target_type, datatype: int32}
# schema: astropy-2.0
ob_code catId description ra dec exptime priority resolution reference_arm obj_id g_hsc g_hsc_err r2_hsc r2_hsc_err i2_hsc i2_hsc_err z_hsc z_hsc_err y_hsc y_hsc_err epoch input_catalog_id psf_flux_g psf_flux_error_g psf_flux_r psf_flux_error_r psf_flux_i psf_flux_error_i psf_flux_z psf_flux_error_z psf_flux_y psf_flux_error_y parallax parallax_error pmra pmra_error pmdec pmdec_error target_type
[from data line 1574]
_Sky_3294160303 2007 "Sky positions from PS1" 38.4436284641526 0.8317931537478459 1800.0 1 L r 3294160303 nan nan nan nan nan nan nan nan nan nan nan nan nan nan nan nan nan nan nan nan nan nan 1e-07 1e-07 0.0 0.0 0.0 0.0 2
_Sky_3294190369 2007 "Sky positions from PS1" 38.42191200167842 0.8733710854333856 1800.0 1 L r 3294190369 nan nan nan nan nan nan nan nan nan nan nan nan nan nan nan nan nan nan nan nan nan nan 1e-07 1e-07 0.0 0.0 0.0 0.0 2
_Sky_3294189928 2007 "Sky positions from PS1" 38.456035191409086 0.8536036463823561 1800.0 1 L r 3294189928 nan nan nan nan nan nan nan nan nan nan nan nan nan nan nan nan nan nan nan nan nan nan 1e-07 1e-07 0.0 0.0 0.0 0.0 2
_Sky_3294195572 2007 "Sky positions from PS1" 38.47974097730483 0.8565189127357211 1800.0 1 L r 3294195572 nan nan nan nan nan nan nan nan nan nan nan nan nan nan nan nan nan nan nan nan nan nan 1e-07 1e-07 0.0 0.0 0.0 0.0 2
_Sky_3294158982 2007 "Sky positions from PS1" 38.31025814867552 0.892554320240901 1800.0 1 L r 3294158982 nan nan nan nan nan nan nan nan nan nan nan nan nan nan nan nan nan nan nan nan nan nan 1e-07 1e-07 0.0 0.0 0.0 0.0 2
_Sky_3294165599 2007 "Sky positions from PS1" 38.33660278067435 0.8943090874782939 1800.0 1 L r 3294165599 nan nan nan nan nan nan nan nan nan nan nan nan nan nan nan nan nan nan nan nan nan nan 1e-07 1e-07 0.0 0.0 0.0 0.0 2
_Sky_3294203496 2007 "Sky positions from PS1" 38.31114503836412 0.9339409096125828 1800.0 1 L r 3294203496 nan nan nan nan nan nan nan nan nan nan nan nan nan nan nan nan nan nan nan nan nan nan 1e-07 1e-07 0.0 0.0 0.0 0.0 2
_Sky_3294189750 2007 "Sky positions from PS1" 38.40757264963836 0.895558166219719 1800.0 1 L r 3294189750 nan nan nan nan nan nan nan nan nan nan nan nan nan nan nan nan nan nan nan nan nan nan 1e-07 1e-07 0.0 0.0 0.0 0.0 2
_Sky_3294170310 2007 "Sky positions from PS1" 38.39627611252026 0.9150105706309754 1800.0 1 L r 3294170310 nan nan nan nan nan nan nan nan nan nan nan nan nan nan nan nan nan nan nan nan nan nan 1e-07 1e-07 0.0 0.0 0.0 0.0 2
_Sky_3294208221 2007 "Sky positions from PS1" 38.37254579665591 0.958762598910312 1800.0 1 L r 3294208221 nan nan nan nan nan nan nan nan nan nan nan nan nan nan nan nan nan nan nan nan nan nan 1e-07 1e-07 0.0 0.0 0.0 0.0 2
_Sky_3294174630 2007 "Sky positions from PS1" 38.29761661342126 0.9991376671296316 1800.0 1 L r 3294174630 nan nan nan nan nan nan nan nan nan nan nan nan nan nan nan nan nan nan nan nan nan nan 1e-07 1e-07 0.0 0.0 0.0 0.0 2
_Sky_3294152563 2007 "Sky positions from PS1" 38.31196926970087 0.9804766077091676 1800.0 1 L r 3294152563 nan nan nan nan nan nan nan nan nan nan nan nan nan nan nan nan nan nan nan nan nan nan 1e-07 1e-07 0.0 0.0 0.0 0.0 2
_Sky_3294155115 2007 "Sky positions from PS1" 38.33698020446175 0.9797545003336826 1800.0 1 L r 3294155115 nan nan nan nan nan nan nan nan nan nan nan nan nan nan nan nan nan nan nan nan nan nan 1e-07 1e-07 0.0 0.0 0.0 0.0 2
_Sky_3294207743 2007 "Sky positions from PS1" 38.28745324220044 1.020766249201661 1800.0 1 L r 3294207743 nan nan nan nan nan nan nan nan nan nan nan nan nan nan nan nan nan nan nan nan nan nan 1e-07 1e-07 0.0 0.0 0.0 0.0 2
_Sky_3294183359 2007 "Sky positions from PS1" 38.31193060995129 1.0193212039814712 1800.0 1 L r 3294183359 nan nan nan nan nan nan nan nan nan nan nan nan nan nan nan nan nan nan nan nan nan nan 1e-07 1e-07 0.0 0.0 0.0 0.0 2
_Sky_3294178195 2007 "Sky positions from PS1" 38.43292181637221 0.8963038089757093 1800.0 1 L r 3294178195 nan nan nan nan nan nan nan nan nan nan nan nan nan nan nan nan nan nan nan nan nan nan 1e-07 1e-07 0.0 0.0 0.0 0.0 2
_Sky_3294172733 2007 "Sky positions from PS1" 38.420152848999976 0.9575084085647456 1800.0 1 L r 3294172733 nan nan nan nan nan nan nan nan nan nan nan nan nan nan nan nan nan nan nan nan nan nan 1e-07 1e-07 0.0 0.0 0.0 0.0 2
_Sky_3294164896 2007 "Sky positions from PS1" 38.45821793995045 0.9369125679509424 1800.0 1 L r 3294164896 nan nan nan nan nan nan nan nan nan nan nan nan nan nan nan nan nan nan nan nan nan nan 1e-07 1e-07 0.0 0.0 0.0 0.0 2
_Sky_3294192470 2007 "Sky positions from PS1" 38.49336019520306 0.8774428156368381 1800.0 1 L r 3294192470 nan nan nan nan nan nan nan nan nan nan nan nan nan nan nan nan nan nan nan nan nan nan 1e-07 1e-07 0.0 0.0 0.0 0.0 2
_Sky_3294185320 2007 "Sky positions from PS1" 38.48226161336287 0.8964520004586184 1800.0 1 L r 3294185320 nan nan nan nan nan nan nan nan nan nan nan nan nan nan nan nan nan nan nan nan nan nan 1e-07 1e-07 0.0 0.0 0.0 0.0 2
_Sky_3294199930 2007 "Sky positions from PS1" 38.50421168228512 0.8966657545061797 1800.0 1 L r 3294199930 nan nan nan nan nan nan nan nan nan nan nan nan nan nan nan nan nan nan nan nan nan nan 1e-07 1e-07 0.0 0.0 0.0 0.0 2
_Sky_3294175536 2007 "Sky positions from PS1" 38.53144700907697 0.9394218694857674 1800.0 1 L r 3294175536 nan nan nan nan nan nan nan nan nan nan nan nan nan nan nan nan nan nan nan nan nan nan 1e-07 1e-07 0.0 0.0 0.0 0.0 2
_Sky_3294152219 2007 "Sky positions from PS1" 38.44546849862427 1.0010431857544395 1800.0 1 L r 3294152219 nan nan nan nan nan nan nan nan nan nan nan nan nan nan nan nan nan nan nan nan nan nan 1e-07 1e-07 0.0 0.0 0.0 0.0 2
_Sky_3294204765 2007 "Sky positions from PS1" 38.42168060590441 1.0447649580517584 1800.0 1 L r 3294204765 nan nan nan nan nan nan nan nan nan nan nan nan nan nan nan nan nan nan nan nan nan nan 1e-07 1e-07 0.0 0.0 0.0 0.0 2
_Sky_3294177469 2007 "Sky positions from PS1" 38.4840860991431 0.98185643087289 1800.0 1 L r 3294177469 nan nan nan nan nan nan nan nan nan nan nan nan nan nan nan nan nan nan nan nan nan nan 1e-07 1e-07 0.0 0.0 0.0 0.0 2
_Sky_3294195655 2007 "Sky positions from PS1" 38.50672328101578 0.9810084442254182 1800.0 1 L r 3294195655 nan nan nan nan nan nan nan nan nan nan nan nan nan nan nan nan nan nan nan nan nan nan 1e-07 1e-07 0.0 0.0 0.0 0.0 2
_Sky_3294163672 2007 "Sky positions from PS1" 38.518976748318856 1.002812900028272 1800.0 1 L r 3294163672 nan nan nan nan nan nan nan nan nan nan nan nan nan nan nan nan nan nan nan nan nan nan 1e-07 1e-07 0.0 0.0 0.0 0.0 2
_Sky_3294157263 2007 "Sky positions from PS1" 38.50764748262577 1.0231527701634178 1800.0 1 L r 3294157263 nan nan nan nan nan nan nan nan nan nan nan nan nan nan nan nan nan nan nan nan nan nan 1e-07 1e-07 0.0 0.0 0.0 0.0 2
_Sky_3294163106 2007 "Sky positions from PS1" 38.01307104078341 1.0619943858496408 1800.0 1 L r 3294163106 nan nan nan nan nan nan nan nan nan nan nan nan nan nan nan nan nan nan nan nan nan nan 1e-07 1e-07 0.0 0.0 0.0 0.0 2
_Sky_3294172173 2007 "Sky positions from PS1" 38.06483049086551 1.063268733998065 1800.0 1 L r 3294172173 nan nan nan nan nan nan nan nan nan nan nan nan nan nan nan nan nan nan nan nan nan nan 1e-07 1e-07 0.0 0.0 0.0 0.0 2
_Sky_3294158386 2007 "Sky positions from PS1" 38.05168160883171 1.0833219576260518 1800.0 1 L r 3294158386 nan nan nan nan nan nan nan nan nan nan nan nan nan nan nan nan nan nan nan nan nan nan 1e-07 1e-07 0.0 0.0 0.0 0.0 2
_Sky_3294196298 2007 "Sky positions from PS1" 38.07563324924185 1.124630321300522 1800.0 1 L r 3294196298 nan nan nan nan nan nan nan nan nan nan nan nan nan nan nan nan nan nan nan nan nan nan 1e-07 1e-07 0.0 0.0 0.0 0.0 2
_Sky_3294183288 2007 "Sky positions from PS1" 38.099718389938246 1.1696488858671217 1800.0 1 L r 3294183288 nan nan nan nan nan nan nan nan nan nan nan nan nan nan nan nan nan nan nan nan nan nan 1e-07 1e-07 0.0 0.0 0.0 0.0 2
_Sky_3294200212 2007 "Sky positions from PS1" 38.13736701677775 1.1474902828542202 1800.0 1 L r 3294200212 nan nan nan nan nan nan nan nan nan nan nan nan nan nan nan nan nan nan nan nan nan nan 1e-07 1e-07 0.0 0.0 0.0 0.0 2
_Sky_3294179544 2007 "Sky positions from PS1" 38.11351729938333 1.1916985486133005 1800.0 1 L r 3294179544 nan nan nan nan nan nan nan nan nan nan nan nan nan nan nan nan nan nan nan nan nan nan 1e-07 1e-07 0.0 0.0 0.0 0.0 2
_Sky_3294194308 2007 "Sky positions from PS1" 38.16315721777807 1.1502381124566936 1800.0 1 L r 3294194308 nan nan nan nan nan nan nan nan nan nan nan nan nan nan nan nan nan nan nan nan nan nan 1e-07 1e-07 0.0 0.0 0.0 0.0 2
_Sky_3294194079 2007 "Sky positions from PS1" 38.26374231606369 1.1483675461830587 1800.0 1 L r 3294194079 nan nan nan nan nan nan nan nan nan nan nan nan nan nan nan nan nan nan nan nan nan nan 1e-07 1e-07 0.0 0.0 0.0 0.0 2
_Sky_3294207261 2007 "Sky positions from PS1" 38.21305121170504 1.1926373135477804 1800.0 1 L r 3294207261 nan nan nan nan nan nan nan nan nan nan nan nan nan nan nan nan nan nan nan nan nan nan 1e-07 1e-07 0.0 0.0 0.0 0.0 2
_Sky_3294161698 2007 "Sky positions from PS1" 38.26302510050166 1.1922500735658774 1800.0 1 L r 3294161698 nan nan nan nan nan nan nan nan nan nan nan nan nan nan nan nan nan nan nan nan nan nan 1e-07 1e-07 0.0 0.0 0.0 0.0 2
_Sky_3294200954 2007 "Sky positions from PS1" 38.024464673082576 1.299039235135796 1800.0 1 L r 3294200954 nan nan nan nan nan nan nan nan nan nan nan nan nan nan nan nan nan nan nan nan nan nan 1e-07 1e-07 0.0 0.0 0.0 0.0 2
_Sky_3294160641 2007 "Sky positions from PS1" 38.06313819768134 1.2776308010451485 1800.0 1 L r 3294160641 nan nan nan nan nan nan nan nan nan nan nan nan nan nan nan nan nan nan nan nan nan nan 1e-07 1e-07 0.0 0.0 0.0 0.0 2
_Sky_3294182433 2007 "Sky positions from PS1" 38.07584712219349 1.25537454993098 1800.0 1 L r 3294182433 nan nan nan nan nan nan nan nan nan nan nan nan nan nan nan nan nan nan nan nan nan nan 1e-07 1e-07 0.0 0.0 0.0 0.0 2
_Sky_3294178955 2007 "Sky positions from PS1" 38.12681949778884 1.2578399412253318 1800.0 1 L r 3294178955 nan nan nan nan nan nan nan nan nan nan nan nan nan nan nan nan nan nan nan nan nan nan 1e-07 1e-07 0.0 0.0 0.0 0.0 2
_Sky_3294191002 2007 "Sky positions from PS1" 38.05076301795791 1.3422150743450738 1800.0 1 L r 3294191002 nan nan nan nan nan nan nan nan nan nan nan nan nan nan nan nan nan nan nan nan nan nan 1e-07 1e-07 0.0 0.0 0.0 0.0 2
_Sky_3294163938 2007 "Sky positions from PS1" 38.03792623360816 1.4085648589242126 1800.0 1 L r 3294163938 nan nan nan nan nan nan nan nan nan nan nan nan nan nan nan nan nan nan nan nan nan nan 1e-07 1e-07 0.0 0.0 0.0 0.0 2
_Sky_3294171003 2007 "Sky positions from PS1" 38.08714949012829 1.364303509772096 1800.0 1 L r 3294171003 nan nan nan nan nan nan nan nan nan nan nan nan nan nan nan nan nan nan nan nan nan nan 1e-07 1e-07 0.0 0.0 0.0 0.0 2
_Sky_3294188616 2007 "Sky positions from PS1" 38.12581597652344 1.3444353632218846 1800.0 1 L r 3294188616 nan nan nan nan nan nan nan nan nan nan nan nan nan nan nan nan nan nan nan nan nan nan 1e-07 1e-07 0.0 0.0 0.0 0.0 2
_Sky_3294207614 2007 "Sky positions from PS1" 38.16350987515472 1.2353135503182386 1800.0 1 L r 3294207614 nan nan nan nan nan nan nan nan nan nan nan nan nan nan nan nan nan nan nan nan nan nan 1e-07 1e-07 0.0 0.0 0.0 0.0 2
_Sky_3294161173 2007 "Sky positions from PS1" 38.16260753149209 1.2801278463147732 1800.0 1 L r 3294161173 nan nan nan nan nan nan nan nan nan nan nan nan nan nan nan nan nan nan nan nan nan nan 1e-07 1e-07 0.0 0.0 0.0 0.0 2
_Sky_3294161921 2007 "Sky positions from PS1" 38.20028362753211 1.3440967368781251 1800.0 1 L r 3294161921 nan nan nan nan nan nan nan nan nan nan nan nan nan nan nan nan nan nan nan nan nan nan 1e-07 1e-07 0.0 0.0 0.0 0.0 2
_Sky_3294177943 2007 "Sky positions from PS1" 38.20194249840594 1.3875574489726863 1800.0 1 L r 3294177943 nan nan nan nan nan nan nan nan nan nan nan nan nan nan nan nan nan nan nan nan nan nan 1e-07 1e-07 0.0 0.0 0.0 0.0 2
_Sky_3294182339 2007 "Sky positions from PS1" 38.261299997743386 1.3230082562165428 1800.0 1 L r 3294182339 nan nan nan nan nan nan nan nan nan nan nan nan nan nan nan nan nan nan nan nan nan nan 1e-07 1e-07 0.0 0.0 0.0 0.0 2
_Sky_3294188111 2007 "Sky positions from PS1" 38.23611346203222 1.365471269823909 1800.0 1 L r 3294188111 nan nan nan nan nan nan nan nan nan nan nan nan nan nan nan nan nan nan nan nan nan nan 1e-07 1e-07 0.0 0.0 0.0 0.0 2
_Sky_3294190422 2007 "Sky positions from PS1" 38.24864259097306 1.387286001290031 1800.0 1 L r 3294190422 nan nan nan nan nan nan nan nan nan nan nan nan nan nan nan nan nan nan nan nan nan nan 1e-07 1e-07 0.0 0.0 0.0 0.0 2
_Sky_3294203204 2007 "Sky positions from PS1" 38.27333651457685 1.3855217988405708 1800.0 1 L r 3294203204 nan nan nan nan nan nan nan nan nan nan nan nan nan nan nan nan nan nan nan nan nan nan 1e-07 1e-07 0.0 0.0 0.0 0.0 2
_Sky_3294156067 2007 "Sky positions from PS1" 38.300014891084246 1.0845754326525077 1800.0 1 L r 3294156067 nan nan nan nan nan nan nan nan nan nan nan nan nan nan nan nan nan nan nan nan nan nan 1e-07 1e-07 0.0 0.0 0.0 0.0 2
_Sky_3294195407 2007 "Sky positions from PS1" 38.27618657133803 1.1280801640147735 1800.0 1 L r 3294195407 nan nan nan nan nan nan nan nan nan nan nan nan nan nan nan nan nan nan nan nan nan nan 1e-07 1e-07 0.0 0.0 0.0 0.0 2
_Sky_3294205805 2007 "Sky positions from PS1" 38.31149638315081 1.1060814239573546 1800.0 1 L r 3294205805 nan nan nan nan nan nan nan nan nan nan nan nan nan nan nan nan nan nan nan nan nan nan 1e-07 1e-07 0.0 0.0 0.0 0.0 2
_Sky_3294169169 2007 "Sky positions from PS1" 38.324763845395374 1.126403879127622 1800.0 1 L r 3294169169 nan nan nan nan nan nan nan nan nan nan nan nan nan nan nan nan nan nan nan nan nan nan 1e-07 1e-07 0.0 0.0 0.0 0.0 2
_Sky_3294181281 2007 "Sky positions from PS1" 38.37476891838295 1.0861971621461777 1800.0 1 L r 3294181281 nan nan nan nan nan nan nan nan nan nan nan nan nan nan nan nan nan nan nan nan nan nan 1e-07 1e-07 0.0 0.0 0.0 0.0 2
_Sky_3294199402 2007 "Sky positions from PS1" 38.39726240218731 1.1274523688794966 1800.0 1 L r 3294199402 nan nan nan nan nan nan nan nan nan nan nan nan nan nan nan nan nan nan nan nan nan nan 1e-07 1e-07 0.0 0.0 0.0 0.0 2
_Sky_3294202932 2007 "Sky positions from PS1" 38.28705510319328 1.1507127177215768 1800.0 1 L r 3294202932 nan nan nan nan nan nan nan nan nan nan nan nan nan nan nan nan nan nan nan nan nan nan 1e-07 1e-07 0.0 0.0 0.0 0.0 2
_Sky_3294207809 2007 "Sky positions from PS1" 38.29946242511812 1.2125557508366478 1800.0 1 L r 3294207809 nan nan nan nan nan nan nan nan nan nan nan nan nan nan nan nan nan nan nan nan nan nan 1e-07 1e-07 0.0 0.0 0.0 0.0 2
_Sky_3294161749 2007 "Sky positions from PS1" 38.37308518970824 1.1703834181622703 1800.0 1 L r 3294161749 nan nan nan nan nan nan nan nan nan nan nan nan nan nan nan nan nan nan nan nan nan nan 1e-07 1e-07 0.0 0.0 0.0 0.0 2
_Sky_3294199528 2007 "Sky positions from PS1" 38.38499538202691 1.1514542264111491 1800.0 1 L r 3294199528 nan nan nan nan nan nan nan nan nan nan nan nan nan nan nan nan nan nan nan nan nan nan 1e-07 1e-07 0.0 0.0 0.0 0.0 2
_Sky_3294197943 2007 "Sky positions from PS1" 38.36175696127901 1.1935868921178734 1800.0 1 L r 3294197943 nan nan nan nan nan nan nan nan nan nan nan nan nan nan nan nan nan nan nan nan nan nan 1e-07 1e-07 0.0 0.0 0.0 0.0 2
_Sky_3294197438 2007 "Sky positions from PS1" 38.34989876752928 1.2147245549110652 1800.0 1 L r 3294197438 nan nan nan nan nan nan nan nan nan nan nan nan nan nan nan nan nan nan nan nan nan nan 1e-07 1e-07 0.0 0.0 0.0 0.0 2
_Sky_3294177065 2007 "Sky positions from PS1" 38.4331855057702 1.0642574699087304 1800.0 1 L r 3294177065 nan nan nan nan nan nan nan nan nan nan nan nan nan nan nan nan nan nan nan nan nan nan 1e-07 1e-07 0.0 0.0 0.0 0.0 2
_Sky_3294165354 2007 "Sky positions from PS1" 38.44835272941325 1.0848026453560058 1800.0 1 L r 3294165354 nan nan nan nan nan nan nan nan nan nan nan nan nan nan nan nan nan nan nan nan nan nan 1e-07 1e-07 0.0 0.0 0.0 0.0 2
_Sky_3294162030 2007 "Sky positions from PS1" 38.44725348083886 1.1295396649501128 1800.0 1 L r 3294162030 nan nan nan nan nan nan nan nan nan nan nan nan nan nan nan nan nan nan nan nan nan nan 1e-07 1e-07 0.0 0.0 0.0 0.0 2
