output/Jan25/final/field_a_L4_visit1_final_targets.ecsv
# %ECSV 1.0
# ---
# datatype:
# - {name: ob_code, datatype: string}
# - {name: catId, datatype: int32}
# - {name: description, datatype: string}
# - {name: ra, datatype: float64}
# - {name: dec, datatype: float64}
# - {name: exptime, datatype: float64}
# - {name: priority, datatype: int32}
# - {name: resolution, datatype: string}
# - {name: reference_arm, datatype: string}
# - {name: obj_id, datatype: int64}
# - {name: g_hsc, datatype: float64}
# - {name: g_hsc_err, datatype: float64}
# - {name: r2_hsc, datatype: float64}
# - {name: r2_hsc_err, datatype: float64}
# - {name: i2_hsc, datatype: float64}
# - {name: i2_hsc_err, datatype: float64}
# - {name: z_hsc, datatype: float64}
# - {name: z_hsc_err, datatype: float64}
# - {name: y_hsc, datatype: float64}
# - {name: y_hsc_err, datatype: float64}
# - {name: epoch, datatype: float64}
# - {name: input_catalog_id, datatype: float64}
# - {name: psf_flux_g, datatype: float64}
# - {name: psf_flux_error_g, datatype: float64}
# - {name: psf_flux_r, datatype: float64}
# - {name: psf_flux_error_r, datatype: float64}
# - {name: psf_flux_i, datatype: float64}
# - {name: psf_flux_error_i, datatype: float64}
# - {name: psf_flux_z, datatype: float64}
# - {name: psf_flux_error_z, datatype: float64}
# - {name: psf_flux_y, datatype: float64}
# - {name: psf_flux_error_y, datatype: float64}
# - {name: parallax, datatype: float64}
# - {name: parallax_error, datatype: float64}
# - {name: pmra, datatype: float64}
# - {name: pmra_error, datatype: float64}
# - {name: pmdec, datatype: float64}
# - {name: pmdec_error, datatype: float64}
# - {name: target_type, datatype: int32}
# schema: astropy-2.0
ob_code catId description ra dec exptime priority resolution reference_arm obj_id g_hsc g_hsc_err r2_hsc r2_hsc_err i2_hsc i2_hsc_err z_hsc z_hsc_err y_hsc y_hsc_err epoch input_catalog_id psf_flux_g psf_flux_error_g psf_flux_r psf_flux_error_r psf_flux_i psf_flux_error_i psf_flux_z psf_flux_error_z psf_flux_y psf_flux_error_y parallax parallax_error pmra pmra_error pmdec pmdec_error target_type
[from data line 1090]
_Cos_38553971501059614 11 "HSC-SSP Public Data Release 4 (Wide)" 35.51186918323468 -4.165414712433274 1800.0 1 L r 38553971501059614 1172.8291 26.907412 1470.582 53.11139 3210.3467 66.703354 3524.2795 126.13307 2939.7114 201.07314 nan nan nan nan nan nan nan nan nan nan nan nan 1e-07 1e-07 0.0 0.0 0.0 0.0 1
_Cos_38553971501059745 11 "HSC-SSP Public Data Release 4 (Wide)" 35.5404073882608 -4.161150743931741 1800.0 1 L r 38553971501059745 762.7859 20.649704 1097.5475 37.975616 1959.922 31.948595 3148.5571 80.93074 3512.7473 150.85675 nan nan nan nan nan nan nan nan nan nan nan nan 1e-07 1e-07 0.0 0.0 0.0 0.0 1
_Cos_38553971501060436 11 "HSC-SSP Public Data Release 4 (Wide)" 35.44503502729122 -4.148513943590965 1800.0 1 L r 38553971501060436 1095.9204 20.606722 1288.1321 43.898685 1390.9607 27.495075 1540.9478 77.35025 2854.6638 190.56999 nan nan nan nan nan nan nan nan nan nan nan nan 1e-07 1e-07 0.0 0.0 0.0 0.0 1
_Cos_38553971501060595 11 "HSC-SSP Public Data Release 4 (Wide)" 35.585242060889996 -4.145819993536725 1800.0 1 L r 38553971501060595 1281.4409 22.870667 1442.4349 53.536312 1919.6187 33.07417 1955.2876 76.97114 2776.4338 192.34978 nan nan nan nan nan nan nan nan nan nan nan nan 1e-07 1e-07 0.0 0.0 0.0 0.0 1
_Cos_38553971501061612 11 "HSC-SSP Public Data Release 4 (Wide)" 35.54174236075983 -4.126419171774575 1800.0 1 L r 38553971501061612 671.9765 14.658001 879.04517 30.732761 1790.1025 20.405405 2619.145 55.854218 2813.4387 136.94386 nan nan nan nan nan nan nan nan nan nan nan nan 1e-07 1e-07 0.0 0.0 0.0 0.0 1
_Cos_38553971501061659 11 "HSC-SSP Public Data Release 4 (Wide)" 35.588337650678696 -4.125791977107758 1800.0 1 L r 38553971501061659 683.4476 16.79504 816.8462 41.471382 1046.1096 28.548935 1803.5122 76.75332 2403.2202 181.71167 nan nan nan nan nan nan nan nan nan nan nan nan 1e-07 1e-07 0.0 0.0 0.0 0.0 1
_Cos_38553971501062175 11 "HSC-SSP Public Data Release 4 (Wide)" 35.43916017899346 -4.114223906478586 1800.0 1 L r 38553971501062175 502.34467 23.87847 916.2311 46.797585 1940.0172 32.07859 4201.846 90.55963 5049.8486 167.25847 nan nan nan nan nan nan nan nan nan nan nan nan 1e-07 1e-07 0.0 0.0 0.0 0.0 1
_Cos_38553971501062381 11 "HSC-SSP Public Data Release 4 (Wide)" 35.472513829515805 -4.111022208810021 1800.0 1 L r 38553971501062381 692.56995 22.014482 792.1525 47.54515 1321.6533 35.77754 1923.9342 86.81793 2205.3696 196.79405 nan nan nan nan nan nan nan nan nan nan nan nan 1e-07 1e-07 0.0 0.0 0.0 0.0 1
_Cos_38553971501062530 11 "HSC-SSP Public Data Release 4 (Wide)" 35.605480660108874 -4.106929518466861 1800.0 1 L r 38553971501062530 1226.0581 18.672752 1615.1014 44.02164 2229.9675 28.984678 3101.8354 81.38481 4433.487 188.27953 nan nan nan nan nan nan nan nan nan nan nan nan 1e-07 1e-07 0.0 0.0 0.0 0.0 1
_Cos_38553971501062741 11 "HSC-SSP Public Data Release 4 (Wide)" 35.578302541579944 -4.1037698489133545 1800.0 1 L r 38553971501062741 1394.907 20.252531 1857.4254 42.773987 3199.1873 27.030329 4137.755 78.21688 4313.095 208.41772 nan nan nan nan nan nan nan nan nan nan nan nan 1e-07 1e-07 0.0 0.0 0.0 0.0 1
_Cos_38553971501063122 11 "HSC-SSP Public Data Release 4 (Wide)" 35.55909048462886 -4.096448376132986 1800.0 1 L r 38553971501063122 558.1873 17.356966 700.4818 38.825462 1380.4926 30.015083 1769.1475 81.43116 1042.1178 144.1748 nan nan nan nan nan nan nan nan nan nan nan nan 1e-07 1e-07 0.0 0.0 0.0 0.0 1
_Cos_38553971501063205 11 "HSC-SSP Public Data Release 4 (Wide)" 35.50311697939049 -4.094986667766026 1800.0 1 L r 38553971501063205 1087.6886 14.480307 1533.8652 35.757095 2391.032 25.68652 3317.126 80.15648 3713.8438 139.10509 nan nan nan nan nan nan nan nan nan nan nan nan 1e-07 1e-07 0.0 0.0 0.0 0.0 1
_Cos_38553971501064326 11 "HSC-SSP Public Data Release 4 (Wide)" 35.4393136257593 -4.0748510923824135 1800.0 1 L r 38553971501064326 911.29694 20.705444 1360.7963 49.834698 2085.7708 35.83469 3648.4597 95.0409 4882.1133 219.81337 nan nan nan nan nan nan nan nan nan nan nan nan 1e-07 1e-07 0.0 0.0 0.0 0.0 1
_Cos_38553971501064479 11 "HSC-SSP Public Data Release 4 (Wide)" 35.55688254442199 -4.070924033177135 1800.0 1 L r 38553971501064479 1447.5743 38.127502 691.6751 38.439056 2330.3276 54.492977 3910.0537 167.87398 2096.8733 213.87103 nan nan nan nan nan nan nan nan nan nan nan nan 1e-07 1e-07 0.0 0.0 0.0 0.0 1
_Cos_38553971501064750 11 "HSC-SSP Public Data Release 4 (Wide)" 35.52933841254937 -4.06753257121407 1800.0 1 L r 38553971501064750 595.1359 17.576254 796.26154 41.462864 1101.2017 29.528873 1652.175 97.96716 2303.9114 237.01581 nan nan nan nan nan nan nan nan nan nan nan nan 1e-07 1e-07 0.0 0.0 0.0 0.0 1
_Cos_38553971501065270 11 "HSC-SSP Public Data Release 4 (Wide)" 35.479744374120635 -4.0571660715574955 1800.0 1 L r 38553971501065270 680.65186 20.494932 669.1486 43.508907 935.25946 32.46941 1178.9463 78.797966 892.7581 134.6759 nan nan nan nan nan nan nan nan nan nan nan nan 1e-07 1e-07 0.0 0.0 0.0 0.0 1
_Cos_38553971501065305 11 "HSC-SSP Public Data Release 4 (Wide)" 35.45924951742823 -4.0545924823876245 1800.0 1 L r 38553971501065305 682.0081 15.846763 849.82513 38.735065 1197.8734 29.415894 1773.3235 103.609 1745.6981 156.77454 nan nan nan nan nan nan nan nan nan nan nan nan 1e-07 1e-07 0.0 0.0 0.0 0.0 1
_Cos_38553971501065339 11 "HSC-SSP Public Data Release 4 (Wide)" 35.57356494741704 -4.0568594305151775 1800.0 1 L r 38553971501065339 793.23584 31.689432 808.8004 60.547775 958.427 25.639526 1384.7135 77.52458 2018.3097 175.6104 nan nan nan nan nan nan nan nan nan nan nan nan 1e-07 1e-07 0.0 0.0 0.0 0.0 1
_Cos_38553971501065731 11 "HSC-SSP Public Data Release 4 (Wide)" 35.60068784086419 -4.05111268346111 1800.0 1 L r 38553971501065731 1050.7274 14.527296 1369.764 39.99968 2472.9822 22.934137 3626.9856 82.7709 3997.1333 134.95009 nan nan nan nan nan nan nan nan nan nan nan nan 1e-07 1e-07 0.0 0.0 0.0 0.0 1
_Cos_38553971501066593 11 "HSC-SSP Public Data Release 4 (Wide)" 35.56221020435586 -4.032533679512312 1800.0 1 L r 38553971501066593 1016.1321 24.841036 1390.0024 86.447266 1025.4836 27.455854 1194.0604 89.612595 1072.9362 130.8042 nan nan nan nan nan nan nan nan nan nan nan nan 1e-07 1e-07 0.0 0.0 0.0 0.0 1
_Cos_38553971501066958 11 "HSC-SSP Public Data Release 4 (Wide)" 35.577431712490835 -4.025361059858349 1800.0 1 L r 38553971501066958 727.9486 30.852703 1124.3577 72.93316 1990.1193 35.014717 3059.6323 102.788124 3156.9714 180.07161 nan nan nan nan nan nan nan nan nan nan nan nan 1e-07 1e-07 0.0 0.0 0.0 0.0 1
_Cos_38553971501068068 11 "HSC-SSP Public Data Release 4 (Wide)" 35.56748723982741 -4.004622477843705 1800.0 1 L r 38553971501068068 1810.5276 18.347475 2129.5454 51.63067 2374.2917 28.296738 3124.3262 90.03046 4129.0425 184.47075 nan nan nan nan nan nan nan nan nan nan nan nan 1e-07 1e-07 0.0 0.0 0.0 0.0 1
_Cos_38553971501068182 11 "HSC-SSP Public Data Release 4 (Wide)" 35.43679374056291 -4.002098397101533 1800.0 1 L r 38553971501068182 783.3398 13.716977 965.4552 35.593124 1184.342 20.513186 808.7197 57.915745 1639.4633 144.93849 nan nan nan nan nan nan nan nan nan nan nan nan 1e-07 1e-07 0.0 0.0 0.0 0.0 1
_Cos_38553971501068240 11 "HSC-SSP Public Data Release 4 (Wide)" 35.46581290682482 -4.0003085286915825 1800.0 1 L r 38553971501068240 333.23785 16.147358 381.41214 42.48116 1092.8107 56.722378 482.07712 88.22129 658.9371 175.66882 nan nan nan nan nan nan nan nan nan nan nan nan 1e-07 1e-07 0.0 0.0 0.0 0.0 1
_Cos_38553975796007632 11 "HSC-SSP Public Data Release 4 (Wide)" 35.513410916629 -3.9897128569182336 1800.0 1 L r 38553975796007632 500.88138 16.812645 590.99097 44.962112 1124.6973 26.358068 1309.555 75.17702 1371.193 152.35968 nan nan nan nan nan nan nan nan nan nan nan nan 1e-07 1e-07 0.0 0.0 0.0 0.0 1
_Cos_38553975796008176 11 "HSC-SSP Public Data Release 4 (Wide)" 35.57784194732985 -3.97909825491911 1800.0 1 L r 38553975796008176 377.10822 27.14333 576.5064 55.728752 999.4515 37.539803 1545.3646 88.09 1924.064 211.37495 nan nan nan nan nan nan nan nan nan nan nan nan 1e-07 1e-07 0.0 0.0 0.0 0.0 1
_Cos_38553975796009349 11 "HSC-SSP Public Data Release 4 (Wide)" 35.59021336220397 -3.9572142332750713 1800.0 1 L r 38553975796009349 766.25885 21.82776 965.3458 52.20411 1080.5437 42.971634 1530.3158 135.86871 3036.0168 283.90134 nan nan nan nan nan nan nan nan nan nan nan nan 1e-07 1e-07 0.0 0.0 0.0 0.0 1
_Cos_38553975796009727 11 "HSC-SSP Public Data Release 4 (Wide)" 35.56238581333619 -3.949590979755711 1800.0 1 L r 38553975796009727 487.92404 18.269796 666.2623 38.33509 1135.8928 31.225908 969.25946 92.19968 1432.1846 211.33038 nan nan nan nan nan nan nan nan nan nan nan nan 1e-07 1e-07 0.0 0.0 0.0 0.0 1
_Cos_38553975796010648 11 "HSC-SSP Public Data Release 4 (Wide)" 35.4772872872093 -3.931410883837052 1800.0 1 L r 38553975796010648 480.39798 17.558369 657.07477 49.488636 1225.1085 31.75248 1510.4294 73.113846 1227.7562 152.94711 nan nan nan nan nan nan nan nan nan nan nan nan 1e-07 1e-07 0.0 0.0 0.0 0.0 1
_Cos_38553975796011643 11 "HSC-SSP Public Data Release 4 (Wide)" 35.534740180011475 -3.911045568859762 1800.0 1 L r 38553975796011643 632.48285 14.713232 993.4365 40.1663 1390.5222 26.630219 2328.2031 79.37839 1383.2004 153.50728 nan nan nan nan nan nan nan nan nan nan nan nan 1e-07 1e-07 0.0 0.0 0.0 0.0 1
_Cos_38553975796012836 11 "HSC-SSP Public Data Release 4 (Wide)" 35.44686269563664 -3.8853213504899684 1800.0 1 L r 38553975796012836 812.22626 35.06758 789.4089 56.84492 1191.7162 46.58538 2200.744 120.37406 2367.9233 201.40681 nan nan nan nan nan nan nan nan nan nan nan nan 1e-07 1e-07 0.0 0.0 0.0 0.0 1
_Cos_38553975796012919 11 "HSC-SSP Public Data Release 4 (Wide)" 35.5015728152712 -3.883864272828073 1800.0 1 L r 38553975796012919 711.05426 23.443386 749.86194 45.16347 1012.5423 45.890366 1335.8694 111.62196 634.9644 162.8965 nan nan nan nan nan nan nan nan nan nan nan nan 1e-07 1e-07 0.0 0.0 0.0 0.0 1
_Cos_38553975796013140 11 "HSC-SSP Public Data Release 4 (Wide)" 35.478205391479854 -3.8792810859874027 1800.0 1 L r 38553975796013140 799.65393 17.015444 1203.5328 47.673767 1739.097 33.836235 2777.79 87.12443 3920.8386 189.45122 nan nan nan nan nan nan nan nan nan nan nan nan 1e-07 1e-07 0.0 0.0 0.0 0.0 1
_Cos_38553975796013350 11 "HSC-SSP Public Data Release 4 (Wide)" 35.493581115267396 -3.874430430843118 1800.0 1 L r 38553975796013350 1168.5569 19.913616 1148.3745 53.935524 1652.8209 38.932842 1933.37 97.37148 887.42365 121.26507 nan nan nan nan nan nan nan nan nan nan nan nan 1e-07 1e-07 0.0 0.0 0.0 0.0 1
_Cos_38553975796014909 11 "HSC-SSP Public Data Release 4 (Wide)" 35.42455639032097 -3.842697860265882 1800.0 1 L r 38553975796014909 1225.3083 19.010044 1656.1371 43.99244 2982.088 28.738773 4312.892 69.35117 5046.2363 128.32742 nan nan nan nan nan nan nan nan nan nan nan nan 1e-07 1e-07 0.0 0.0 0.0 0.0 1
_Cos_38553975796015152 11 "HSC-SSP Public Data Release 4 (Wide)" 35.51975601743477 -3.837720423670787 1800.0 1 L r 38553975796015152 867.0122 22.174156 1057.204 53.33587 1194.2631 32.65599 1145.6172 75.216385 1511.96 164.1222 nan nan nan nan nan nan nan nan nan nan nan nan 1e-07 1e-07 0.0 0.0 0.0 0.0 1
_Cos_38553975796026438 11 "HSC-SSP Public Data Release 4 (Wide)" 35.48240580022969 -3.9979818713618887 1800.0 1 L r 38553975796026438 1200.344 24.367523 1732.0035 61.14593 3220.5361 34.667564 4799.8784 91.90996 6041.1855 186.2164 nan nan nan nan nan nan nan nan nan nan nan nan 1e-07 1e-07 0.0 0.0 0.0 0.0 1
_Cos_38553975796027392 11 "HSC-SSP Public Data Release 4 (Wide)" 35.42790228864735 -3.979328798589614 1800.0 1 L r 38553975796027392 516.4713 21.549616 513.7156 50.028534 945.368 32.945793 1349.8038 94.40097 1329.653 149.60635 nan nan nan nan nan nan nan nan nan nan nan nan 1e-07 1e-07 0.0 0.0 0.0 0.0 1
_Cos_38553975796027450 11 "HSC-SSP Public Data Release 4 (Wide)" 35.55306722256213 -3.9779843162689676 1800.0 1 L r 38553975796027450 867.45575 21.700253 1156.4093 55.352726 1922.6506 29.614035 2397.2732 88.194374 1990.815 150.21059 nan nan nan nan nan nan nan nan nan nan nan nan 1e-07 1e-07 0.0 0.0 0.0 0.0 1
_Cos_38553975796027831 11 "HSC-SSP Public Data Release 4 (Wide)" 35.480619130218116 -3.970358350351236 1800.0 1 L r 38553975796027831 1261.0284 17.36661 1512.2653 51.56191 1240.7003 24.929731 1167.4022 64.61993 1953.909 186.14505 nan nan nan nan nan nan nan nan nan nan nan nan 1e-07 1e-07 0.0 0.0 0.0 0.0 1
_Cos_38553975796028059 11 "HSC-SSP Public Data Release 4 (Wide)" 35.6080123848383 -3.967844511233079 1800.0 1 L r 38553975796028059 393.81348 20.33666 554.32654 46.804714 1297.5072 29.574162 1897.1708 82.3478 2385.9778 165.53232 nan nan nan nan nan nan nan nan nan nan nan nan 1e-07 1e-07 0.0 0.0 0.0 0.0 1
_Cos_38553975796028329 11 "HSC-SSP Public Data Release 4 (Wide)" 35.48742651213287 -3.9624221459543776 1800.0 1 L r 38553975796028329 1645.0627 16.842886 1992.8339 44.698368 2869.4255 34.66799 3053.861 87.06115 5015.4756 172.21657 nan nan nan nan nan nan nan nan nan nan nan nan 1e-07 1e-07 0.0 0.0 0.0 0.0 1
_Cos_38553975796028678 11 "HSC-SSP Public Data Release 4 (Wide)" 35.53234696260922 -3.9563976765432054 1800.0 1 L r 38553975796028678 1038.2577 20.50896 1135.2399 51.517776 1356.752 41.133686 1739.6807 87.85358 1329.9537 172.2711 nan nan nan nan nan nan nan nan nan nan nan nan 1e-07 1e-07 0.0 0.0 0.0 0.0 1
_Cos_38553975796028740 11 "HSC-SSP Public Data Release 4 (Wide)" 35.44132069626688 -3.955088592115037 1800.0 1 L r 38553975796028740 1882.8734 29.576551 1819.3997 63.348495 2724.7148 53.80527 3821.7197 117.60317 5249.395 238.69914 nan nan nan nan nan nan nan nan nan nan nan nan 1e-07 1e-07 0.0 0.0 0.0 0.0 1
_Cos_38553975796029170 11 "HSC-SSP Public Data Release 4 (Wide)" 35.511788141263324 -3.9485438035257006 1800.0 1 L r 38553975796029170 697.1414 14.979276 845.3754 36.371468 1059.0215 29.69268 1228.5068 72.74081 1197.7559 156.6969 nan nan nan nan nan nan nan nan nan nan nan nan 1e-07 1e-07 0.0 0.0 0.0 0.0 1
_Cos_38553975796030073 11 "HSC-SSP Public Data Release 4 (Wide)" 35.45694270137673 -3.932035886929115 1800.0 1 L r 38553975796030073 1478.3595 29.412594 1521.2783 64.1476 2105.5088 57.095592 2180.4988 133.66861 2842.0469 282.00076 nan nan nan nan nan nan nan nan nan nan nan nan 1e-07 1e-07 0.0 0.0 0.0 0.0 1
_Cos_38553975796031003 11 "HSC-SSP Public Data Release 4 (Wide)" 35.56610110327494 -3.9147427573589635 1800.0 1 L r 38553975796031003 467.01202 14.722242 545.03864 30.766596 1165.2021 22.676485 1724.0847 68.33527 2136.4648 159.76845 nan nan nan nan nan nan nan nan nan nan nan nan 1e-07 1e-07 0.0 0.0 0.0 0.0 1
_Cos_38553975796031469 11 "HSC-SSP Public Data Release 4 (Wide)" 35.42958291778322 -3.9082665332108806 1800.0 1 L r 38553975796031469 732.0571 21.918228 899.25977 44.193027 1561.6693 40.370983 2330.5005 96.687874 4227.9893 196.85718 nan nan nan nan nan nan nan nan nan nan nan nan 1e-07 1e-07 0.0 0.0 0.0 0.0 1
_Cos_38553975796031504 11 "HSC-SSP Public Data Release 4 (Wide)" 35.45981690024036 -3.907593745314676 1800.0 1 L r 38553975796031504 1149.7749 18.302519 1608.555 44.097946 2757.5 35.44763 3514.33 88.216255 3692.5964 174.89 nan nan nan nan nan nan nan nan nan nan nan nan 1e-07 1e-07 0.0 0.0 0.0 0.0 1
_Cos_38553975796031959 11 "HSC-SSP Public Data Release 4 (Wide)" 35.483912154563605 -3.9010745895612997 1800.0 1 L r 38553975796031959 918.8757 19.725018 876.0809 42.84202 1334.9424 37.41253 1473.8575 85.62416 2604.5276 179.24078 nan nan nan nan nan nan nan nan nan nan nan nan 1e-07 1e-07 0.0 0.0 0.0 0.0 1
_Cos_38553975796032457 11 "HSC-SSP Public Data Release 4 (Wide)" 35.60053041413148 -3.8923617284567316 1800.0 1 L r 38553975796032457 569.8263 17.095234 643.6499 42.37399 996.39197 29.6626 1637.927 85.754486 1469.9329 141.81924 nan nan nan nan nan nan nan nan nan nan nan nan 1e-07 1e-07 0.0 0.0 0.0 0.0 1
