output/Jan25/final/field_b_L3_visit2_final_targets.ecsv
# %ECSV 1.0
# ---
# datatype:
# - {name: ob_code, datatype: string}
# - {name: catId, datatype: int32}
# - {name: description, datatype: string}
# - {name: ra, datatype: float64}
# - {name: dec, datatype: float64}
# - {name: exptime, datatype: float64}
# - {name: priority, datatype: int32}
# - {name: resolution, datatype: string}
# - {name: reference_arm, datatype: string}
# - {name: obj_id, datatype: int64}
# - {name: g_hsc, datatype: float64}
# - {name: g_hsc_err, datatype: float64}
# - {name: r2_hsc, datatype: float64}
# - {name: r2_hsc_err, datatype: float64}
# - {name: i2_hsc, datatype: float64}
# - {name: i2_hsc_err, datatype: float64}
# - {name: z_hsc, datatype: float64}
# - {name: z_hsc_err, datatype: float64}
# - {name: y_hsc, datatype: float64}
# - {name: y_hsc_err, datatype: float64}
# - {name: epoch, datatype: float64}
# - {name: input_catalog_id, datatype: float64}
# - {name: psf_flux_g, datatype: float64}
# - {name: psf_flux_error_g, datatype: float64}
# - {name: psf_flux_r, datatype: float64}
# - {name: psf_flux_error_r, datatype: float64}
# - {name: psf_flux_i, datatype: float64}
# - {name: psf_flux_error_i, datatype: float64}
# - {name: psf_flux_z, datatype: float64}
# - {name: psf_flux_error_z, datatype: float64}
# - {name: psf_flux_y, datatype: float64}
# - {name: psf_flux_error_y, datatype: float64}
# - {name: parallax, datatype: float64}
# - {name: parallax_error, datatype: float64}
# - {name: pmra, datatype: float64}
# - {name: pmra_error, datatype: float64}
# - {name: pmdec, datatype: float64}
# - {name: pmdec_error, datatype: float64}
# - {name: target_type, datatype: int32}
# schema: astropy-2.0
ob_code catId description ra dec exptime priority resolution reference_arm obj_id g_hsc g_hsc_err r2_hsc r2_hsc_err i2_hsc i2_hsc_err z_hsc z_hsc_err y_hsc y_hsc_err epoch input_catalog_id psf_flux_g psf_flux_error_g psf_flux_r psf_flux_error_r psf_flux_i psf_flux_error_i psf_flux_z psf_flux_error_z psf_flux_y psf_flux_error_y parallax parallax_error pmra pmra_error pmdec pmdec_error target_type
[from data line 624]
_Cos_41760435170449885 11 "HSC-SSP Public Data Release 4 (Wide)" 37.95668531460937 1.0055922812742548 1800.0 1 L r 41760435170449885 1035.0586 40.394905 1343.2692 48.14955 1999.3599 40.624226 3075.6255 68.06055 3097.546 140.6334 nan nan nan nan nan nan nan nan nan nan nan nan 1e-07 1e-07 0.0 0.0 0.0 0.0 1
_Cos_41760435170450019 11 "HSC-SSP Public Data Release 4 (Wide)" 37.98122104236568 1.008738257601617 1800.0 1 L r 41760435170450019 804.3638 41.4816 881.3308 58.27784 1329.9775 52.364544 1557.9524 89.306625 2442.4888 169.90857 nan nan nan nan nan nan nan nan nan nan nan nan 1e-07 1e-07 0.0 0.0 0.0 0.0 1
_Cos_41760435170462163 11 "HSC-SSP Public Data Release 4 (Wide)" 37.90847785598747 0.8380024518270311 1800.0 1 L r 41760435170462163 1866.8893 38.161377 2416.0144 55.071587 2667.992 57.678516 4268.671 96.81637 6495.9526 236.43906 nan nan nan nan nan nan nan nan nan nan nan nan 1e-07 1e-07 0.0 0.0 0.0 0.0 1
_Cos_41760435170462403 11 "HSC-SSP Public Data Release 4 (Wide)" 37.8953400862852 0.8427919896891525 1800.0 1 L r 41760435170462403 1421.869 20.088247 1661.6427 23.335339 2390.5967 39.751102 2028.196 64.54013 2179.0674 165.12585 nan nan nan nan nan nan nan nan nan nan nan nan 1e-07 1e-07 0.0 0.0 0.0 0.0 1
_Cos_41760435170462418 11 "HSC-SSP Public Data Release 4 (Wide)" 37.87984838305888 0.8432172551636028 1800.0 1 L r 41760435170462418 742.5212 23.048704 884.05304 26.84067 1208.8083 30.511368 1499.0428 58.184193 1678.8174 167.59413 nan nan nan nan nan nan nan nan nan nan nan nan 1e-07 1e-07 0.0 0.0 0.0 0.0 1
_Cos_41760435170462605 11 "HSC-SSP Public Data Release 4 (Wide)" 38.048295694572545 0.8476281568588026 1800.0 1 L r 41760435170462605 1737.3036 60.63216 1838.8074 50.608784 3586.1128 70.63364 5908.1973 111.20858 10804.998 359.7267 nan nan nan nan nan nan nan nan nan nan nan nan 1e-07 1e-07 0.0 0.0 0.0 0.0 1
_Cos_41760435170462733 11 "HSC-SSP Public Data Release 4 (Wide)" 37.966845310991786 0.8499561678117421 1800.0 1 L r 41760435170462733 578.5838 25.571196 837.34467 34.66704 1697.9005 39.17656 2155.7485 71.368225 1969.0151 193.87857 nan nan nan nan nan nan nan nan nan nan nan nan 1e-07 1e-07 0.0 0.0 0.0 0.0 1
_Cos_41760435170463325 11 "HSC-SSP Public Data Release 4 (Wide)" 37.91309254930724 0.87133731745248 1800.0 1 L r 41760435170463325 2878.032 51.012627 2045.6758 20.531197 3033.9807 46.445805 3542.944 76.4787 3813.3933 233.3124 nan nan nan nan nan nan nan nan nan nan nan nan 1e-07 1e-07 0.0 0.0 0.0 0.0 1
_Cos_41760435170463385 11 "HSC-SSP Public Data Release 4 (Wide)" 37.970930536938425 0.8672653765537 1800.0 1 L r 41760435170463385 923.06384 26.129635 1146.9275 32.653255 1847.9382 48.507523 2416.1128 90.06539 2904.3198 227.39185 nan nan nan nan nan nan nan nan nan nan nan nan 1e-07 1e-07 0.0 0.0 0.0 0.0 1
_Cos_41760435170463673 11 "HSC-SSP Public Data Release 4 (Wide)" 37.992438614942536 0.8745510891631649 1800.0 1 L r 41760435170463673 540.657 36.107056 725.9986 47.43524 1222.711 68.74503 2629.847 105.52359 3550.4 277.86243 nan nan nan nan nan nan nan nan nan nan nan nan 1e-07 1e-07 0.0 0.0 0.0 0.0 1
_Cos_41760435170463999 11 "HSC-SSP Public Data Release 4 (Wide)" 38.046132101544345 0.8829798639375352 1800.0 1 L r 41760435170463999 1325.394 24.474092 1755.8188 40.566727 2436.567 46.856422 2634.2446 65.90112 4092.703 199.36217 nan nan nan nan nan nan nan nan nan nan nan nan 1e-07 1e-07 0.0 0.0 0.0 0.0 1
_Cos_41760435170464216 11 "HSC-SSP Public Data Release 4 (Wide)" 37.96198800688385 0.8883794791724632 1800.0 1 L r 41760435170464216 644.4894 24.488386 826.9385 34.27371 1393.0222 32.61016 1815.0939 52.630035 2293.7312 145.03865 nan nan nan nan nan nan nan nan nan nan nan nan 1e-07 1e-07 0.0 0.0 0.0 0.0 1
_Cos_41760435170464279 11 "HSC-SSP Public Data Release 4 (Wide)" 38.01210037102695 0.8886921353808369 1800.0 1 L r 41760435170464279 418.70526 22.300514 552.28845 36.239994 1147.7266 46.01481 1812.9957 71.554146 1871.2006 167.26726 nan nan nan nan nan nan nan nan nan nan nan nan 1e-07 1e-07 0.0 0.0 0.0 0.0 1
_Cos_41760435170464470 11 "HSC-SSP Public Data Release 4 (Wide)" 37.921945259593684 0.8978503209120842 1800.0 1 L r 41760435170464470 923.62646 28.122473 801.3265 37.808834 1179.6686 56.977985 2045.0836 115.73191 406.19882 122.31223 nan nan nan nan nan nan nan nan nan nan nan nan 1e-07 1e-07 0.0 0.0 0.0 0.0 1
_Cos_41760435170464787 11 "HSC-SSP Public Data Release 4 (Wide)" 38.021733334285244 0.9002360296055271 1800.0 1 L r 41760435170464787 1686.5511 28.515265 1892.3812 41.692184 2531.5461 50.986607 2979.3853 80.93372 3029.8083 203.26933 nan nan nan nan nan nan nan nan nan nan nan nan 1e-07 1e-07 0.0 0.0 0.0 0.0 1
_Cos_41760435170464902 11 "HSC-SSP Public Data Release 4 (Wide)" 37.878072322793706 0.9034154688863792 1800.0 1 L r 41760435170464902 435.9737 27.629194 430.81152 32.262497 927.73535 52.506054 1248.2076 77.7655 1025.8029 186.79535 nan nan nan nan nan nan nan nan nan nan nan nan 1e-07 1e-07 0.0 0.0 0.0 0.0 1
_Cos_41760435170465242 11 "HSC-SSP Public Data Release 4 (Wide)" 37.90993810167184 0.9092714270487752 1800.0 1 L r 41760435170465242 624.97504 28.03867 646.08014 28.114477 1734.0896 56.98752 1561.8672 66.80683 1748.2148 146.17223 nan nan nan nan nan nan nan nan nan nan nan nan 1e-07 1e-07 0.0 0.0 0.0 0.0 1
_Cos_41760435170465471 11 "HSC-SSP Public Data Release 4 (Wide)" 37.93344723537942 0.9160083207691239 1800.0 1 L r 41760435170465471 922.7821 31.893173 1243.5703 42.05784 1566.347 63.65452 2844.133 82.575356 3280.995 209.70961 nan nan nan nan nan nan nan nan nan nan nan nan 1e-07 1e-07 0.0 0.0 0.0 0.0 1
_Cos_41760435170465543 11 "HSC-SSP Public Data Release 4 (Wide)" 37.94878369766683 0.9181448385308311 1800.0 1 L r 41760435170465543 1294.6888 31.522161 1508.2623 41.547924 2265.6902 58.573887 3139.6013 87.04427 3695.784 188.21013 nan nan nan nan nan nan nan nan nan nan nan nan 1e-07 1e-07 0.0 0.0 0.0 0.0 1
_Cos_41760435170465604 11 "HSC-SSP Public Data Release 4 (Wide)" 38.010188245952904 0.9190254649440697 1800.0 1 L r 41760435170465604 416.3226 19.64893 532.28107 24.065607 1033.4342 36.137085 1525.6124 62.999573 1621.8258 181.21935 nan nan nan nan nan nan nan nan nan nan nan nan 1e-07 1e-07 0.0 0.0 0.0 0.0 1
_Cos_41760435170466483 11 "HSC-SSP Public Data Release 4 (Wide)" 38.002562120161414 0.9469444345225915 1800.0 1 L r 41760435170466483 1649.2871 23.604507 1888.5242 32.03335 2439.103 33.556206 4165.19 57.06549 2912.2417 175.2194 nan nan nan nan nan nan nan nan nan nan nan nan 1e-07 1e-07 0.0 0.0 0.0 0.0 1
_Cos_41760435170466703 11 "HSC-SSP Public Data Release 4 (Wide)" 38.03932507170518 0.9544984819405388 1800.0 1 L r 41760435170466703 1895.245 51.598824 2363.3652 93.79049 2839.6292 64.69528 2506.5073 92.658226 3647.2622 316.12973 nan nan nan nan nan nan nan nan nan nan nan nan 1e-07 1e-07 0.0 0.0 0.0 0.0 1
_Cos_41760435170466950 11 "HSC-SSP Public Data Release 4 (Wide)" 37.98355390584539 0.9604105393608626 1800.0 1 L r 41760435170466950 859.73126 26.382605 1100.8527 42.192738 1164.4734 36.632538 1359.0901 71.31476 1594.2638 185.1698 nan nan nan nan nan nan nan nan nan nan nan nan 1e-07 1e-07 0.0 0.0 0.0 0.0 1
_Cos_41760435170466965 11 "HSC-SSP Public Data Release 4 (Wide)" 37.879477392807374 0.9609179867640504 1800.0 1 L r 41760435170466965 1147.2738 26.627539 1156.4182 27.887709 1389.2233 46.33552 1333.3759 74.52626 1541.7356 159.76851 nan nan nan nan nan nan nan nan nan nan nan nan 1e-07 1e-07 0.0 0.0 0.0 0.0 1
_Cos_41760435170467003 11 "HSC-SSP Public Data Release 4 (Wide)" 37.95091783925028 0.9623866555583324 1800.0 1 L r 41760435170467003 255.13031 21.680153 400.11746 21.392223 950.19464 36.253925 1947.0419 76.75754 1930.4089 133.77928 nan nan nan nan nan nan nan nan nan nan nan nan 1e-07 1e-07 0.0 0.0 0.0 0.0 1
_Cos_41760435170467169 11 "HSC-SSP Public Data Release 4 (Wide)" 38.043633520006395 0.9684966052865013 1800.0 1 L r 41760435170467169 603.0109 23.447289 678.1006 46.44493 1130.059 38.27375 1584.5519 65.5486 2124.1677 161.5529 nan nan nan nan nan nan nan nan nan nan nan nan 1e-07 1e-07 0.0 0.0 0.0 0.0 1
_Cos_41760435170467225 11 "HSC-SSP Public Data Release 4 (Wide)" 37.914937414320704 0.9715746134180026 1800.0 1 L r 41760435170467225 491.3102 33.802322 515.7346 37.13397 985.22327 33.2025 1237.2129 69.074326 1380.741 186.5212 nan nan nan nan nan nan nan nan nan nan nan nan 1e-07 1e-07 0.0 0.0 0.0 0.0 1
_Cos_41760435170467301 11 "HSC-SSP Public Data Release 4 (Wide)" 37.991237285309914 0.9744449219878815 1800.0 1 L r 41760435170467301 581.2313 28.193256 709.5278 32.242435 951.885 33.94832 1069.9371 64.73852 1247.9868 166.77863 nan nan nan nan nan nan nan nan nan nan nan nan 1e-07 1e-07 0.0 0.0 0.0 0.0 1
_Cos_41760435170467484 11 "HSC-SSP Public Data Release 4 (Wide)" 38.02267029329401 0.9767894317642642 1800.0 1 L r 41760435170467484 751.09155 25.205719 976.52124 34.084965 1895.52 40.536667 1996.2283 66.01393 2411.6953 161.02853 nan nan nan nan nan nan nan nan nan nan nan nan 1e-07 1e-07 0.0 0.0 0.0 0.0 1
_Cos_41760435170468328 11 "HSC-SSP Public Data Release 4 (Wide)" 37.9970157988706 0.998143077220847 1800.0 1 L r 41760435170468328 849.15424 25.154436 1145.8197 27.549553 1973.1353 32.272156 2542.276 56.954876 3435.2852 165.02985 nan nan nan nan nan nan nan nan nan nan nan nan 1e-07 1e-07 0.0 0.0 0.0 0.0 1
_Cos_41760435170469110 11 "HSC-SSP Public Data Release 4 (Wide)" 37.96897474668394 1.0139348942533841 1800.0 1 L r 41760435170469110 761.1348 30.69227 728.3081 45.238567 1080.2905 43.888374 949.3784 72.93201 1004.39795 150.0909 nan nan nan nan nan nan nan nan nan nan nan nan 1e-07 1e-07 0.0 0.0 0.0 0.0 1
_Cos_41760439465414564 11 "HSC-SSP Public Data Release 4 (Wide)" 38.03177270465819 1.114418418135921 1800.0 1 L r 41760439465414564 650.80035 23.013224 737.99445 34.838024 1153.7333 37.945953 1307.8544 61.888504 1585.0537 133.7402 nan nan nan nan nan nan nan nan nan nan nan nan 1e-07 1e-07 0.0 0.0 0.0 0.0 1
_Cos_41760439465415240 11 "HSC-SSP Public Data Release 4 (Wide)" 38.00665208935536 1.130526985686881 1800.0 1 L r 41760439465415240 1164.8961 39.23945 1302.3905 63.722572 2072.9521 66.766014 2244.3303 105.2017 2463.9922 204.66959 nan nan nan nan nan nan nan nan nan nan nan nan 1e-07 1e-07 0.0 0.0 0.0 0.0 1
_Cos_41760439465415405 11 "HSC-SSP Public Data Release 4 (Wide)" 38.03753895120302 1.1337623830703796 1800.0 1 L r 41760439465415405 557.18176 23.493248 624.5812 44.583424 1061.5409 27.50618 1190.4456 54.25808 1691.6766 117.99111 nan nan nan nan nan nan nan nan nan nan nan nan 1e-07 1e-07 0.0 0.0 0.0 0.0 1
_Cos_41760439465416016 11 "HSC-SSP Public Data Release 4 (Wide)" 38.02322473619832 1.1482236757775477 1800.0 1 L r 41760439465416016 826.67926 28.798944 1025.4408 39.868565 1502.1974 44.1053 2697.5312 77.27691 3162.7686 180.10059 nan nan nan nan nan nan nan nan nan nan nan nan 1e-07 1e-07 0.0 0.0 0.0 0.0 1
_Cos_41760439465417578 11 "HSC-SSP Public Data Release 4 (Wide)" 37.9324922047694 1.1883132423790868 1800.0 1 L r 41760439465417578 708.46094 24.243893 771.8981 30.198551 966.8613 43.298595 1012.60046 75.481964 753.6824 143.48817 nan nan nan nan nan nan nan nan nan nan nan nan 1e-07 1e-07 0.0 0.0 0.0 0.0 1
_Cos_41760439465429243 11 "HSC-SSP Public Data Release 4 (Wide)" 38.00835362614036 1.031468114461098 1800.0 1 L r 41760439465429243 156.41127 22.093605 191.88564 19.97806 1433.592 99.38676 350.6662 46.436172 414.77023 113.34349 nan nan nan nan nan nan nan nan nan nan nan nan 1e-07 1e-07 0.0 0.0 0.0 0.0 1
_Cos_41760439465429331 11 "HSC-SSP Public Data Release 4 (Wide)" 38.0239651359308 1.0308924403387638 1800.0 1 L r 41760439465429331 1145.568 28.651987 1434.3069 35.183414 2319.9678 43.772346 3821.5972 79.66442 4697.029 186.6599 nan nan nan nan nan nan nan nan nan nan nan nan 1e-07 1e-07 0.0 0.0 0.0 0.0 1
_Cos_41760439465430021 11 "HSC-SSP Public Data Release 4 (Wide)" 38.00351628230544 1.0457748834936709 1800.0 1 L r 41760439465430021 613.85944 22.659916 750.9403 23.315691 1236.3158 31.849245 1379.1277 53.904545 1829.7112 136.61128 nan nan nan nan nan nan nan nan nan nan nan nan 1e-07 1e-07 0.0 0.0 0.0 0.0 1
_Cos_41760439465430250 11 "HSC-SSP Public Data Release 4 (Wide)" 37.94195309252309 1.0526092508337932 1800.0 1 L r 41760439465430250 975.3186 31.876244 1099.3354 36.6323 1146.6411 53.115555 1980.7555 89.791595 2305.749 185.51114 nan nan nan nan nan nan nan nan nan nan nan nan 1e-07 1e-07 0.0 0.0 0.0 0.0 1
_Cos_41760439465430527 11 "HSC-SSP Public Data Release 4 (Wide)" 37.995628762914045 1.0603590168146193 1800.0 1 L r 41760439465430527 1302.0594 24.70304 1426.0101 24.65918 1548.4354 30.16903 1678.6913 54.44151 2772.8179 139.86317 nan nan nan nan nan nan nan nan nan nan nan nan 1e-07 1e-07 0.0 0.0 0.0 0.0 1
_Cos_41760439465432153 11 "HSC-SSP Public Data Release 4 (Wide)" 38.01307633440871 1.0857910310811436 1800.0 1 L r 41760439465432153 1626.5123 20.578749 1976.4702 30.207727 2642.4177 30.908813 3394.832 55.687256 3671.6677 120.97648 nan nan nan nan nan nan nan nan nan nan nan nan 1e-07 1e-07 0.0 0.0 0.0 0.0 1
_Cos_41760439465432928 11 "HSC-SSP Public Data Release 4 (Wide)" 37.94893021584872 1.1059601272836797 1800.0 1 L r 41760439465432928 566.65155 27.509468 757.0585 34.238194 933.68604 48.04912 691.1844 61.920784 1296.2319 174.33553 nan nan nan nan nan nan nan nan nan nan nan nan 1e-07 1e-07 0.0 0.0 0.0 0.0 1
_Cos_41760439465433670 11 "HSC-SSP Public Data Release 4 (Wide)" 38.02852854328665 1.1236343411794354 1800.0 1 L r 41760439465433670 834.6833 20.083588 1118.9523 32.16984 1155.7513 31.589186 1542.4473 65.435616 2059.9773 144.20206 nan nan nan nan nan nan nan nan nan nan nan nan 1e-07 1e-07 0.0 0.0 0.0 0.0 1
_Cos_41760439465434121 11 "HSC-SSP Public Data Release 4 (Wide)" 37.9365014618939 1.1329517944278462 1800.0 1 L r 41760439465434121 637.76556 34.132694 650.57855 31.854635 1261.8049 43.186428 1668.2119 68.66106 3833.674 141.69888 nan nan nan nan nan nan nan nan nan nan nan nan 1e-07 1e-07 0.0 0.0 0.0 0.0 1
_Cos_41760439465435184 11 "HSC-SSP Public Data Release 4 (Wide)" 37.99801124101179 1.1581602157197826 1800.0 1 L r 41760439465435184 660.6711 18.33602 822.79846 25.472195 1272.6627 32.340176 1934.3857 61.623245 1723.2346 115.6541 nan nan nan nan nan nan nan nan nan nan nan nan 1e-07 1e-07 0.0 0.0 0.0 0.0 1
_Cos_41760439465435360 11 "HSC-SSP Public Data Release 4 (Wide)" 37.87140077283851 1.1614261794765868 1800.0 1 L r 41760439465435360 1236.816 38.508686 1557.1754 40.3309 2982.373 47.857414 4320.034 107.78713 5879.399 283.11053 nan nan nan nan nan nan nan nan nan nan nan nan 1e-07 1e-07 0.0 0.0 0.0 0.0 1
_Cos_41760439465435601 11 "HSC-SSP Public Data Release 4 (Wide)" 38.0332373462703 1.1657374499908542 1800.0 1 L r 41760439465435601 447.25427 26.683504 616.7015 39.52222 990.4649 55.733578 800.7375 95.20981 693.0448 165.26665 nan nan nan nan nan nan nan nan nan nan nan nan 1e-07 1e-07 0.0 0.0 0.0 0.0 1
_Cos_41760439465436255 11 "HSC-SSP Public Data Release 4 (Wide)" 37.86918798839962 1.1839355205101354 1800.0 1 L r 41760439465436255 1089.0072 35.225067 1322.0537 46.454967 1291.227 49.725792 2380.0876 78.872185 3526.1726 219.27644 nan nan nan nan nan nan nan nan nan nan nan nan 1e-07 1e-07 0.0 0.0 0.0 0.0 1
_Cos_41760439465436436 11 "HSC-SSP Public Data Release 4 (Wide)" 38.03083385698445 1.1857109302267153 1800.0 1 L r 41760439465436436 520.8077 17.982943 707.10614 22.26566 1242.3535 24.257576 1434.2476 46.834255 1704.0825 98.73191 nan nan nan nan nan nan nan nan nan nan nan nan 1e-07 1e-07 0.0 0.0 0.0 0.0 1
_Cos_41760439465437018 11 "HSC-SSP Public Data Release 4 (Wide)" 37.92308408140324 1.1999849793551984 1800.0 1 L r 41760439465437018 1519.4634 35.149563 2104.2256 44.353542 2872.3423 42.359543 3893.1938 72.82799 4625.033 150.07729 nan nan nan nan nan nan nan nan nan nan nan nan 1e-07 1e-07 0.0 0.0 0.0 0.0 1
