output/Jan25/final/field_e_L3_visit1_final_targets.ecsv
# %ECSV 1.0
# ---
# datatype:
# - {name: ob_code, datatype: string}
# - {name: catId, datatype: int32}
# - {name: description, datatype: string}
# - {name: ra, datatype: float64}
# - {name: dec, datatype: float64}
# - {name: exptime, datatype: float64}
# - {name: priority, datatype: int32}
# - {name: resolution, datatype: string}
# - {name: reference_arm, datatype: string}
# - {name: obj_id, datatype: int64}
# - {name: g_hsc, datatype: float64}
# - {name: g_hsc_err, datatype: float64}
# - {name: r2_hsc, datatype: float64}
# - {name: r2_hsc_err, datatype: float64}
# - {name: i2_hsc, datatype: float64}
# - {name: i2_hsc_err, datatype: float64}
# - {name: z_hsc, datatype: float64}
# - {name: z_hsc_err, datatype: float64}
# - {name: y_hsc, datatype: float64}
# - {name: y_hsc_err, datatype: float64}
# - {name: epoch, datatype: float64}
# - {name: input_catalog_id, datatype: float64}
# - {name: psf_flux_g, datatype: float64}
# - {name: psf_flux_error_g, datatype: float64}
# - {name: psf_flux_r, datatype: float64}
# - {name: psf_flux_error_r, datatype: float64}
# - {name: psf_flux_i, datatype: float64}
# - {name: psf_flux_error_i, datatype: float64}
# - {name: psf_flux_z, datatype: float64}
# - {name: psf_flux_error_z, datatype: float64}
# - {name: psf_flux_y, datatype: float64}
# - {name: psf_flux_error_y, datatype: float64}
# - {name: parallax, datatype: float64}
# - {name: parallax_error, datatype: float64}
# - {name: pmra, datatype: float64}
# - {name: pmra_error, datatype: float64}
# - {name: pmdec, datatype: float64}
# - {name: pmdec_error, datatype: float64}
# - {name: target_type, datatype: int32}
# schema: astropy-2.0
ob_code catId description ra dec exptime priority resolution reference_arm obj_id g_hsc g_hsc_err r2_hsc r2_hsc_err i2_hsc i2_hsc_err z_hsc z_hsc_err y_hsc y_hsc_err epoch input_catalog_id psf_flux_g psf_flux_error_g psf_flux_r psf_flux_error_r psf_flux_i psf_flux_error_i psf_flux_z psf_flux_error_z psf_flux_y psf_flux_error_y parallax parallax_error pmra pmra_error pmdec pmdec_error target_type
_Cos_42027758229918707 11 "HSC-SSP Public Data Release 4 (Wide)" 129.59549817386065 1.149091203860467 1800.0 1 L r 42027758229918707 547.16907 22.661457 765.96594 39.554264 1210.621 46.392975 2078.1492 77.73856 2152.4758 149.7339 nan nan nan nan nan nan nan nan nan nan nan nan 1e-07 1e-07 0.0 0.0 0.0 0.0 1
_Cos_42027758229920444 11 "HSC-SSP Public Data Release 4 (Wide)" 129.61754375661073 1.193881161169674 1800.0 1 L r 42027758229920444 453.27908 25.12452 700.4342 41.121723 1572.7748 50.66655 3434.5183 103.925835 4113.623 178.49179 nan nan nan nan nan nan nan nan nan nan nan nan 1e-07 1e-07 0.0 0.0 0.0 0.0 1
_Cos_42027758229920471 11 "HSC-SSP Public Data Release 4 (Wide)" 129.54430646531762 1.1943301831694628 1800.0 1 L r 42027758229920471 599.7797 18.982126 875.53564 40.9444 1597.496 61.073902 2237.0837 91.25845 1873.1409 232.67737 nan nan nan nan nan nan nan nan nan nan nan nan 1e-07 1e-07 0.0 0.0 0.0 0.0 1
_Cos_42027758229920854 11 "HSC-SSP Public Data Release 4 (Wide)" 129.58393760651893 1.2049484917685067 1800.0 1 L r 42027758229920854 1196.9341 16.57679 1663.782 29.819157 3493.1067 31.504166 4824.303 64.349304 5133.064 120.340744 nan nan nan nan nan nan nan nan nan nan nan nan 1e-07 1e-07 0.0 0.0 0.0 0.0 1
_Cos_42027758229933407 11 "HSC-SSP Public Data Release 4 (Wide)" 129.5443470044533 1.110808453987916 1800.0 1 L r 42027758229933407 758.08496 24.025166 1022.5055 41.35164 948.679 42.85349 1831.5944 88.7658 1363.6917 131.98431 nan nan nan nan nan nan nan nan nan nan nan nan 1e-07 1e-07 0.0 0.0 0.0 0.0 1
_Cos_42027758229934127 11 "HSC-SSP Public Data Release 4 (Wide)" 129.55516274567444 1.126919408044971 1800.0 1 L r 42027758229934127 538.1753 22.098646 781.74316 35.944603 1400.0922 33.894222 1795.7104 55.77164 1963.6559 111.71968 nan nan nan nan nan nan nan nan nan nan nan nan 1e-07 1e-07 0.0 0.0 0.0 0.0 1
_Cos_42027758229934194 11 "HSC-SSP Public Data Release 4 (Wide)" 129.58126917552735 1.1289227908737758 1800.0 1 L r 42027758229934194 559.7729 20.228468 685.58264 31.21968 1594.6454 31.552914 2008.6138 54.227585 1816.7014 104.96866 nan nan nan nan nan nan nan nan nan nan nan nan 1e-07 1e-07 0.0 0.0 0.0 0.0 1
_Cos_42027758229934965 11 "HSC-SSP Public Data Release 4 (Wide)" 129.5713230225119 1.1482716855416035 1800.0 1 L r 42027758229934965 662.61224 29.65322 986.9848 40.58038 1359.7179 41.882317 2213.16 76.654625 2333.712 139.44054 nan nan nan nan nan nan nan nan nan nan nan nan 1e-07 1e-07 0.0 0.0 0.0 0.0 1
_Cos_42027758229935736 11 "HSC-SSP Public Data Release 4 (Wide)" 129.55148268053165 1.1698347400102316 1800.0 1 L r 42027758229935736 961.16675 24.38806 1203.6945 36.022427 1482.2805 48.746704 1876.7706 89.86283 1789.7656 172.10188 nan nan nan nan nan nan nan nan nan nan nan nan 1e-07 1e-07 0.0 0.0 0.0 0.0 1
_Cos_42027758229936238 11 "HSC-SSP Public Data Release 4 (Wide)" 129.5969660461486 1.1811398557706354 1800.0 1 L r 42027758229936238 790.33417 21.851145 1371.1274 33.891846 2300.3303 42.673904 4515.3623 71.12795 6627.125 184.25406 nan nan nan nan nan nan nan nan nan nan nan nan 1e-07 1e-07 0.0 0.0 0.0 0.0 1
_Cos_42027758229937113 11 "HSC-SSP Public Data Release 4 (Wide)" 129.62830513790018 1.205163231109367 1800.0 1 L r 42027758229937113 304.64185 15.854791 481.6002 28.57865 965.77527 32.754185 1462.956 57.959473 1294.3826 106.29046 nan nan nan nan nan nan nan nan nan nan nan nan 1e-07 1e-07 0.0 0.0 0.0 0.0 1
_Cos_42027762524881881 11 "HSC-SSP Public Data Release 4 (Wide)" 129.54551977583247 1.2317966490318972 1800.0 1 L r 42027762524881881 475.36743 24.85436 573.1144 35.61708 1010.5254 51.99252 1009.79425 81.3827 1162.725 147.36252 nan nan nan nan nan nan nan nan nan nan nan nan 1e-07 1e-07 0.0 0.0 0.0 0.0 1
_Cos_42027762524882236 11 "HSC-SSP Public Data Release 4 (Wide)" 129.58011706209882 1.2411495800416577 1800.0 1 L r 42027762524882236 869.41864 17.797342 1067.2908 35.01458 1725.3329 30.716413 2420.0593 58.232136 2724.3264 120.802635 nan nan nan nan nan nan nan nan nan nan nan nan 1e-07 1e-07 0.0 0.0 0.0 0.0 1
_Cos_42027762524885547 11 "HSC-SSP Public Data Release 4 (Wide)" 129.6016321218164 1.3273232095385268 1800.0 1 L r 42027762524885547 583.6961 19.983305 723.7405 34.480038 974.392 38.508583 1247.9045 64.36453 1305.0956 128.06781 nan nan nan nan nan nan nan nan nan nan nan nan 1e-07 1e-07 0.0 0.0 0.0 0.0 1
_Cos_42027762524897472 11 "HSC-SSP Public Data Release 4 (Wide)" 129.54866187357214 1.2187419112640452 1800.0 1 L r 42027762524897472 787.7813 23.347124 776.62756 36.854435 1154.6771 47.71539 1498.1293 78.97951 1705.642 168.51134 nan nan nan nan nan nan nan nan nan nan nan nan 1e-07 1e-07 0.0 0.0 0.0 0.0 1
_Cos_42027762524897569 11 "HSC-SSP Public Data Release 4 (Wide)" 129.61126815127824 1.2203505674695816 1800.0 1 L r 42027762524897569 724.09564 21.574383 974.6071 38.9498 1004.5231 41.58149 1164.8535 74.4758 1707.4714 137.8666 nan nan nan nan nan nan nan nan nan nan nan nan 1e-07 1e-07 0.0 0.0 0.0 0.0 1
_Cos_42027762524898444 11 "HSC-SSP Public Data Release 4 (Wide)" 129.56933616848522 1.2414763772267459 1800.0 1 L r 42027762524898444 886.48474 21.46378 1140.0773 41.173973 1022.09686 33.57015 1923.1172 63.967865 1609.8735 114.29621 nan nan nan nan nan nan nan nan nan nan nan nan 1e-07 1e-07 0.0 0.0 0.0 0.0 1
_Cos_42027762524898509 11 "HSC-SSP Public Data Release 4 (Wide)" 129.61015892178892 1.2432909538263275 1800.0 1 L r 42027762524898509 767.0616 29.75769 793.66797 40.332745 1246.0676 53.694275 1442.5616 69.78943 2046.8281 169.90799 nan nan nan nan nan nan nan nan nan nan nan nan 1e-07 1e-07 0.0 0.0 0.0 0.0 1
_Cos_42027762524898668 11 "HSC-SSP Public Data Release 4 (Wide)" 129.6188468144041 1.2463726634188952 1800.0 1 L r 42027762524898668 1100.8076 20.872066 1253.6738 34.788204 1408.703 34.903004 2469.864 66.859665 2154.12 112.79319 nan nan nan nan nan nan nan nan nan nan nan nan 1e-07 1e-07 0.0 0.0 0.0 0.0 1
_Cos_42027762524898723 11 "HSC-SSP Public Data Release 4 (Wide)" 129.60461048253674 1.2471790670983613 1800.0 1 L r 42027762524898723 1202.6995 22.04248 1684.0343 32.98567 2079.102 37.656033 2687.0498 83.264084 2106.628 156.19443 nan nan nan nan nan nan nan nan nan nan nan nan 1e-07 1e-07 0.0 0.0 0.0 0.0 1
_Cos_42027762524899557 11 "HSC-SSP Public Data Release 4 (Wide)" 129.55077805938168 1.2651921387982052 1800.0 1 L r 42027762524899557 1898.1588 33.276367 2376.545 57.89724 3198.33 62.42525 4976.31 98.24539 5931.319 198.43439 nan nan nan nan nan nan nan nan nan nan nan nan 1e-07 1e-07 0.0 0.0 0.0 0.0 1
_Cos_42027762524899634 11 "HSC-SSP Public Data Release 4 (Wide)" 129.56636190849383 1.2658113001061502 1800.0 1 L r 42027762524899634 536.54913 27.795403 770.29895 59.702805 980.42993 42.547028 1250.5239 84.65291 1111.983 157.88713 nan nan nan nan nan nan nan nan nan nan nan nan 1e-07 1e-07 0.0 0.0 0.0 0.0 1
_Cos_42027762524901009 11 "HSC-SSP Public Data Release 4 (Wide)" 129.55346176717404 1.2953571441729692 1800.0 1 L r 42027762524901009 1020.32275 21.37741 1226.9901 49.9962 1751.9321 53.908936 2493.894 69.97569 2812.7327 164.35576 nan nan nan nan nan nan nan nan nan nan nan nan 1e-07 1e-07 0.0 0.0 0.0 0.0 1
_Cos_42027762524901157 11 "HSC-SSP Public Data Release 4 (Wide)" 129.57821213769958 1.2995242253352504 1800.0 1 L r 42027762524901157 823.1395 26.373325 1284.1873 45.636906 2128.3743 36.930546 3159.6035 74.40224 2515.6343 110.87365 nan nan nan nan nan nan nan nan nan nan nan nan 1e-07 1e-07 0.0 0.0 0.0 0.0 1
_Cos_42027762524901822 11 "HSC-SSP Public Data Release 4 (Wide)" 129.58488729618372 1.3121855502149704 1800.0 1 L r 42027762524901822 997.9343 23.247509 1602.8068 37.149292 3252.7808 50.2861 5249.455 88.66269 5738.6763 157.72643 nan nan nan nan nan nan nan nan nan nan nan nan 1e-07 1e-07 0.0 0.0 0.0 0.0 1
_Cos_42027762524902188 11 "HSC-SSP Public Data Release 4 (Wide)" 129.54384752376586 1.3191291234874793 1800.0 1 L r 42027762524902188 705.57666 18.161543 784.4941 31.051872 1648.1228 31.248774 2219.7324 61.061497 2830.252 121.57819 nan nan nan nan nan nan nan nan nan nan nan nan 1e-07 1e-07 0.0 0.0 0.0 0.0 1
_Cos_42027762524902491 11 "HSC-SSP Public Data Release 4 (Wide)" 129.6252134779407 1.3278240540997694 1800.0 1 L r 42027762524902491 799.62744 21.28137 1042.886 35.795433 1749.0177 39.16253 2291.7625 69.07136 2913.752 135.61737 nan nan nan nan nan nan nan nan nan nan nan nan 1e-07 1e-07 0.0 0.0 0.0 0.0 1
_Cos_42027762524904617 11 "HSC-SSP Public Data Release 4 (Wide)" 129.57899968540994 1.3732628652023047 1800.0 1 L r 42027762524904617 941.9779 18.131664 958.89435 29.626867 1409.5094 36.2672 1273.7361 55.412273 2072.2122 127.05117 nan nan nan nan nan nan nan nan nan nan nan nan 1e-07 1e-07 0.0 0.0 0.0 0.0 1
_Cos_42027762524904908 11 "HSC-SSP Public Data Release 4 (Wide)" 129.62654675385073 1.3807606772114567 1800.0 1 L r 42027762524904908 694.7885 18.978628 826.6286 34.796467 1099.0671 37.717598 1467.2567 67.78586 2078.0852 152.93346 nan nan nan nan nan nan nan nan nan nan nan nan 1e-07 1e-07 0.0 0.0 0.0 0.0 1
_Cos_42027766819850076 11 "HSC-SSP Public Data Release 4 (Wide)" 129.62392239098398 1.4442720143314642 1800.0 1 L r 42027766819850076 1023.1665 16.363543 1426.376 35.278023 2222.5454 34.05407 2915.1953 72.71123 4020.5432 116.63596 nan nan nan nan nan nan nan nan nan nan nan nan 1e-07 1e-07 0.0 0.0 0.0 0.0 1
_Cos_42027766819851203 11 "HSC-SSP Public Data Release 4 (Wide)" 129.62394461785775 1.4742792035282752 1800.0 1 L r 42027766819851203 475.8285 14.910798 532.3689 26.59607 1001.2814 26.762573 1127.9968 50.005436 1171.2203 91.11118 nan nan nan nan nan nan nan nan nan nan nan nan 1e-07 1e-07 0.0 0.0 0.0 0.0 1
_Cos_42027766819851652 11 "HSC-SSP Public Data Release 4 (Wide)" 129.54362115565118 1.4873788968983161 1800.0 1 L r 42027766819851652 1303.724 31.864323 1461.0054 41.69982 2605.3345 61.964413 4218.565 110.29158 4398.1113 231.35577 nan nan nan nan nan nan nan nan nan nan nan nan 1e-07 1e-07 0.0 0.0 0.0 0.0 1
_Cos_42027766819864232 11 "HSC-SSP Public Data Release 4 (Wide)" 129.62692400236608 1.419949650361056 1800.0 1 L r 42027766819864232 582.4934 20.965292 969.8886 34.149147 2435.6187 39.279182 4673.1396 71.69345 4709.7295 115.64209 nan nan nan nan nan nan nan nan nan nan nan nan 1e-07 1e-07 0.0 0.0 0.0 0.0 1
_Cos_42027766819864301 11 "HSC-SSP Public Data Release 4 (Wide)" 129.56983838383218 1.422475901902028 1800.0 1 L r 42027766819864301 1310.2555 36.46322 1377.2484 49.921257 2680.8186 69.56609 4740.537 108.72601 6048.3667 185.9681 nan nan nan nan nan nan nan nan nan nan nan nan 1e-07 1e-07 0.0 0.0 0.0 0.0 1
_Cos_42027766819864473 11 "HSC-SSP Public Data Release 4 (Wide)" 129.59859717104692 1.425171554956953 1800.0 1 L r 42027766819864473 733.1752 19.618656 967.7878 33.05089 1288.9364 41.30536 1712.984 77.05655 2357.8062 159.86713 nan nan nan nan nan nan nan nan nan nan nan nan 1e-07 1e-07 0.0 0.0 0.0 0.0 1
_Cos_42027766819864547 11 "HSC-SSP Public Data Release 4 (Wide)" 129.55116484944998 1.4281168929248407 1800.0 1 L r 42027766819864547 517.89954 24.181665 562.53705 47.581333 971.89655 49.697506 1455.4485 83.478035 1251.0039 126.54867 nan nan nan nan nan nan nan nan nan nan nan nan 1e-07 1e-07 0.0 0.0 0.0 0.0 1
_Cos_42027766819865722 11 "HSC-SSP Public Data Release 4 (Wide)" 129.58908429538377 1.4536856266080616 1800.0 1 L r 42027766819865722 671.1333 16.039364 793.97546 28.29865 948.316 31.492676 1820.7096 63.90301 1587.0084 105.365166 nan nan nan nan nan nan nan nan nan nan nan nan 1e-07 1e-07 0.0 0.0 0.0 0.0 1
_Cos_42027766819866097 11 "HSC-SSP Public Data Release 4 (Wide)" 129.59528683051676 1.4618828565639383 1800.0 1 L r 42027766819866097 801.8857 19.051992 895.1479 32.810013 1088.9407 42.76161 1704.2683 69.217896 2090.1628 180.0036 nan nan nan nan nan nan nan nan nan nan nan nan 1e-07 1e-07 0.0 0.0 0.0 0.0 1
_Cos_42027766819867095 11 "HSC-SSP Public Data Release 4 (Wide)" 129.59821071663325 1.4815269746412114 1800.0 1 L r 42027766819867095 491.0448 18.730354 737.8417 30.449574 1283.2141 33.81816 1792.9216 64.22774 4143.8013 202.90927 nan nan nan nan nan nan nan nan nan nan nan nan 1e-07 1e-07 0.0 0.0 0.0 0.0 1
_Cos_42027766819867223 11 "HSC-SSP Public Data Release 4 (Wide)" 129.57388593651297 1.4858543934042523 1800.0 1 L r 42027766819867223 815.6576 26.057196 955.4269 45.54914 1042.665 45.240467 1329.613 90.82083 1980.0573 158.537 nan nan nan nan nan nan nan nan nan nan nan nan 1e-07 1e-07 0.0 0.0 0.0 0.0 1
_Cos_42027887078937977 11 "HSC-SSP Public Data Release 4 (Wide)" 129.36932200473 0.8128028030635681 1800.0 1 L r 42027887078937977 876.8423 21.29513 985.2093 37.602726 1371.8324 35.178246 1801.4844 58.55186 2413.5706 115.05841 nan nan nan nan nan nan nan nan nan nan nan nan 1e-07 1e-07 0.0 0.0 0.0 0.0 1
_Cos_42027887078954567 11 "HSC-SSP Public Data Release 4 (Wide)" 129.40328294950402 0.8164725851547016 1800.0 1 L r 42027887078954567 1001.83545 32.457527 1061.6462 55.93719 1643.1968 68.33895 1815.7312 112.42797 2488.5173 181.43259 nan nan nan nan nan nan nan nan nan nan nan nan 1e-07 1e-07 0.0 0.0 0.0 0.0 1
_Cos_42027887078955279 11 "HSC-SSP Public Data Release 4 (Wide)" 129.38127585505495 0.8322499711864463 1800.0 1 L r 42027887078955279 1100.9222 27.773766 1319.4462 48.746834 1780.1375 57.58099 2528.4375 75.610245 2684.95 142.95847 nan nan nan nan nan nan nan nan nan nan nan nan 1e-07 1e-07 0.0 0.0 0.0 0.0 1
_Cos_42027891373900072 11 "HSC-SSP Public Data Release 4 (Wide)" 129.40659134406027 0.8402475026681896 1800.0 1 L r 42027891373900072 486.8707 20.39263 637.19116 36.229595 979.7002 51.96117 1079.4337 75.03443 994.0662 123.981094 nan nan nan nan nan nan nan nan nan nan nan nan 1e-07 1e-07 0.0 0.0 0.0 0.0 1
_Cos_42027891373903762 11 "HSC-SSP Public Data Release 4 (Wide)" 129.39703933428947 0.930795170426787 1800.0 1 L r 42027891373903762 1406.0912 23.250633 1511.8544 39.128216 1827.7842 47.214363 2784.281 72.0243 2891.633 139.38914 nan nan nan nan nan nan nan nan nan nan nan nan 1e-07 1e-07 0.0 0.0 0.0 0.0 1
_Cos_42027891373903958 11 "HSC-SSP Public Data Release 4 (Wide)" 129.421555044855 0.9357510016417664 1800.0 1 L r 42027891373903958 667.0066 18.048967 947.6603 33.211895 1266.4957 31.38911 2120.681 57.152122 2673.9426 109.64187 nan nan nan nan nan nan nan nan nan nan nan nan 1e-07 1e-07 0.0 0.0 0.0 0.0 1
_Cos_42027891373905249 11 "HSC-SSP Public Data Release 4 (Wide)" 129.38964671029535 0.9672454571223008 1800.0 1 L r 42027891373905249 916.33997 18.011148 1137.394 36.227947 1285.2184 31.7229 1263.2819 50.89415 1178.9309 95.79323 nan nan nan nan nan nan nan nan nan nan nan nan 1e-07 1e-07 0.0 0.0 0.0 0.0 1
_Cos_42027891373907279 11 "HSC-SSP Public Data Release 4 (Wide)" 129.5192149214979 1.016884529001633 1800.0 1 L r 42027891373907279 782.579 39.328968 1039.7737 48.01285 1316.5665 39.854843 1731.707 68.660835 2109.0083 127.55465 nan nan nan nan nan nan nan nan nan nan nan nan 1e-07 1e-07 0.0 0.0 0.0 0.0 1
_Cos_42027891373916666 11 "HSC-SSP Public Data Release 4 (Wide)" 129.3779268877512 0.8462387685479051 1800.0 1 L r 42027891373916666 1452.952 21.201063 2148.4998 38.959652 3435.366 40.258556 4877.259 65.20558 5720.2197 146.38818 nan nan nan nan nan nan nan nan nan nan nan nan 1e-07 1e-07 0.0 0.0 0.0 0.0 1
_Cos_42027891373917578 11 "HSC-SSP Public Data Release 4 (Wide)" 129.36213378573694 0.8742366940256008 1800.0 1 L r 42027891373917578 647.5023 20.739094 880.9618 34.509197 1957.1849 57.04233 3283.0842 89.651794 3042.8472 153.87541 nan nan nan nan nan nan nan nan nan nan nan nan 1e-07 1e-07 0.0 0.0 0.0 0.0 1
_Cos_42027891373917858 11 "HSC-SSP Public Data Release 4 (Wide)" 129.40332983794468 0.8729243244492951 1800.0 1 L r 42027891373917858 1062.7314 25.420143 1601.8821 46.722843 2966.2769 61.880264 4878.4756 93.21427 4758.647 176.00272 nan nan nan nan nan nan nan nan nan nan nan nan 1e-07 1e-07 0.0 0.0 0.0 0.0 1
