output/Jan25/final/field_e_L3_visit1_final_targets.ecsv
# %ECSV 1.0
# ---
# datatype:
# - {name: ob_code, datatype: string}
# - {name: catId, datatype: int32}
# - {name: description, datatype: string}
# - {name: ra, datatype: float64}
# - {name: dec, datatype: float64}
# - {name: exptime, datatype: float64}
# - {name: priority, datatype: int32}
# - {name: resolution, datatype: string}
# - {name: reference_arm, datatype: string}
# - {name: obj_id, datatype: int64}
# - {name: g_hsc, datatype: float64}
# - {name: g_hsc_err, datatype: float64}
# - {name: r2_hsc, datatype: float64}
# - {name: r2_hsc_err, datatype: float64}
# - {name: i2_hsc, datatype: float64}
# - {name: i2_hsc_err, datatype: float64}
# - {name: z_hsc, datatype: float64}
# - {name: z_hsc_err, datatype: float64}
# - {name: y_hsc, datatype: float64}
# - {name: y_hsc_err, datatype: float64}
# - {name: epoch, datatype: float64}
# - {name: input_catalog_id, datatype: float64}
# - {name: psf_flux_g, datatype: float64}
# - {name: psf_flux_error_g, datatype: float64}
# - {name: psf_flux_r, datatype: float64}
# - {name: psf_flux_error_r, datatype: float64}
# - {name: psf_flux_i, datatype: float64}
# - {name: psf_flux_error_i, datatype: float64}
# - {name: psf_flux_z, datatype: float64}
# - {name: psf_flux_error_z, datatype: float64}
# - {name: psf_flux_y, datatype: float64}
# - {name: psf_flux_error_y, datatype: float64}
# - {name: parallax, datatype: float64}
# - {name: parallax_error, datatype: float64}
# - {name: pmra, datatype: float64}
# - {name: pmra_error, datatype: float64}
# - {name: pmdec, datatype: float64}
# - {name: pmdec_error, datatype: float64}
# - {name: target_type, datatype: int32}
# schema: astropy-2.0
ob_code catId description ra dec exptime priority resolution reference_arm obj_id g_hsc g_hsc_err r2_hsc r2_hsc_err i2_hsc i2_hsc_err z_hsc z_hsc_err y_hsc y_hsc_err epoch input_catalog_id psf_flux_g psf_flux_error_g psf_flux_r psf_flux_error_r psf_flux_i psf_flux_error_i psf_flux_z psf_flux_error_z psf_flux_y psf_flux_error_y parallax parallax_error pmra pmra_error pmdec pmdec_error target_type
[from data line 1971]
_Sky_3296420744 2007 "Sky positions from PS1" 129.12458915478226 1.357920077971827 1800.0 1 L r 20040400976 nan nan nan nan nan nan nan nan nan nan nan nan nan nan nan nan nan nan nan nan nan nan 1e-07 1e-07 0.0 0.0 0.0 0.0 2
_Sky_3296429124 2007 "Sky positions from PS1" 129.11346523557572 1.3769936745333446 1800.0 1 L r 20040409356 nan nan nan nan nan nan nan nan nan nan nan nan nan nan nan nan nan nan nan nan nan nan 1e-07 1e-07 0.0 0.0 0.0 0.0 2
_Sky_3296419218 2007 "Sky positions from PS1" 129.16349938736872 1.3348708125469024 1800.0 1 L r 20040399450 nan nan nan nan nan nan nan nan nan nan nan nan nan nan nan nan nan nan nan nan nan nan 1e-07 1e-07 0.0 0.0 0.0 0.0 2
_Sky_3296415835 2007 "Sky positions from PS1" 129.21088138218866 1.336775311857918 1800.0 1 L r 20040396067 nan nan nan nan nan nan nan nan nan nan nan nan nan nan nan nan nan nan nan nan nan nan 1e-07 1e-07 0.0 0.0 0.0 0.0 2
_Sky_3296438311 2007 "Sky positions from PS1" 129.22475254921855 1.3591139236128782 1800.0 1 L r 20040418543 nan nan nan nan nan nan nan nan nan nan nan nan nan nan nan nan nan nan nan nan nan nan 1e-07 1e-07 0.0 0.0 0.0 0.0 2
_Sky_3296415274 2007 "Sky positions from PS1" 129.2626488391381 1.2517581005896443 1800.0 1 L r 20040395506 nan nan nan nan nan nan nan nan nan nan nan nan nan nan nan nan nan nan nan nan nan nan 1e-07 1e-07 0.0 0.0 0.0 0.0 2
_Sky_3296439586 2007 "Sky positions from PS1" 129.34997405282996 1.2269852005855908 1800.0 1 L r 20040419818 nan nan nan nan nan nan nan nan nan nan nan nan nan nan nan nan nan nan nan nan nan nan 1e-07 1e-07 0.0 0.0 0.0 0.0 2
_Sky_3296409005 2007 "Sky positions from PS1" 129.36078875303417 1.249429482000926 1800.0 1 L r 20040389237 nan nan nan nan nan nan nan nan nan nan nan nan nan nan nan nan nan nan nan nan nan nan 1e-07 1e-07 0.0 0.0 0.0 0.0 2
_Sky_3296424847 2007 "Sky positions from PS1" 129.33838141738946 1.292926578309132 1800.0 1 L r 20040405079 nan nan nan nan nan nan nan nan nan nan nan nan nan nan nan nan nan nan nan nan nan nan 1e-07 1e-07 0.0 0.0 0.0 0.0 2
_Sky_3296445243 2007 "Sky positions from PS1" 129.26436564633977 1.3366411854641491 1800.0 1 L r 20040425475 nan nan nan nan nan nan nan nan nan nan nan nan nan nan nan nan nan nan nan nan nan nan 1e-07 1e-07 0.0 0.0 0.0 0.0 2
_Sky_3296422689 2007 "Sky positions from PS1" 129.25033133476694 1.3560319557877418 1800.0 1 L r 20040402921 nan nan nan nan nan nan nan nan nan nan nan nan nan nan nan nan nan nan nan nan nan nan 1e-07 1e-07 0.0 0.0 0.0 0.0 2
_Sky_3296431266 2007 "Sky positions from PS1" 129.2754153668944 1.3563912190993652 1800.0 1 L r 20040411498 nan nan nan nan nan nan nan nan nan nan nan nan nan nan nan nan nan nan nan nan nan nan 1e-07 1e-07 0.0 0.0 0.0 0.0 2
_Sky_3296407555 2007 "Sky positions from PS1" 129.3620649303108 1.378964405284468 1800.0 1 L r 20040387787 nan nan nan nan nan nan nan nan nan nan nan nan nan nan nan nan nan nan nan nan nan nan 1e-07 1e-07 0.0 0.0 0.0 0.0 2
_Sky_3296429087 2007 "Sky positions from PS1" 129.39898969800848 1.099099783586619 1800.0 1 L r 20040409319 nan nan nan nan nan nan nan nan nan nan nan nan nan nan nan nan nan nan nan nan nan nan 1e-07 1e-07 0.0 0.0 0.0 0.0 2
_Sky_3296408195 2007 "Sky positions from PS1" 129.43454264600308 1.037269598534268 1800.0 1 L r 20040388427 nan nan nan nan nan nan nan nan nan nan nan nan nan nan nan nan nan nan nan nan nan nan 1e-07 1e-07 0.0 0.0 0.0 0.0 2
_Sky_3296436321 2007 "Sky positions from PS1" 129.48365582718284 1.0811931233393142 1800.0 1 L r 20040416553 nan nan nan nan nan nan nan nan nan nan nan nan nan nan nan nan nan nan nan nan nan nan 1e-07 1e-07 0.0 0.0 0.0 0.0 2
_Sky_3296406609 2007 "Sky positions from PS1" 129.37238143212858 1.1428816452595587 1800.0 1 L r 20040386841 nan nan nan nan nan nan nan nan nan nan nan nan nan nan nan nan nan nan nan nan nan nan 1e-07 1e-07 0.0 0.0 0.0 0.0 2
_Sky_3296414476 2007 "Sky positions from PS1" 129.3743188474691 1.1848510181020058 1800.0 1 L r 20040394708 nan nan nan nan nan nan nan nan nan nan nan nan nan nan nan nan nan nan nan nan nan nan 1e-07 1e-07 0.0 0.0 0.0 0.0 2
_Sky_3296413101 2007 "Sky positions from PS1" 129.4003922918757 1.1860214101534 1800.0 1 L r 20040393333 nan nan nan nan nan nan nan nan nan nan nan nan nan nan nan nan nan nan nan nan nan nan 1e-07 1e-07 0.0 0.0 0.0 0.0 2
_Sky_3296434880 2007 "Sky positions from PS1" 129.44674711126487 1.1443955999291675 1800.0 1 L r 20040415112 nan nan nan nan nan nan nan nan nan nan nan nan nan nan nan nan nan nan nan nan nan nan 1e-07 1e-07 0.0 0.0 0.0 0.0 2
_Sky_3296420617 2007 "Sky positions from PS1" 129.47000002522446 1.143890539634836 1800.0 1 L r 20040400849 nan nan nan nan nan nan nan nan nan nan nan nan nan nan nan nan nan nan nan nan nan nan 1e-07 1e-07 0.0 0.0 0.0 0.0 2
_Sky_3296429471 2007 "Sky positions from PS1" 129.4724987066413 1.1867816751179034 1800.0 1 L r 20040409703 nan nan nan nan nan nan nan nan nan nan nan nan nan nan nan nan nan nan nan nan nan nan 1e-07 1e-07 0.0 0.0 0.0 0.0 2
_Sky_3296425923 2007 "Sky positions from PS1" 129.4852121213654 1.1665774471984296 1800.0 1 L r 20040406155 nan nan nan nan nan nan nan nan nan nan nan nan nan nan nan nan nan nan nan nan nan nan 1e-07 1e-07 0.0 0.0 0.0 0.0 2
_Sky_3296438732 2007 "Sky positions from PS1" 129.54481283141018 1.061267638332049 1800.0 1 L r 20040418964 nan nan nan nan nan nan nan nan nan nan nan nan nan nan nan nan nan nan nan nan nan nan 1e-07 1e-07 0.0 0.0 0.0 0.0 2
_Sky_3296413320 2007 "Sky positions from PS1" 129.55381493411767 1.0833754753607796 1800.0 1 L r 20040393552 nan nan nan nan nan nan nan nan nan nan nan nan nan nan nan nan nan nan nan nan nan nan 1e-07 1e-07 0.0 0.0 0.0 0.0 2
_Sky_3296405618 2007 "Sky positions from PS1" 129.543677199451 1.1443212328417005 1800.0 1 L r 20040385850 nan nan nan nan nan nan nan nan nan nan nan nan nan nan nan nan nan nan nan nan nan nan 1e-07 1e-07 0.0 0.0 0.0 0.0 2
_Sky_3296425189 2007 "Sky positions from PS1" 129.5071166600403 1.207230107333845 1800.0 1 L r 20040405421 nan nan nan nan nan nan nan nan nan nan nan nan nan nan nan nan nan nan nan nan nan nan 1e-07 1e-07 0.0 0.0 0.0 0.0 2
_Sky_3296430672 2007 "Sky positions from PS1" 129.57999218971867 1.1659035299598044 1800.0 1 L r 20040410904 nan nan nan nan nan nan nan nan nan nan nan nan nan nan nan nan nan nan nan nan nan nan 1e-07 1e-07 0.0 0.0 0.0 0.0 2
_Sky_3296442374 2007 "Sky positions from PS1" 129.56799056788458 1.188291773525313 1800.0 1 L r 20040422606 nan nan nan nan nan nan nan nan nan nan nan nan nan nan nan nan nan nan nan nan nan nan 1e-07 1e-07 0.0 0.0 0.0 0.0 2
_Sky_3296427094 2007 "Sky positions from PS1" 129.60307028762315 1.1685947410585111 1800.0 1 L r 20040407326 nan nan nan nan nan nan nan nan nan nan nan nan nan nan nan nan nan nan nan nan nan nan 1e-07 1e-07 0.0 0.0 0.0 0.0 2
_Sky_3296439803 2007 "Sky positions from PS1" 129.38637084930858 1.2508184502420567 1800.0 1 L r 20040420035 nan nan nan nan nan nan nan nan nan nan nan nan nan nan nan nan nan nan nan nan nan nan 1e-07 1e-07 0.0 0.0 0.0 0.0 2
_Sky_3296445698 2007 "Sky positions from PS1" 129.4106506379249 1.2921074163585025 1800.0 1 L r 20040425930 nan nan nan nan nan nan nan nan nan nan nan nan nan nan nan nan nan nan nan nan nan nan 1e-07 1e-07 0.0 0.0 0.0 0.0 2
_Sky_3296429841 2007 "Sky positions from PS1" 129.45816482924275 1.2937805975064711 1800.0 1 L r 20040410073 nan nan nan nan nan nan nan nan nan nan nan nan nan nan nan nan nan nan nan nan nan nan 1e-07 1e-07 0.0 0.0 0.0 0.0 2
_Sky_3296406575 2007 "Sky positions from PS1" 129.396883069699 1.3133230563738654 1800.0 1 L r 20040386807 nan nan nan nan nan nan nan nan nan nan nan nan nan nan nan nan nan nan nan nan nan nan 1e-07 1e-07 0.0 0.0 0.0 0.0 2
_Sky_3296440164 2007 "Sky positions from PS1" 129.45941343096064 1.3354658724838862 1800.0 1 L r 20040420396 nan nan nan nan nan nan nan nan nan nan nan nan nan nan nan nan nan nan nan nan nan nan 1e-07 1e-07 0.0 0.0 0.0 0.0 2
_Sky_3296442165 2007 "Sky positions from PS1" 129.47016541762957 1.314541989711467 1800.0 1 L r 20040422397 nan nan nan nan nan nan nan nan nan nan nan nan nan nan nan nan nan nan nan nan nan nan 1e-07 1e-07 0.0 0.0 0.0 0.0 2
_Sky_3296440523 2007 "Sky positions from PS1" 129.44985816042828 1.3571838482099627 1800.0 1 L r 20040420755 nan nan nan nan nan nan nan nan nan nan nan nan nan nan nan nan nan nan nan nan nan nan 1e-07 1e-07 0.0 0.0 0.0 0.0 2
_Sky_3296436223 2007 "Sky positions from PS1" 129.59334635514702 1.2287429199535422 1800.0 1 L r 20040416455 nan nan nan nan nan nan nan nan nan nan nan nan nan nan nan nan nan nan nan nan nan nan 1e-07 1e-07 0.0 0.0 0.0 0.0 2
_Sky_3296423327 2007 "Sky positions from PS1" 129.6159373430583 1.2754098960659646 1800.0 1 L r 20040403559 nan nan nan nan nan nan nan nan nan nan nan nan nan nan nan nan nan nan nan nan nan nan 1e-07 1e-07 0.0 0.0 0.0 0.0 2
_Sky_3296445456 2007 "Sky positions from PS1" 129.52256386580208 1.3143612029509304 1800.0 1 L r 20040425688 nan nan nan nan nan nan nan nan nan nan nan nan nan nan nan nan nan nan nan nan nan nan 1e-07 1e-07 0.0 0.0 0.0 0.0 2
_Sky_3296442869 2007 "Sky positions from PS1" 129.5326463676323 1.3372590240395414 1800.0 1 L r 20040423101 nan nan nan nan nan nan nan nan nan nan nan nan nan nan nan nan nan nan nan nan nan nan 1e-07 1e-07 0.0 0.0 0.0 0.0 2
_Sky_3296427746 2007 "Sky positions from PS1" 129.55485274703136 1.3800717847556898 1800.0 1 L r 20040407978 nan nan nan nan nan nan nan nan nan nan nan nan nan nan nan nan nan nan nan nan nan nan 1e-07 1e-07 0.0 0.0 0.0 0.0 2
_Sky_3296412797 2007 "Sky positions from PS1" 129.60596302430113 1.2953825553934375 1800.0 1 L r 20040393029 nan nan nan nan nan nan nan nan nan nan nan nan nan nan nan nan nan nan nan nan nan nan 1e-07 1e-07 0.0 0.0 0.0 0.0 2
_Sky_3296422406 2007 "Sky positions from PS1" 129.57056431886645 1.3584743398918435 1800.0 1 L r 20040402638 nan nan nan nan nan nan nan nan nan nan nan nan nan nan nan nan nan nan nan nan nan nan 1e-07 1e-07 0.0 0.0 0.0 0.0 2
_Sky_3296491233 2007 "Sky positions from PS1" 129.63966835141335 1.2307968406933631 1800.0 1 L r 20042526904 nan nan nan nan nan nan nan nan nan nan nan nan nan nan nan nan nan nan nan nan nan nan 1e-07 1e-07 0.0 0.0 0.0 0.0 2
_Sky_3296462754 2007 "Sky positions from PS1" 129.70021259350466 1.337340447789834 1800.0 1 L r 20042498425 nan nan nan nan nan nan nan nan nan nan nan nan nan nan nan nan nan nan nan nan nan nan 1e-07 1e-07 0.0 0.0 0.0 0.0 2
_Sky_3296418657 2007 "Sky positions from PS1" 129.12759380060297 1.4430002946654206 1800.0 1 L r 20040398889 nan nan nan nan nan nan nan nan nan nan nan nan nan nan nan nan nan nan nan nan nan nan 1e-07 1e-07 0.0 0.0 0.0 0.0 2
_Sky_3296427297 2007 "Sky positions from PS1" 129.27561551604384 1.443972034068593 1800.0 1 L r 20040407529 nan nan nan nan nan nan nan nan nan nan nan nan nan nan nan nan nan nan nan nan nan nan 1e-07 1e-07 0.0 0.0 0.0 0.0 2
_Sky_3296441025 2007 "Sky positions from PS1" 129.28764820144016 1.4655320024963707 1800.0 1 L r 20040421257 nan nan nan nan nan nan nan nan nan nan nan nan nan nan nan nan nan nan nan nan nan nan 1e-07 1e-07 0.0 0.0 0.0 0.0 2
_Sky_3296426154 2007 "Sky positions from PS1" 129.34812886144528 1.4439210519153831 1800.0 1 L r 20040406386 nan nan nan nan nan nan nan nan nan nan nan nan nan nan nan nan nan nan nan nan nan nan 1e-07 1e-07 0.0 0.0 0.0 0.0 2
_Sky_3306415657 2007 "Sky positions from PS1" 129.27441256885072 1.531328179013276 1800.0 1 L r 20549999102 nan nan nan nan nan nan nan nan nan nan nan nan nan nan nan nan nan nan nan nan nan nan 1e-07 1e-07 0.0 0.0 0.0 0.0 2
_Sky_3306427812 2007 "Sky positions from PS1" 129.2993378087817 1.530716677612622 1800.0 1 L r 20550011257 nan nan nan nan nan nan nan nan nan nan nan nan nan nan nan nan nan nan nan nan nan nan 1e-07 1e-07 0.0 0.0 0.0 0.0 2
_Sky_3306413936 2007 "Sky positions from PS1" 129.3240399961962 1.5318887242406 1800.0 1 L r 20549997381 nan nan nan nan nan nan nan nan nan nan nan nan nan nan nan nan nan nan nan nan nan nan 1e-07 1e-07 0.0 0.0 0.0 0.0 2
_Sky_3306412255 2007 "Sky positions from PS1" 129.1114463818915 1.6376395676199218 1800.0 1 L r 20549995700 nan nan nan nan nan nan nan nan nan nan nan nan nan nan nan nan nan nan nan nan nan nan 1e-07 1e-07 0.0 0.0 0.0 0.0 2
_Sky_3306443022 2007 "Sky positions from PS1" 129.15055117839972 1.6176337806791614 1800.0 1 L r 20550026467 nan nan nan nan nan nan nan nan nan nan nan nan nan nan nan nan nan nan nan nan nan nan 1e-07 1e-07 0.0 0.0 0.0 0.0 2
_Sky_3306424409 2007 "Sky positions from PS1" 129.18653787982953 1.5957220742877791 1800.0 1 L r 20550007854 nan nan nan nan nan nan nan nan nan nan nan nan nan nan nan nan nan nan nan nan nan nan 1e-07 1e-07 0.0 0.0 0.0 0.0 2
_Sky_3306417424 2007 "Sky positions from PS1" 129.17645080873086 1.6157717855960705 1800.0 1 L r 20550000869 nan nan nan nan nan nan nan nan nan nan nan nan nan nan nan nan nan nan nan nan nan nan 1e-07 1e-07 0.0 0.0 0.0 0.0 2
_Sky_3306425611 2007 "Sky positions from PS1" 129.1853054911217 1.6373213145697767 1800.0 1 L r 20550009056 nan nan nan nan nan nan nan nan nan nan nan nan nan nan nan nan nan nan nan nan nan nan 1e-07 1e-07 0.0 0.0 0.0 0.0 2
_Sky_3306443319 2007 "Sky positions from PS1" 129.1613350901106 1.7222114979768215 1800.0 1 L r 20550026764 nan nan nan nan nan nan nan nan nan nan nan nan nan nan nan nan nan nan nan nan nan nan 1e-07 1e-07 0.0 0.0 0.0 0.0 2
_Sky_3306411346 2007 "Sky positions from PS1" 129.2372164428813 1.6376415657883283 1800.0 1 L r 20549994791 nan nan nan nan nan nan nan nan nan nan nan nan nan nan nan nan nan nan nan nan nan nan 1e-07 1e-07 0.0 0.0 0.0 0.0 2
_Sky_3306426977 2007 "Sky positions from PS1" 129.3368965359501 1.594896992434214 1800.0 1 L r 20550010422 nan nan nan nan nan nan nan nan nan nan nan nan nan nan nan nan nan nan nan nan nan nan 1e-07 1e-07 0.0 0.0 0.0 0.0 2
_Sky_3306421147 2007 "Sky positions from PS1" 129.28504761591043 1.7239810288961976 1800.0 1 L r 20550004592 nan nan nan nan nan nan nan nan nan nan nan nan nan nan nan nan nan nan nan nan nan nan 1e-07 1e-07 0.0 0.0 0.0 0.0 2
_Sky_3296425585 2007 "Sky positions from PS1" 129.37309001137226 1.4004169364018175 1800.0 1 L r 20040405817 nan nan nan nan nan nan nan nan nan nan nan nan nan nan nan nan nan nan nan nan nan nan 1e-07 1e-07 0.0 0.0 0.0 0.0 2
_Sky_3296419477 2007 "Sky positions from PS1" 129.43578211683092 1.464809374000693 1800.0 1 L r 20040399709 nan nan nan nan nan nan nan nan nan nan nan nan nan nan nan nan nan nan nan nan nan nan 1e-07 1e-07 0.0 0.0 0.0 0.0 2
_Sky_3296434901 2007 "Sky positions from PS1" 129.45898694840238 1.4664634827146077 1800.0 1 L r 20040415133 nan nan nan nan nan nan nan nan nan nan nan nan nan nan nan nan nan nan nan nan nan nan 1e-07 1e-07 0.0 0.0 0.0 0.0 2
_Sky_3306423504 2007 "Sky positions from PS1" 129.37286023783548 1.488667781964937 1800.0 1 L r 20550006949 nan nan nan nan nan nan nan nan nan nan nan nan nan nan nan nan nan nan nan nan nan nan 1e-07 1e-07 0.0 0.0 0.0 0.0 2
_Sky_3306448294 2007 "Sky positions from PS1" 129.42301543874422 1.53014868918752 1800.0 1 L r 20550031739 nan nan nan nan nan nan nan nan nan nan nan nan nan nan nan nan nan nan nan nan nan nan 1e-07 1e-07 0.0 0.0 0.0 0.0 2
_Sky_3306409996 2007 "Sky positions from PS1" 129.44577265845376 1.488254302540849 1800.0 1 L r 20549993441 nan nan nan nan nan nan nan nan nan nan nan nan nan nan nan nan nan nan nan nan nan nan 1e-07 1e-07 0.0 0.0 0.0 0.0 2
_Sky_3296410091 2007 "Sky positions from PS1" 129.47017726100518 1.4864863230687322 1800.0 1 L r 20040390323 nan nan nan nan nan nan nan nan nan nan nan nan nan nan nan nan nan nan nan nan nan nan 1e-07 1e-07 0.0 0.0 0.0 0.0 2
_Sky_3306446672 2007 "Sky positions from PS1" 129.47237475194183 1.5284065371372302 1800.0 1 L r 20550030117 nan nan nan nan nan nan nan nan nan nan nan nan nan nan nan nan nan nan nan nan nan nan 1e-07 1e-07 0.0 0.0 0.0 0.0 2
