output/Jan25/final/field_e_L2_visit2_final_targets.ecsv
# %ECSV 1.0
# ---
# datatype:
# - {name: ob_code, datatype: string}
# - {name: catId, datatype: int32}
# - {name: description, datatype: string}
# - {name: ra, datatype: float64}
# - {name: dec, datatype: float64}
# - {name: exptime, datatype: float64}
# - {name: priority, datatype: int32}
# - {name: resolution, datatype: string}
# - {name: reference_arm, datatype: string}
# - {name: obj_id, datatype: int64}
# - {name: g_hsc, datatype: float64}
# - {name: g_hsc_err, datatype: float64}
# - {name: r2_hsc, datatype: float64}
# - {name: r2_hsc_err, datatype: float64}
# - {name: i2_hsc, datatype: float64}
# - {name: i2_hsc_err, datatype: float64}
# - {name: z_hsc, datatype: float64}
# - {name: z_hsc_err, datatype: float64}
# - {name: y_hsc, datatype: float64}
# - {name: y_hsc_err, datatype: float64}
# - {name: epoch, datatype: float64}
# - {name: input_catalog_id, datatype: float64}
# - {name: psf_flux_g, datatype: float64}
# - {name: psf_flux_error_g, datatype: float64}
# - {name: psf_flux_r, datatype: float64}
# - {name: psf_flux_error_r, datatype: float64}
# - {name: psf_flux_i, datatype: float64}
# - {name: psf_flux_error_i, datatype: float64}
# - {name: psf_flux_z, datatype: float64}
# - {name: psf_flux_error_z, datatype: float64}
# - {name: psf_flux_y, datatype: float64}
# - {name: psf_flux_error_y, datatype: float64}
# - {name: parallax, datatype: float64}
# - {name: parallax_error, datatype: float64}
# - {name: pmra, datatype: float64}
# - {name: pmra_error, datatype: float64}
# - {name: pmdec, datatype: float64}
# - {name: pmdec_error, datatype: float64}
# - {name: target_type, datatype: int32}
# schema: astropy-2.0
ob_code catId description ra dec exptime priority resolution reference_arm obj_id g_hsc g_hsc_err r2_hsc r2_hsc_err i2_hsc i2_hsc_err z_hsc z_hsc_err y_hsc y_hsc_err epoch input_catalog_id psf_flux_g psf_flux_error_g psf_flux_r psf_flux_error_r psf_flux_i psf_flux_error_i psf_flux_z psf_flux_error_z psf_flux_y psf_flux_error_y parallax parallax_error pmra pmra_error pmdec pmdec_error target_type
[from data line 156]
_Cos_40967966459710056 11 "HSC-SSP Public Data Release 4 (Wide)" 132.35641833400302 -0.4058366656869696 1800.0 1 L r 40967966459710056 579.67633 31.132082 727.2211 43.679462 1040.3937 34.025238 1058.2439 58.96339 1462.4404 123.45303 nan nan nan nan nan nan nan nan nan nan nan nan 1e-07 1e-07 0.0 0.0 0.0 0.0 1
_Cos_40967966459710241 11 "HSC-SSP Public Data Release 4 (Wide)" 132.33956921381525 -0.40267823024699934 1800.0 1 L r 40967966459710241 731.80035 25.977438 943.4909 38.43207 1855.799 30.648941 2520.8738 60.070568 3493.8188 147.94418 nan nan nan nan nan nan nan nan nan nan nan nan 1e-07 1e-07 0.0 0.0 0.0 0.0 1
_Cos_40967966459710782 11 "HSC-SSP Public Data Release 4 (Wide)" 132.414313463577 -0.39191697358591016 1800.0 1 L r 40967966459710782 1187.6749 21.218403 1469.1592 33.28211 1981.6176 34.05707 3563.8298 64.618065 4298.51 124.2347 nan nan nan nan nan nan nan nan nan nan nan nan 1e-07 1e-07 0.0 0.0 0.0 0.0 1
_Cos_40967966459710901 11 "HSC-SSP Public Data Release 4 (Wide)" 132.39728526405443 -0.38908925650259074 1800.0 1 L r 40967966459710901 653.06213 21.791176 762.0566 32.39626 1008.3472 32.112858 1482.0925 71.06292 2345.513 119.940865 nan nan nan nan nan nan nan nan nan nan nan nan 1e-07 1e-07 0.0 0.0 0.0 0.0 1
_Cos_40967966459711387 11 "HSC-SSP Public Data Release 4 (Wide)" 132.42079112847563 -0.3788743582335528 1800.0 1 L r 40967966459711387 329.2081 20.659904 440.6101 31.029184 1131.4335 43.07931 1623.2852 72.818695 1848.6548 138.49931 nan nan nan nan nan nan nan nan nan nan nan nan 1e-07 1e-07 0.0 0.0 0.0 0.0 1
_Cos_40967966459711431 11 "HSC-SSP Public Data Release 4 (Wide)" 132.39819867924828 -0.3773716376686951 1800.0 1 L r 40967966459711431 1966.5492 29.35277 2185.817 41.907215 3113.232 52.759758 4353.9937 97.82773 6440.891 185.12036 nan nan nan nan nan nan nan nan nan nan nan nan 1e-07 1e-07 0.0 0.0 0.0 0.0 1
_Cos_40967966459711887 11 "HSC-SSP Public Data Release 4 (Wide)" 132.44024722910237 -0.36748602692184096 1800.0 1 L r 40967966459711887 1087.829 18.021088 1283.2397 28.579176 1821.3823 31.090656 2877.5195 60.08971 3045.9163 113.171684 nan nan nan nan nan nan nan nan nan nan nan nan 1e-07 1e-07 0.0 0.0 0.0 0.0 1
_Cos_40967966459712001 11 "HSC-SSP Public Data Release 4 (Wide)" 132.37000062584318 -0.364665188933122 1800.0 1 L r 40967966459712001 563.7409 21.529106 586.06696 32.741135 1234.455 30.61867 1578.7504 59.439053 1970.6451 114.22167 nan nan nan nan nan nan nan nan nan nan nan nan 1e-07 1e-07 0.0 0.0 0.0 0.0 1
_Cos_40967966459712279 11 "HSC-SSP Public Data Release 4 (Wide)" 132.4609211200835 -0.3593899193830932 1800.0 1 L r 40967966459712279 1350.4261 26.235598 1952.1544 45.00618 3340.4653 35.922913 4497.243 79.90273 6670.9854 176.37059 nan nan nan nan nan nan nan nan nan nan nan nan 1e-07 1e-07 0.0 0.0 0.0 0.0 1
_Cos_40967966459713509 11 "HSC-SSP Public Data Release 4 (Wide)" 132.41601867340228 -0.3339087286816639 1800.0 1 L r 40967966459713509 612.28156 23.383276 760.3857 37.10019 1509.5236 30.281534 2890.3186 54.40994 4623.9575 129.81873 nan nan nan nan nan nan nan nan nan nan nan nan 1e-07 1e-07 0.0 0.0 0.0 0.0 1
_Cos_40967966459713759 11 "HSC-SSP Public Data Release 4 (Wide)" 132.33803901295994 -0.32836002657205865 1800.0 1 L r 40967966459713759 387.57996 27.652895 388.48242 46.81548 1077.542 44.55825 1121.0657 78.23903 1502.1085 176.44913 nan nan nan nan nan nan nan nan nan nan nan nan 1e-07 1e-07 0.0 0.0 0.0 0.0 1
_Cos_40967966459713841 11 "HSC-SSP Public Data Release 4 (Wide)" 132.4036297432335 -0.3258965648651842 1800.0 1 L r 40967966459713841 681.57526 45.528595 923.6402 58.959835 1480.7672 50.563534 3970.1897 102.8416 6273.7964 231.71419 nan nan nan nan nan nan nan nan nan nan nan nan 1e-07 1e-07 0.0 0.0 0.0 0.0 1
_Cos_40967966459714285 11 "HSC-SSP Public Data Release 4 (Wide)" 132.46832814912364 -0.31495135145215164 1800.0 1 L r 40967966459714285 1123.9264 27.120853 999.3408 30.165874 1148.9852 41.327065 1300.6418 75.2535 1978.1316 152.69917 nan nan nan nan nan nan nan nan nan nan nan nan 1e-07 1e-07 0.0 0.0 0.0 0.0 1
_Cos_40967966459714508 11 "HSC-SSP Public Data Release 4 (Wide)" 132.39751134905097 -0.310779347177915 1800.0 1 L r 40967966459714508 1200.7777 18.997274 1258.1444 28.954857 1667.6941 33.14621 1545.5654 73.061165 1290.2897 112.87095 nan nan nan nan nan nan nan nan nan nan nan nan 1e-07 1e-07 0.0 0.0 0.0 0.0 1
_Cos_40967966459714676 11 "HSC-SSP Public Data Release 4 (Wide)" 132.4235981688039 -0.30947966485807565 1800.0 1 L r 40967966459714676 642.43774 15.735858 928.6507 25.172651 1698.5702 25.63102 2837.442 58.123066 3461.904 118.712265 nan nan nan nan nan nan nan nan nan nan nan nan 1e-07 1e-07 0.0 0.0 0.0 0.0 1
_Cos_40967966459714882 11 "HSC-SSP Public Data Release 4 (Wide)" 132.42901635173237 -0.3043730322601496 1800.0 1 L r 40967966459714882 608.2029 16.549858 672.819 27.631227 940.5664 31.051119 1043.4019 61.924767 1244.4286 128.03937 nan nan nan nan nan nan nan nan nan nan nan nan 1e-07 1e-07 0.0 0.0 0.0 0.0 1
_Cos_40967966459715001 11 "HSC-SSP Public Data Release 4 (Wide)" 132.49062310534381 -0.3002915245539252 1800.0 1 L r 40967966459715001 954.65826 14.946926 1434.9738 24.731041 1753.4427 23.434742 3051.7893 47.180264 1847.3795 89.190895 nan nan nan nan nan nan nan nan nan nan nan nan 1e-07 1e-07 0.0 0.0 0.0 0.0 1
_Cos_40967966459715410 11 "HSC-SSP Public Data Release 4 (Wide)" 132.45069811322136 -0.29212642957278095 1800.0 1 L r 40967966459715410 1573.6201 22.627728 2049.654 34.142376 2329.9287 33.74806 2326.424 67.27284 2429.4514 130.48792 nan nan nan nan nan nan nan nan nan nan nan nan 1e-07 1e-07 0.0 0.0 0.0 0.0 1
_Cos_40967966459715990 11 "HSC-SSP Public Data Release 4 (Wide)" 132.49910509082824 -0.2797143035134526 1800.0 1 L r 40967966459715990 1335.6646 45.01078 1809.1208 63.77278 1911.2577 68.03645 1749.752 117.63517 715.8848 142.17465 nan nan nan nan nan nan nan nan nan nan nan nan 1e-07 1e-07 0.0 0.0 0.0 0.0 1
_Cos_40967966459716082 11 "HSC-SSP Public Data Release 4 (Wide)" 132.46852131064475 -0.2779883780686201 1800.0 1 L r 40967966459716082 636.19104 19.712973 843.2656 26.45891 1570.3633 37.72194 2737.5637 72.71056 4613.7896 148.12212 nan nan nan nan nan nan nan nan nan nan nan nan 1e-07 1e-07 0.0 0.0 0.0 0.0 1
_Cos_40967970754659106 11 "HSC-SSP Public Data Release 4 (Wide)" 132.37842600109232 -0.26174667694863196 1800.0 1 L r 40967970754659106 881.7598 19.07229 947.77966 31.402481 1573.8568 40.266167 1736.5948 55.89566 2341.824 135.80133 nan nan nan nan nan nan nan nan nan nan nan nan 1e-07 1e-07 0.0 0.0 0.0 0.0 1
_Cos_40967970754659582 11 "HSC-SSP Public Data Release 4 (Wide)" 132.3328044850172 -0.2502426110461523 1800.0 1 L r 40967970754659582 1304.082 29.944502 1600.9193 44.037956 2092.026 43.816753 3708.9949 84.21081 5030.047 209.09782 nan nan nan nan nan nan nan nan nan nan nan nan 1e-07 1e-07 0.0 0.0 0.0 0.0 1
_Cos_40967970754662027 11 "HSC-SSP Public Data Release 4 (Wide)" 132.39743481787525 -0.19096012343454674 1800.0 1 L r 40967970754662027 1662.0178 21.945782 1987.6638 35.757164 2336.9824 40.62834 4062.0222 77.39121 5139.5127 174.2954 nan nan nan nan nan nan nan nan nan nan nan nan 1e-07 1e-07 0.0 0.0 0.0 0.0 1
_Cos_40967970754662091 11 "HSC-SSP Public Data Release 4 (Wide)" 132.357967918626 -0.1896735823379164 1800.0 1 L r 40967970754662091 439.64844 20.29393 717.4488 33.52213 1130.6072 31.311148 1962.2731 58.618988 2280.899 126.839264 nan nan nan nan nan nan nan nan nan nan nan nan 1e-07 1e-07 0.0 0.0 0.0 0.0 1
_Cos_40967970754663186 11 "HSC-SSP Public Data Release 4 (Wide)" 132.37535154764748 -0.16384845258110212 1800.0 1 L r 40967970754663186 804.6593 18.07961 912.09863 29.778456 1583.7015 30.120333 1593.2943 53.96683 2361.8691 104.65544 nan nan nan nan nan nan nan nan nan nan nan nan 1e-07 1e-07 0.0 0.0 0.0 0.0 1
_Cos_40967970754663582 11 "HSC-SSP Public Data Release 4 (Wide)" 132.3635267506477 -0.1546461743966876 1800.0 1 L r 40967970754663582 523.9598 20.216513 710.8241 30.419127 1031.4717 34.019157 1300.0743 54.37669 1552.8218 98.24852 nan nan nan nan nan nan nan nan nan nan nan nan 1e-07 1e-07 0.0 0.0 0.0 0.0 1
_Cos_40967970754664927 11 "HSC-SSP Public Data Release 4 (Wide)" 132.3719801243402 -0.12028865990907216 1800.0 1 L r 40967970754664927 882.352 25.047895 1202.414 37.754135 2501.7349 37.364048 3316.867 69.86203 3534.1033 161.44131 nan nan nan nan nan nan nan nan nan nan nan nan 1e-07 1e-07 0.0 0.0 0.0 0.0 1
_Cos_40967970754665825 11 "HSC-SSP Public Data Release 4 (Wide)" 132.49194080093326 -0.0980440214280111 1800.0 1 L r 40967970754665825 553.96155 21.758324 656.834 31.130104 1150.9749 36.47893 1577.9146 66.10225 1739.5778 172.26434 nan nan nan nan nan nan nan nan nan nan nan nan 1e-07 1e-07 0.0 0.0 0.0 0.0 1
_Cos_40967970754675887 11 "HSC-SSP Public Data Release 4 (Wide)" 132.4580490866827 -0.2765694480896295 1800.0 1 L r 40967970754675887 753.207 27.766489 779.52594 38.265747 1350.6906 49.271915 2065.6267 89.40874 2420.6248 177.75279 nan nan nan nan nan nan nan nan nan nan nan nan 1e-07 1e-07 0.0 0.0 0.0 0.0 1
_Cos_40967970754676503 11 "HSC-SSP Public Data Release 4 (Wide)" 132.4981898217877 -0.2662539300494546 1800.0 1 L r 40967970754676503 748.0452 20.17007 861.057 34.161728 1240.744 35.60684 1671.9728 73.956825 2520.3916 168.25151 nan nan nan nan nan nan nan nan nan nan nan nan 1e-07 1e-07 0.0 0.0 0.0 0.0 1
_Cos_40967970754676716 11 "HSC-SSP Public Data Release 4 (Wide)" 132.32950421046183 -0.2607257240604556 1800.0 1 L r 40967970754676716 800.94965 29.267433 1131.4019 47.03574 1947.6002 31.120144 2590.134 60.0265 3018.9658 114.5466 nan nan nan nan nan nan nan nan nan nan nan nan 1e-07 1e-07 0.0 0.0 0.0 0.0 1
_Cos_40967970754677004 11 "HSC-SSP Public Data Release 4 (Wide)" 132.41104118819345 -0.2550747477955918 1800.0 1 L r 40967970754677004 1046.0575 15.614397 1204.2406 30.945515 1258.0273 26.580093 1262.993 48.505333 1566.5883 96.448 nan nan nan nan nan nan nan nan nan nan nan nan 1e-07 1e-07 0.0 0.0 0.0 0.0 1
_Cos_40967970754677208 11 "HSC-SSP Public Data Release 4 (Wide)" 132.3999886590667 -0.2507259242254788 1800.0 1 L r 40967970754677208 477.66824 17.60462 520.5513 27.540321 952.62775 32.707344 1190.8016 61.638664 1684.2158 160.73982 nan nan nan nan nan nan nan nan nan nan nan nan 1e-07 1e-07 0.0 0.0 0.0 0.0 1
_Cos_40967970754678079 11 "HSC-SSP Public Data Release 4 (Wide)" 132.45046481297535 -0.2357732671664346 1800.0 1 L r 40967970754678079 816.8105 18.506062 940.5371 28.335108 1314.916 37.737423 2084.8796 76.23151 2174.114 126.74991 nan nan nan nan nan nan nan nan nan nan nan nan 1e-07 1e-07 0.0 0.0 0.0 0.0 1
_Cos_40967970754678314 11 "HSC-SSP Public Data Release 4 (Wide)" 132.45560074518139 -0.23094850838507483 1800.0 1 L r 40967970754678314 167.11119 24.034357 184.63315 29.558115 1274.8229 54.388927 2789.7026 102.252014 3840.1624 199.56757 nan nan nan nan nan nan nan nan nan nan nan nan 1e-07 1e-07 0.0 0.0 0.0 0.0 1
_Cos_40967970754678336 11 "HSC-SSP Public Data Release 4 (Wide)" 132.43469211399818 -0.23101200931246738 1800.0 1 L r 40967970754678336 696.9124 25.198824 949.3654 41.71085 1528.9048 49.81025 2041.3844 97.56985 1232.17 168.25961 nan nan nan nan nan nan nan nan nan nan nan nan 1e-07 1e-07 0.0 0.0 0.0 0.0 1
_Cos_40967970754679140 11 "HSC-SSP Public Data Release 4 (Wide)" 132.36510993288294 -0.21610215734978389 1800.0 1 L r 40967970754679140 951.47675 19.143225 1075.4015 37.178207 1618.6106 33.823677 2021.096 61.909325 2342.8835 135.48132 nan nan nan nan nan nan nan nan nan nan nan nan 1e-07 1e-07 0.0 0.0 0.0 0.0 1
_Cos_40967970754679212 11 "HSC-SSP Public Data Release 4 (Wide)" 132.31958421380193 -0.21459232034830486 1800.0 1 L r 40967970754679212 1083.8574 16.359455 1091.4045 25.71926 1381.3064 25.958447 1798.3441 53.485687 2075.124 146.1253 nan nan nan nan nan nan nan nan nan nan nan nan 1e-07 1e-07 0.0 0.0 0.0 0.0 1
_Cos_40967970754679496 11 "HSC-SSP Public Data Release 4 (Wide)" 132.37063067155606 -0.2099987763246636 1800.0 1 L r 40967970754679496 292.60385 16.656685 370.30396 28.707123 959.11975 38.201134 1657.2223 80.67277 894.52356 129.06984 nan nan nan nan nan nan nan nan nan nan nan nan 1e-07 1e-07 0.0 0.0 0.0 0.0 1
_Cos_40967970754679796 11 "HSC-SSP Public Data Release 4 (Wide)" 132.4609811374734 -0.2026195437410449 1800.0 1 L r 40967970754679796 453.44574 27.091213 640.1176 39.65151 1915.2954 52.196323 3178.6577 88.91972 4514.519 156.19528 nan nan nan nan nan nan nan nan nan nan nan nan 1e-07 1e-07 0.0 0.0 0.0 0.0 1
_Cos_40967970754679817 11 "HSC-SSP Public Data Release 4 (Wide)" 132.32155888628404 -0.20310098960284936 1800.0 1 L r 40967970754679817 283.09225 20.263437 457.74963 33.466152 991.0639 35.40656 1824.6748 57.30555 3110.3438 132.86478 nan nan nan nan nan nan nan nan nan nan nan nan 1e-07 1e-07 0.0 0.0 0.0 0.0 1
_Cos_40967970754679999 11 "HSC-SSP Public Data Release 4 (Wide)" 132.47220790137405 -0.1943659594886118 1800.0 1 L r 40967970754679999 1336.0254 18.267136 1471.1112 28.067139 1650.0176 31.447515 2097.7544 61.979122 2478.6682 119.59263 nan nan nan nan nan nan nan nan nan nan nan nan 1e-07 1e-07 0.0 0.0 0.0 0.0 1
_Cos_40967970754681153 11 "HSC-SSP Public Data Release 4 (Wide)" 132.4582668581445 -0.17846516585207223 1800.0 1 L r 40967970754681153 934.64545 30.94576 685.71136 30.933466 1678.5018 57.721245 2832.5461 94.57329 1789.7213 129.59108 nan nan nan nan nan nan nan nan nan nan nan nan 1e-07 1e-07 0.0 0.0 0.0 0.0 1
_Cos_40967970754681215 11 "HSC-SSP Public Data Release 4 (Wide)" 132.42607573058075 -0.17647360799797418 1800.0 1 L r 40967970754681215 768.57776 22.201675 988.6032 35.12624 1049.9718 36.064457 1090.6565 65.078804 874.85706 132.14488 nan nan nan nan nan nan nan nan nan nan nan nan 1e-07 1e-07 0.0 0.0 0.0 0.0 1
_Cos_40967970754681331 11 "HSC-SSP Public Data Release 4 (Wide)" 132.3537839703009 -0.17512416764474092 1800.0 1 L r 40967970754681331 1700.5778 22.522594 2313.2942 33.76579 3282.3687 37.232574 2796.0955 67.2075 2928.4717 145.80354 nan nan nan nan nan nan nan nan nan nan nan nan 1e-07 1e-07 0.0 0.0 0.0 0.0 1
_Cos_40967970754682036 11 "HSC-SSP Public Data Release 4 (Wide)" 132.43868306988267 -0.16374689047752986 1800.0 1 L r 40967970754682036 585.90796 17.235472 1036.0546 28.644724 1994.2749 35.031303 3876.7732 64.69152 4831.559 129.07658 nan nan nan nan nan nan nan nan nan nan nan nan 1e-07 1e-07 0.0 0.0 0.0 0.0 1
_Cos_40967970754682769 11 "HSC-SSP Public Data Release 4 (Wide)" 132.32712303452024 -0.15102043149994163 1800.0 1 L r 40967970754682769 686.46765 18.270798 870.6413 28.71237 1191.6334 28.861115 1907.617 52.130463 2362.7993 124.11552 nan nan nan nan nan nan nan nan nan nan nan nan 1e-07 1e-07 0.0 0.0 0.0 0.0 1
_Cos_40967970754682904 11 "HSC-SSP Public Data Release 4 (Wide)" 132.47745957758954 -0.14734881815513462 1800.0 1 L r 40967970754682904 428.6165 16.20077 525.7957 24.680387 1117.078 38.016773 2011.0885 71.77302 3105.0356 169.79196 nan nan nan nan nan nan nan nan nan nan nan nan 1e-07 1e-07 0.0 0.0 0.0 0.0 1
_Cos_40967970754683118 11 "HSC-SSP Public Data Release 4 (Wide)" 132.36380667084282 -0.14488684689724776 1800.0 1 L r 40967970754683118 845.3737 16.80259 1282.1044 28.786642 2077.7913 30.183895 2980.7458 56.17801 2507.3733 106.71779 nan nan nan nan nan nan nan nan nan nan nan nan 1e-07 1e-07 0.0 0.0 0.0 0.0 1
_Cos_40967970754683653 11 "HSC-SSP Public Data Release 4 (Wide)" 132.3922490145834 -0.135074930639603 1800.0 1 L r 40967970754683653 747.71466 15.709984 1049.9658 26.56871 1490.7223 25.413513 2094.6033 54.829784 1835.2533 103.02923 nan nan nan nan nan nan nan nan nan nan nan nan 1e-07 1e-07 0.0 0.0 0.0 0.0 1
