output/Jan25/final/field_a_L3_visit1_final_targets.ecsv
# %ECSV 1.0
# ---
# datatype:
# - {name: ob_code, datatype: string}
# - {name: catId, datatype: int32}
# - {name: description, datatype: string}
# - {name: ra, datatype: float64}
# - {name: dec, datatype: float64}
# - {name: exptime, datatype: float64}
# - {name: priority, datatype: int32}
# - {name: resolution, datatype: string}
# - {name: reference_arm, datatype: string}
# - {name: obj_id, datatype: int64}
# - {name: g_hsc, datatype: float64}
# - {name: g_hsc_err, datatype: float64}
# - {name: r2_hsc, datatype: float64}
# - {name: r2_hsc_err, datatype: float64}
# - {name: i2_hsc, datatype: float64}
# - {name: i2_hsc_err, datatype: float64}
# - {name: z_hsc, datatype: float64}
# - {name: z_hsc_err, datatype: float64}
# - {name: y_hsc, datatype: float64}
# - {name: y_hsc_err, datatype: float64}
# - {name: epoch, datatype: float64}
# - {name: input_catalog_id, datatype: float64}
# - {name: psf_flux_g, datatype: float64}
# - {name: psf_flux_error_g, datatype: float64}
# - {name: psf_flux_r, datatype: float64}
# - {name: psf_flux_error_r, datatype: float64}
# - {name: psf_flux_i, datatype: float64}
# - {name: psf_flux_error_i, datatype: float64}
# - {name: psf_flux_z, datatype: float64}
# - {name: psf_flux_error_z, datatype: float64}
# - {name: psf_flux_y, datatype: float64}
# - {name: psf_flux_error_y, datatype: float64}
# - {name: parallax, datatype: float64}
# - {name: parallax_error, datatype: float64}
# - {name: pmra, datatype: float64}
# - {name: pmra_error, datatype: float64}
# - {name: pmdec, datatype: float64}
# - {name: pmdec_error, datatype: float64}
# - {name: target_type, datatype: int32}
# schema: astropy-2.0
ob_code catId description ra dec exptime priority resolution reference_arm obj_id g_hsc g_hsc_err r2_hsc r2_hsc_err i2_hsc i2_hsc_err z_hsc z_hsc_err y_hsc y_hsc_err epoch input_catalog_id psf_flux_g psf_flux_error_g psf_flux_r psf_flux_error_r psf_flux_i psf_flux_error_i psf_flux_z psf_flux_error_z psf_flux_y psf_flux_error_y parallax parallax_error pmra pmra_error pmdec pmdec_error target_type
[from data line 1945]
_Sky_3254224704 2007 "Sky positions from PS1" 37.39916405717625 -5.501518244908528 1800.0 1 L r 3254224704 nan nan nan nan nan nan nan nan nan nan nan nan nan nan nan nan nan nan nan nan nan nan 1e-07 1e-07 0.0 0.0 0.0 0.0 2
_Sky_3254251390 2007 "Sky positions from PS1" 37.16335113160535 -5.437489281949556 1800.0 1 L r 3254251390 nan nan nan nan nan nan nan nan nan nan nan nan nan nan nan nan nan nan nan nan nan nan 1e-07 1e-07 0.0 0.0 0.0 0.0 2
_Sky_3254246771 2007 "Sky positions from PS1" 37.20058980447597 -5.458835395609306 1800.0 1 L r 3254246771 nan nan nan nan nan nan nan nan nan nan nan nan nan nan nan nan nan nan nan nan nan nan 1e-07 1e-07 0.0 0.0 0.0 0.0 2
_Sky_3254212384 2007 "Sky positions from PS1" 37.21399714948351 -5.438299546684807 1800.0 1 L r 3254212384 nan nan nan nan nan nan nan nan nan nan nan nan nan nan nan nan nan nan nan nan nan nan 1e-07 1e-07 0.0 0.0 0.0 0.0 2
_Sky_3254211418 2007 "Sky positions from PS1" 37.226368219438726 -5.501176372707075 1800.0 1 L r 3254211418 nan nan nan nan nan nan nan nan nan nan nan nan nan nan nan nan nan nan nan nan nan nan 1e-07 1e-07 0.0 0.0 0.0 0.0 2
_Sky_3254251323 2007 "Sky positions from PS1" 37.17660679264556 -5.4170676950254055 1800.0 1 L r 3254251323 nan nan nan nan nan nan nan nan nan nan nan nan nan nan nan nan nan nan nan nan nan nan 1e-07 1e-07 0.0 0.0 0.0 0.0 2
_Sky_3254238608 2007 "Sky positions from PS1" 37.20048534395187 -5.417657641610803 1800.0 1 L r 3254238608 nan nan nan nan nan nan nan nan nan nan nan nan nan nan nan nan nan nan nan nan nan nan 1e-07 1e-07 0.0 0.0 0.0 0.0 2
_Sky_3254246788 2007 "Sky positions from PS1" 37.250512628572366 -5.37219778528427 1800.0 1 L r 3254246788 nan nan nan nan nan nan nan nan nan nan nan nan nan nan nan nan nan nan nan nan nan nan 1e-07 1e-07 0.0 0.0 0.0 0.0 2
_Sky_3254246755 2007 "Sky positions from PS1" 37.27645945036238 -5.330430666437994 1800.0 1 L r 3254246755 nan nan nan nan nan nan nan nan nan nan nan nan nan nan nan nan nan nan nan nan nan nan 1e-07 1e-07 0.0 0.0 0.0 0.0 2
_Sky_3254227532 2007 "Sky positions from PS1" 37.31439662171413 -5.4780476333836186 1800.0 1 L r 3254227532 nan nan nan nan nan nan nan nan nan nan nan nan nan nan nan nan nan nan nan nan nan nan 1e-07 1e-07 0.0 0.0 0.0 0.0 2
_Sky_3254227409 2007 "Sky positions from PS1" 37.30032700631825 -5.4591916994862295 1800.0 1 L r 3254227409 nan nan nan nan nan nan nan nan nan nan nan nan nan nan nan nan nan nan nan nan nan nan 1e-07 1e-07 0.0 0.0 0.0 0.0 2
_Sky_3254221296 2007 "Sky positions from PS1" 37.36342747462865 -5.435567770809169 1800.0 1 L r 3254221296 nan nan nan nan nan nan nan nan nan nan nan nan nan nan nan nan nan nan nan nan nan nan 1e-07 1e-07 0.0 0.0 0.0 0.0 2
_Sky_3254222239 2007 "Sky positions from PS1" 37.37446873665064 -5.458196034447986 1800.0 1 L r 3254222239 nan nan nan nan nan nan nan nan nan nan nan nan nan nan nan nan nan nan nan nan nan nan 1e-07 1e-07 0.0 0.0 0.0 0.0 2
_Sky_3254203717 2007 "Sky positions from PS1" 37.39907971073053 -5.456509292632959 1800.0 1 L r 3254203717 nan nan nan nan nan nan nan nan nan nan nan nan nan nan nan nan nan nan nan nan nan nan 1e-07 1e-07 0.0 0.0 0.0 0.0 2
_Sky_3254198564 2007 "Sky positions from PS1" 37.2999008791109 -5.372397911784245 1800.0 1 L r 3254198564 nan nan nan nan nan nan nan nan nan nan nan nan nan nan nan nan nan nan nan nan nan nan 1e-07 1e-07 0.0 0.0 0.0 0.0 2
_Sky_3254227501 2007 "Sky positions from PS1" 37.35005157290754 -5.372321036773509 1800.0 1 L r 3254227501 nan nan nan nan nan nan nan nan nan nan nan nan nan nan nan nan nan nan nan nan nan nan 1e-07 1e-07 0.0 0.0 0.0 0.0 2
_Sky_3254200823 2007 "Sky positions from PS1" 37.3867262051447 -5.350594675564123 1800.0 1 L r 3254200823 nan nan nan nan nan nan nan nan nan nan nan nan nan nan nan nan nan nan nan nan nan nan 1e-07 1e-07 0.0 0.0 0.0 0.0 2
_Sky_3254251840 2007 "Sky positions from PS1" 36.8871578583805 -5.353311985785274 1800.0 1 L r 3254251840 nan nan nan nan nan nan nan nan nan nan nan nan nan nan nan nan nan nan nan nan nan nan 1e-07 1e-07 0.0 0.0 0.0 0.0 2
_Sky_3254212494 2007 "Sky positions from PS1" 36.92515531680038 -5.286322594207675 1800.0 1 L r 3254212494 nan nan nan nan nan nan nan nan nan nan nan nan nan nan nan nan nan nan nan nan nan nan 1e-07 1e-07 0.0 0.0 0.0 0.0 2
_Sky_3254239669 2007 "Sky positions from PS1" 36.97503295986587 -5.33074680191574 1800.0 1 L r 3254239669 nan nan nan nan nan nan nan nan nan nan nan nan nan nan nan nan nan nan nan nan nan nan 1e-07 1e-07 0.0 0.0 0.0 0.0 2
_Sky_3254217531 2007 "Sky positions from PS1" 36.986224327893 -5.308618996542964 1800.0 1 L r 3254217531 nan nan nan nan nan nan nan nan nan nan nan nan nan nan nan nan nan nan nan nan nan nan 1e-07 1e-07 0.0 0.0 0.0 0.0 2
_Sky_3254228219 2007 "Sky positions from PS1" 36.90003245234658 -5.200684150213895 1800.0 1 L r 3254228219 nan nan nan nan nan nan nan nan nan nan nan nan nan nan nan nan nan nan nan nan nan nan 1e-07 1e-07 0.0 0.0 0.0 0.0 2
_Sky_3254250636 2007 "Sky positions from PS1" 36.98689944464169 -5.22020417604936 1800.0 1 L r 3254250636 nan nan nan nan nan nan nan nan nan nan nan nan nan nan nan nan nan nan nan nan nan nan 1e-07 1e-07 0.0 0.0 0.0 0.0 2
_Sky_3254229350 2007 "Sky positions from PS1" 37.01269724651644 -5.178421726427702 1800.0 1 L r 3254229350 nan nan nan nan nan nan nan nan nan nan nan nan nan nan nan nan nan nan nan nan nan nan 1e-07 1e-07 0.0 0.0 0.0 0.0 2
_Sky_3254200411 2007 "Sky positions from PS1" 37.075793323572455 -5.331717022783406 1800.0 1 L r 3254200411 nan nan nan nan nan nan nan nan nan nan nan nan nan nan nan nan nan nan nan nan nan nan 1e-07 1e-07 0.0 0.0 0.0 0.0 2
_Sky_3254224575 2007 "Sky positions from PS1" 37.0379803056058 -5.266082977570906 1800.0 1 L r 3254224575 nan nan nan nan nan nan nan nan nan nan nan nan nan nan nan nan nan nan nan nan nan nan 1e-07 1e-07 0.0 0.0 0.0 0.0 2
_Sky_3254235181 2007 "Sky positions from PS1" 37.13905299851124 -5.306871417838919 1800.0 1 L r 3254235181 nan nan nan nan nan nan nan nan nan nan nan nan nan nan nan nan nan nan nan nan nan nan 1e-07 1e-07 0.0 0.0 0.0 0.0 2
_Sky_3254195628 2007 "Sky positions from PS1" 37.0507404325375 -5.242434348428263 1800.0 1 L r 3254195628 nan nan nan nan nan nan nan nan nan nan nan nan nan nan nan nan nan nan nan nan nan nan 1e-07 1e-07 0.0 0.0 0.0 0.0 2
_Sky_3254233918 2007 "Sky positions from PS1" 37.10048787079648 -5.243401092566068 1800.0 1 L r 3254233918 nan nan nan nan nan nan nan nan nan nan nan nan nan nan nan nan nan nan nan nan nan nan 1e-07 1e-07 0.0 0.0 0.0 0.0 2
_Sky_3254198934 2007 "Sky positions from PS1" 36.88714350558645 -5.094124321259978 1800.0 1 L r 3254198934 nan nan nan nan nan nan nan nan nan nan nan nan nan nan nan nan nan nan nan nan nan nan 1e-07 1e-07 0.0 0.0 0.0 0.0 2
_Sky_3254241453 2007 "Sky positions from PS1" 36.94940704784768 -5.115168311127839 1800.0 1 L r 3254241453 nan nan nan nan nan nan nan nan nan nan nan nan nan nan nan nan nan nan nan nan nan nan 1e-07 1e-07 0.0 0.0 0.0 0.0 2
_Sky_3254193615 2007 "Sky positions from PS1" 36.97496229433794 -5.114809820717961 1800.0 1 L r 3254193615 nan nan nan nan nan nan nan nan nan nan nan nan nan nan nan nan nan nan nan nan nan nan 1e-07 1e-07 0.0 0.0 0.0 0.0 2
_Sky_3254216649 2007 "Sky positions from PS1" 36.9990984624982 -5.112854136039124 1800.0 1 L r 3254216649 nan nan nan nan nan nan nan nan nan nan nan nan nan nan nan nan nan nan nan nan nan nan 1e-07 1e-07 0.0 0.0 0.0 0.0 2
_Sky_3254219870 2007 "Sky positions from PS1" 36.88850671649672 -5.007424272019136 1800.0 1 L r 3254219870 nan nan nan nan nan nan nan nan nan nan nan nan nan nan nan nan nan nan nan nan nan nan 1e-07 1e-07 0.0 0.0 0.0 0.0 2
_Sky_3254194396 2007 "Sky positions from PS1" 37.0011202467104 -5.07073427487639 1800.0 1 L r 3254194396 nan nan nan nan nan nan nan nan nan nan nan nan nan nan nan nan nan nan nan nan nan nan 1e-07 1e-07 0.0 0.0 0.0 0.0 2
_Sky_3254226015 2007 "Sky positions from PS1" 36.98641239796857 -5.050211369866101 1800.0 1 L r 3254226015 nan nan nan nan nan nan nan nan nan nan nan nan nan nan nan nan nan nan nan nan nan nan 1e-07 1e-07 0.0 0.0 0.0 0.0 2
_Sky_3254230532 2007 "Sky positions from PS1" 37.01240310636064 -5.050178259607907 1800.0 1 L r 3254230532 nan nan nan nan nan nan nan nan nan nan nan nan nan nan nan nan nan nan nan nan nan nan 1e-07 1e-07 0.0 0.0 0.0 0.0 2
_Sky_3254244962 2007 "Sky positions from PS1" 36.98857642417186 -5.004932595742559 1800.0 1 L r 3254244962 nan nan nan nan nan nan nan nan nan nan nan nan nan nan nan nan nan nan nan nan nan nan 1e-07 1e-07 0.0 0.0 0.0 0.0 2
_Sky_3254198244 2007 "Sky positions from PS1" 37.06232549381584 -5.1347230245449005 1800.0 1 L r 3254198244 nan nan nan nan nan nan nan nan nan nan nan nan nan nan nan nan nan nan nan nan nan nan 1e-07 1e-07 0.0 0.0 0.0 0.0 2
_Sky_3254240858 2007 "Sky positions from PS1" 37.024572870059856 -5.112763655615759 1800.0 1 L r 3254240858 nan nan nan nan nan nan nan nan nan nan nan nan nan nan nan nan nan nan nan nan nan nan 1e-07 1e-07 0.0 0.0 0.0 0.0 2
_Sky_3254206507 2007 "Sky positions from PS1" 37.12480602662322 -5.156381404981461 1800.0 1 L r 3254206507 nan nan nan nan nan nan nan nan nan nan nan nan nan nan nan nan nan nan nan nan nan nan 1e-07 1e-07 0.0 0.0 0.0 0.0 2
_Sky_3254210481 2007 "Sky positions from PS1" 37.10013968994453 -5.11229623619637 1800.0 1 L r 3254210481 nan nan nan nan nan nan nan nan nan nan nan nan nan nan nan nan nan nan nan nan nan nan 1e-07 1e-07 0.0 0.0 0.0 0.0 2
_Sky_3254228345 2007 "Sky positions from PS1" 37.13876175027608 -5.090659042056478 1800.0 1 L r 3254228345 nan nan nan nan nan nan nan nan nan nan nan nan nan nan nan nan nan nan nan nan nan nan 1e-07 1e-07 0.0 0.0 0.0 0.0 2
_Sky_3254245750 2007 "Sky positions from PS1" 37.062857366105945 -5.049496319874646 1800.0 1 L r 3254245750 nan nan nan nan nan nan nan nan nan nan nan nan nan nan nan nan nan nan nan nan nan nan 1e-07 1e-07 0.0 0.0 0.0 0.0 2
_Sky_3254203214 2007 "Sky positions from PS1" 37.02483963138928 -5.028329432307822 1800.0 1 L r 3254203214 nan nan nan nan nan nan nan nan nan nan nan nan nan nan nan nan nan nan nan nan nan nan 1e-07 1e-07 0.0 0.0 0.0 0.0 2
_Sky_3254210381 2007 "Sky positions from PS1" 37.12446659204888 -5.069403567276142 1800.0 1 L r 3254210381 nan nan nan nan nan nan nan nan nan nan nan nan nan nan nan nan nan nan nan nan nan nan 1e-07 1e-07 0.0 0.0 0.0 0.0 2
_Sky_3254217302 2007 "Sky positions from PS1" 37.10009429282144 -5.025472853317574 1800.0 1 L r 3254217302 nan nan nan nan nan nan nan nan nan nan nan nan nan nan nan nan nan nan nan nan nan nan 1e-07 1e-07 0.0 0.0 0.0 0.0 2
_Sky_3254245513 2007 "Sky positions from PS1" 37.19995362806744 -5.329827857960158 1800.0 1 L r 3254245513 nan nan nan nan nan nan nan nan nan nan nan nan nan nan nan nan nan nan nan nan nan nan 1e-07 1e-07 0.0 0.0 0.0 0.0 2
_Sky_3254228447 2007 "Sky positions from PS1" 37.22515099387215 -5.329684016290515 1800.0 1 L r 3254228447 nan nan nan nan nan nan nan nan nan nan nan nan nan nan nan nan nan nan nan nan nan nan 1e-07 1e-07 0.0 0.0 0.0 0.0 2
_Sky_3254233985 2007 "Sky positions from PS1" 37.21211685822807 -5.308554145855351 1800.0 1 L r 3254233985 nan nan nan nan nan nan nan nan nan nan nan nan nan nan nan nan nan nan nan nan nan nan 1e-07 1e-07 0.0 0.0 0.0 0.0 2
_Sky_3254221590 2007 "Sky positions from PS1" 37.20166644940052 -5.286285510990095 1800.0 1 L r 3254221590 nan nan nan nan nan nan nan nan nan nan nan nan nan nan nan nan nan nan nan nan nan nan 1e-07 1e-07 0.0 0.0 0.0 0.0 2
_Sky_3254246392 2007 "Sky positions from PS1" 37.26279226521431 -5.308898952197759 1800.0 1 L r 3254246392 nan nan nan nan nan nan nan nan nan nan nan nan nan nan nan nan nan nan nan nan nan nan 1e-07 1e-07 0.0 0.0 0.0 0.0 2
_Sky_3254208409 2007 "Sky positions from PS1" 37.16273849487556 -5.220707400396684 1800.0 1 L r 3254208409 nan nan nan nan nan nan nan nan nan nan nan nan nan nan nan nan nan nan nan nan nan nan 1e-07 1e-07 0.0 0.0 0.0 0.0 2
_Sky_3254241405 2007 "Sky positions from PS1" 37.20088924424834 -5.243479138739953 1800.0 1 L r 3254241405 nan nan nan nan nan nan nan nan nan nan nan nan nan nan nan nan nan nan nan nan nan nan 1e-07 1e-07 0.0 0.0 0.0 0.0 2
_Sky_3254193249 2007 "Sky positions from PS1" 37.176990434881866 -5.157904416251315 1800.0 1 L r 3254193249 nan nan nan nan nan nan nan nan nan nan nan nan nan nan nan nan nan nan nan nan nan nan 1e-07 1e-07 0.0 0.0 0.0 0.0 2
_Sky_3254230437 2007 "Sky positions from PS1" 37.2387201326396 -5.221103970881648 1800.0 1 L r 3254230437 nan nan nan nan nan nan nan nan nan nan nan nan nan nan nan nan nan nan nan nan nan nan 1e-07 1e-07 0.0 0.0 0.0 0.0 2
_Sky_3254235924 2007 "Sky positions from PS1" 37.32488678212238 -5.286881124422414 1800.0 1 L r 3254235924 nan nan nan nan nan nan nan nan nan nan nan nan nan nan nan nan nan nan nan nan nan nan 1e-07 1e-07 0.0 0.0 0.0 0.0 2
_Sky_3254228032 2007 "Sky positions from PS1" 37.3375203340707 -5.308507304639681 1800.0 1 L r 3254228032 nan nan nan nan nan nan nan nan nan nan nan nan nan nan nan nan nan nan nan nan nan nan 1e-07 1e-07 0.0 0.0 0.0 0.0 2
_Sky_3254214126 2007 "Sky positions from PS1" 37.3383487653952 -5.261786397104565 1800.0 1 L r 3254214126 nan nan nan nan nan nan nan nan nan nan nan nan nan nan nan nan nan nan nan nan nan nan 1e-07 1e-07 0.0 0.0 0.0 0.0 2
_Sky_3254220027 2007 "Sky positions from PS1" 37.35125713939742 -5.243031903891666 1800.0 1 L r 3254220027 nan nan nan nan nan nan nan nan nan nan nan nan nan nan nan nan nan nan nan nan nan nan 1e-07 1e-07 0.0 0.0 0.0 0.0 2
_Sky_3254209492 2007 "Sky positions from PS1" 37.38752891912787 -5.307810475027988 1800.0 1 L r 3254209492 nan nan nan nan nan nan nan nan nan nan nan nan nan nan nan nan nan nan nan nan nan nan 1e-07 1e-07 0.0 0.0 0.0 0.0 2
_Sky_3254204091 2007 "Sky positions from PS1" 37.38806842756814 -5.2638723484816055 1800.0 1 L r 3254204091 nan nan nan nan nan nan nan nan nan nan nan nan nan nan nan nan nan nan nan nan nan nan 1e-07 1e-07 0.0 0.0 0.0 0.0 2
_Sky_3254244317 2007 "Sky positions from PS1" 37.374687611547294 -5.242054445986441 1800.0 1 L r 3254244317 nan nan nan nan nan nan nan nan nan nan nan nan nan nan nan nan nan nan nan nan nan nan 1e-07 1e-07 0.0 0.0 0.0 0.0 2
_Sky_3254225924 2007 "Sky positions from PS1" 37.4384656794186 -5.262637080233261 1800.0 1 L r 3254225924 nan nan nan nan nan nan nan nan nan nan nan nan nan nan nan nan nan nan nan nan nan nan 1e-07 1e-07 0.0 0.0 0.0 0.0 2
_Sky_3254204786 2007 "Sky positions from PS1" 37.33812596362007 -5.178784955071692 1800.0 1 L r 3254204786 nan nan nan nan nan nan nan nan nan nan nan nan nan nan nan nan nan nan nan nan nan nan 1e-07 1e-07 0.0 0.0 0.0 0.0 2
_Sky_3254212240 2007 "Sky positions from PS1" 37.387823988490496 -5.177587030062126 1800.0 1 L r 3254212240 nan nan nan nan nan nan nan nan nan nan nan nan nan nan nan nan nan nan nan nan nan nan 1e-07 1e-07 0.0 0.0 0.0 0.0 2
_Sky_3254245167 2007 "Sky positions from PS1" 37.37442250000004 -5.155991841498592 1800.0 1 L r 3254245167 nan nan nan nan nan nan nan nan nan nan nan nan nan nan nan nan nan nan nan nan nan nan 1e-07 1e-07 0.0 0.0 0.0 0.0 2
_Sky_3254205950 2007 "Sky positions from PS1" 37.212112262332255 -5.135198854994954 1800.0 1 L r 3254205950 nan nan nan nan nan nan nan nan nan nan nan nan nan nan nan nan nan nan nan nan nan nan 1e-07 1e-07 0.0 0.0 0.0 0.0 2
_Sky_3254251540 2007 "Sky positions from PS1" 37.20125732769103 -5.113738203624956 1800.0 1 L r 3254251540 nan nan nan nan nan nan nan nan nan nan nan nan nan nan nan nan nan nan nan nan nan nan 1e-07 1e-07 0.0 0.0 0.0 0.0 2
_Sky_3254215734 2007 "Sky positions from PS1" 37.22615185046236 -5.069691469876699 1800.0 1 L r 3254215734 nan nan nan nan nan nan nan nan nan nan nan nan nan nan nan nan nan nan nan nan nan nan 1e-07 1e-07 0.0 0.0 0.0 0.0 2
