output/Jan25/final/field_b_L3_visit1_final_targets.ecsv
# %ECSV 1.0
# ---
# datatype:
# - {name: ob_code, datatype: string}
# - {name: catId, datatype: int32}
# - {name: description, datatype: string}
# - {name: ra, datatype: float64}
# - {name: dec, datatype: float64}
# - {name: exptime, datatype: float64}
# - {name: priority, datatype: int32}
# - {name: resolution, datatype: string}
# - {name: reference_arm, datatype: string}
# - {name: obj_id, datatype: int64}
# - {name: g_hsc, datatype: float64}
# - {name: g_hsc_err, datatype: float64}
# - {name: r2_hsc, datatype: float64}
# - {name: r2_hsc_err, datatype: float64}
# - {name: i2_hsc, datatype: float64}
# - {name: i2_hsc_err, datatype: float64}
# - {name: z_hsc, datatype: float64}
# - {name: z_hsc_err, datatype: float64}
# - {name: y_hsc, datatype: float64}
# - {name: y_hsc_err, datatype: float64}
# - {name: epoch, datatype: float64}
# - {name: input_catalog_id, datatype: float64}
# - {name: psf_flux_g, datatype: float64}
# - {name: psf_flux_error_g, datatype: float64}
# - {name: psf_flux_r, datatype: float64}
# - {name: psf_flux_error_r, datatype: float64}
# - {name: psf_flux_i, datatype: float64}
# - {name: psf_flux_error_i, datatype: float64}
# - {name: psf_flux_z, datatype: float64}
# - {name: psf_flux_error_z, datatype: float64}
# - {name: psf_flux_y, datatype: float64}
# - {name: psf_flux_error_y, datatype: float64}
# - {name: parallax, datatype: float64}
# - {name: parallax_error, datatype: float64}
# - {name: pmra, datatype: float64}
# - {name: pmra_error, datatype: float64}
# - {name: pmdec, datatype: float64}
# - {name: pmdec_error, datatype: float64}
# - {name: target_type, datatype: int32}
# schema: astropy-2.0
ob_code catId description ra dec exptime priority resolution reference_arm obj_id g_hsc g_hsc_err r2_hsc r2_hsc_err i2_hsc i2_hsc_err z_hsc z_hsc_err y_hsc y_hsc_err epoch input_catalog_id psf_flux_g psf_flux_error_g psf_flux_r psf_flux_error_r psf_flux_i psf_flux_error_i psf_flux_z psf_flux_error_z psf_flux_y psf_flux_error_y parallax parallax_error pmra pmra_error pmdec pmdec_error target_type
[from data line 573]
_Cos_41760160292564313 11 "HSC-SSP Public Data Release 4 (Wide)" 38.32224643224588 1.00012643573909 1800.0 1 L r 41760160292564313 556.4827 29.135258 715.3908 59.04502 978.5693 30.39381 1336.0541 52.591904 1718.9575 183.1536 nan nan nan nan nan nan nan nan nan nan nan nan 1e-07 1e-07 0.0 0.0 0.0 0.0 1
_Cos_41760160292564400 11 "HSC-SSP Public Data Release 4 (Wide)" 38.41893358074925 1.001697801827465 1800.0 1 L r 41760160292564400 1808.353 39.811226 2686.6824 55.823505 3040.142 53.028915 4993.477 130.00282 1452.8619 155.5361 nan nan nan nan nan nan nan nan nan nan nan nan 1e-07 1e-07 0.0 0.0 0.0 0.0 1
_Cos_41760160292564733 11 "HSC-SSP Public Data Release 4 (Wide)" 38.41400019619087 1.008015587061836 1800.0 1 L r 41760160292564733 833.71674 26.340748 1081.6083 41.90522 1607.7383 39.942684 2060.6487 62.610588 3272.9966 167.49767 nan nan nan nan nan nan nan nan nan nan nan nan 1e-07 1e-07 0.0 0.0 0.0 0.0 1
_Cos_41760160292565124 11 "HSC-SSP Public Data Release 4 (Wide)" 38.35252617083636 1.0172964976646124 1800.0 1 L r 41760160292565124 1014.7146 22.650434 1054.3087 37.820564 1172.8348 35.47938 1280.6804 56.08289 1447.7872 149.2066 nan nan nan nan nan nan nan nan nan nan nan nan 1e-07 1e-07 0.0 0.0 0.0 0.0 1
_Cos_41760160292565456 11 "HSC-SSP Public Data Release 4 (Wide)" 38.339495878663364 1.0226634623533 1800.0 1 L r 41760160292565456 815.3261 36.106594 996.4137 63.693428 1170.5072 48.24596 1546.0687 87.07662 1168.1045 205.81726 nan nan nan nan nan nan nan nan nan nan nan nan 1e-07 1e-07 0.0 0.0 0.0 0.0 1
_Cos_41760164587504080 11 "HSC-SSP Public Data Release 4 (Wide)" 38.32359349567442 1.0291895596512755 1800.0 1 L r 41760164587504080 695.9549 21.45608 886.0528 50.070984 1197.5851 30.653357 1618.8564 59.1522 2035.9736 178.61644 nan nan nan nan nan nan nan nan nan nan nan nan 1e-07 1e-07 0.0 0.0 0.0 0.0 1
_Cos_41760164587504981 11 "HSC-SSP Public Data Release 4 (Wide)" 38.36520901711293 1.046695483070239 1800.0 1 L r 41760164587504981 712.83154 35.685837 946.42816 71.22832 1500.6418 56.757324 2934.2236 91.185844 3838.4553 256.08432 nan nan nan nan nan nan nan nan nan nan nan nan 1e-07 1e-07 0.0 0.0 0.0 0.0 1
_Cos_41760164587505520 11 "HSC-SSP Public Data Release 4 (Wide)" 38.360718350512734 1.0573772487694069 1800.0 1 L r 41760164587505520 1373.1013 27.124859 1762.4902 92.086205 1767.6978 43.524418 2032.5347 73.24396 3038.0222 213.06107 nan nan nan nan nan nan nan nan nan nan nan nan 1e-07 1e-07 0.0 0.0 0.0 0.0 1
_Cos_41760164587505614 11 "HSC-SSP Public Data Release 4 (Wide)" 38.3429274999943 1.0591052015580806 1800.0 1 L r 41760164587505614 490.997 21.960632 663.44574 61.60128 1183.0507 31.58973 1539.6188 56.54936 1487.2825 149.6732 nan nan nan nan nan nan nan nan nan nan nan nan 1e-07 1e-07 0.0 0.0 0.0 0.0 1
_Cos_41760164587505876 11 "HSC-SSP Public Data Release 4 (Wide)" 38.41206005439228 1.0643012478891345 1800.0 1 L r 41760164587505876 710.25134 30.49134 930.8592 87.48235 1216.1552 52.897926 1293.7266 85.62182 1654.5089 193.65526 nan nan nan nan nan nan nan nan nan nan nan nan 1e-07 1e-07 0.0 0.0 0.0 0.0 1
_Cos_41760164587507138 11 "HSC-SSP Public Data Release 4 (Wide)" 38.39504500015994 1.0910306839278006 1800.0 1 L r 41760164587507138 452.987 22.249495 593.91345 32.204433 964.25653 28.756695 1828.6737 57.566822 1847.0466 115.65929 nan nan nan nan nan nan nan nan nan nan nan nan 1e-07 1e-07 0.0 0.0 0.0 0.0 1
_Cos_41760164587508455 11 "HSC-SSP Public Data Release 4 (Wide)" 38.348297791179675 1.118982299642768 1800.0 1 L r 41760164587508455 523.2959 20.605585 753.40045 29.726597 1045.7905 36.34245 1409.8597 53.39785 917.6935 135.32315 nan nan nan nan nan nan nan nan nan nan nan nan 1e-07 1e-07 0.0 0.0 0.0 0.0 1
_Cos_41760164587508822 11 "HSC-SSP Public Data Release 4 (Wide)" 38.30455263991926 1.127241228268711 1800.0 1 L r 41760164587508822 608.2605 26.331968 764.13074 39.238396 939.9612 38.54906 1334.5676 82.35816 1756.835 142.10158 nan nan nan nan nan nan nan nan nan nan nan nan 1e-07 1e-07 0.0 0.0 0.0 0.0 1
_Cos_41760164587508864 11 "HSC-SSP Public Data Release 4 (Wide)" 38.3720754469262 1.1282025270715539 1800.0 1 L r 41760164587508864 758.01746 27.184608 999.5338 50.26409 1184.0603 37.34149 1903.4854 70.07496 2196.2588 197.79373 nan nan nan nan nan nan nan nan nan nan nan nan 1e-07 1e-07 0.0 0.0 0.0 0.0 1
_Cos_41760164587509977 11 "HSC-SSP Public Data Release 4 (Wide)" 38.39962302515984 1.1519886940759356 1800.0 1 L r 41760164587509977 1168.9159 21.50235 1517.3893 32.52687 2133.093 30.351612 3133.342 55.420902 2331.826 142.40698 nan nan nan nan nan nan nan nan nan nan nan nan 1e-07 1e-07 0.0 0.0 0.0 0.0 1
_Cos_41760164587510155 11 "HSC-SSP Public Data Release 4 (Wide)" 38.35564864199 1.155557242602247 1800.0 1 L r 41760164587510155 647.3917 24.12654 813.89185 33.78642 1139.5612 40.062714 1557.878 54.32126 2147.5046 144.67853 nan nan nan nan nan nan nan nan nan nan nan nan 1e-07 1e-07 0.0 0.0 0.0 0.0 1
_Cos_41760164587510712 11 "HSC-SSP Public Data Release 4 (Wide)" 38.247978398823626 1.1671343053306078 1800.0 1 L r 41760164587510712 391.7181 33.08821 445.48267 42.0371 976.2305 55.418125 1435.9203 74.9989 1412.5989 193.76073 nan nan nan nan nan nan nan nan nan nan nan nan 1e-07 1e-07 0.0 0.0 0.0 0.0 1
_Cos_41760164587510976 11 "HSC-SSP Public Data Release 4 (Wide)" 38.399300568489664 1.172875642461216 1800.0 1 L r 41760164587510976 451.37115 21.658743 719.7431 30.037868 991.98145 27.873417 1771.5364 51.032246 1916.3561 147.25754 nan nan nan nan nan nan nan nan nan nan nan nan 1e-07 1e-07 0.0 0.0 0.0 0.0 1
_Cos_41760164587524304 11 "HSC-SSP Public Data Release 4 (Wide)" 38.39298072828357 1.04381296030342 1800.0 1 L r 41760164587524304 1067.9607 25.502542 1377.4879 46.037807 2336.578 35.73016 3247.3633 70.3857 2889.2043 172.08116 nan nan nan nan nan nan nan nan nan nan nan nan 1e-07 1e-07 0.0 0.0 0.0 0.0 1
_Cos_41760164587524651 11 "HSC-SSP Public Data Release 4 (Wide)" 38.34304118502517 1.0523162719477304 1800.0 1 L r 41760164587524651 342.12314 26.467512 475.66895 80.3024 1017.54285 43.32042 1287.1244 72.27861 1569.202 193.12996 nan nan nan nan nan nan nan nan nan nan nan nan 1e-07 1e-07 0.0 0.0 0.0 0.0 1
_Cos_41760164587525730 11 "HSC-SSP Public Data Release 4 (Wide)" 38.358410565872354 1.0811412742331483 1800.0 1 L r 41760164587525730 380.67136 24.30174 348.26016 33.33097 975.63306 29.75492 1538.3494 79.447365 1294.4203 129.35715 nan nan nan nan nan nan nan nan nan nan nan nan 1e-07 1e-07 0.0 0.0 0.0 0.0 1
_Cos_41760164587525909 11 "HSC-SSP Public Data Release 4 (Wide)" 38.419075679809325 1.0855152731496869 1800.0 1 L r 41760164587525909 683.82306 22.408564 756.74536 44.76235 986.52094 38.18176 1194.5826 67.59611 1715.9265 144.90508 nan nan nan nan nan nan nan nan nan nan nan nan 1e-07 1e-07 0.0 0.0 0.0 0.0 1
_Cos_41760164587526611 11 "HSC-SSP Public Data Release 4 (Wide)" 38.33428481217416 1.1041654451432272 1800.0 1 L r 41760164587526611 1014.51624 45.44212 1126.534 78.43692 2918.8752 57.306557 5397.866 106.45845 6836.376 221.1938 nan nan nan nan nan nan nan nan nan nan nan nan 1e-07 1e-07 0.0 0.0 0.0 0.0 1
_Cos_41760164587526775 11 "HSC-SSP Public Data Release 4 (Wide)" 38.373158618126844 1.107977408594636 1800.0 1 L r 41760164587526775 877.99097 23.1792 1104.3561 65.790726 995.83673 25.733557 1314.8687 52.869705 1554.4359 145.86775 nan nan nan nan nan nan nan nan nan nan nan nan 1e-07 1e-07 0.0 0.0 0.0 0.0 1
_Cos_41760164587526913 11 "HSC-SSP Public Data Release 4 (Wide)" 38.40821652090185 1.1128483568979506 1800.0 1 L r 41760164587526913 1172.8995 37.034042 1390.9468 56.17536 2061.842 60.634743 2571.6602 93.71879 3665.6248 286.64972 nan nan nan nan nan nan nan nan nan nan nan nan 1e-07 1e-07 0.0 0.0 0.0 0.0 1
_Cos_41760164587527264 11 "HSC-SSP Public Data Release 4 (Wide)" 38.364251282563856 1.1197380385447828 1800.0 1 L r 41760164587527264 664.6896 22.073498 918.4261 37.947792 1450.4653 30.74364 1833.8164 58.48508 2290.2532 140.17584 nan nan nan nan nan nan nan nan nan nan nan nan 1e-07 1e-07 0.0 0.0 0.0 0.0 1
_Cos_41760164587527615 11 "HSC-SSP Public Data Release 4 (Wide)" 38.425016830406065 1.1282524226413433 1800.0 1 L r 41760164587527615 998.666 33.13064 1264.9452 44.33466 1771.8073 48.419064 2602.4404 91.85257 3562.8022 175.2476 nan nan nan nan nan nan nan nan nan nan nan nan 1e-07 1e-07 0.0 0.0 0.0 0.0 1
_Cos_41760164587528430 11 "HSC-SSP Public Data Release 4 (Wide)" 38.34572988141215 1.1478785857327203 1800.0 1 L r 41760164587528430 775.5443 45.62233 1005.32336 49.99816 1108.2279 57.75511 1083.4952 84.14008 499.64493 167.2215 nan nan nan nan nan nan nan nan nan nan nan nan 1e-07 1e-07 0.0 0.0 0.0 0.0 1
_Cos_41760164587528581 11 "HSC-SSP Public Data Release 4 (Wide)" 38.31668204423809 1.1504873492264764 1800.0 1 L r 41760164587528581 1362.7947 22.669035 1663.5072 34.613667 2776.384 36.331013 4267.6157 64.12452 4058.8113 144.24246 nan nan nan nan nan nan nan nan nan nan nan nan 1e-07 1e-07 0.0 0.0 0.0 0.0 1
_Cos_41760164587529077 11 "HSC-SSP Public Data Release 4 (Wide)" 38.30619054476861 1.1646072091611122 1800.0 1 L r 41760164587529077 548.4948 31.429031 405.8012 40.459328 1368.052 60.021797 1083.7212 76.880646 1015.2788 141.67218 nan nan nan nan nan nan nan nan nan nan nan nan 1e-07 1e-07 0.0 0.0 0.0 0.0 1
_Cos_41760164587529548 11 "HSC-SSP Public Data Release 4 (Wide)" 38.34675601829079 1.1765318911454985 1800.0 1 L r 41760164587529548 915.32117 21.543072 1138.3712 31.01143 2010.2806 34.08542 2192.9104 62.73458 2752.2961 133.85802 nan nan nan nan nan nan nan nan nan nan nan nan 1e-07 1e-07 0.0 0.0 0.0 0.0 1
_Cos_41760164587529691 11 "HSC-SSP Public Data Release 4 (Wide)" 38.320050580605574 1.1799095911727164 1800.0 1 L r 41760164587529691 707.5261 32.6818 1141.7345 41.992653 2619.847 50.96822 4955.336 90.064926 6372.096 213.58278 nan nan nan nan nan nan nan nan nan nan nan nan 1e-07 1e-07 0.0 0.0 0.0 0.0 1
_Cos_41760164587529870 11 "HSC-SSP Public Data Release 4 (Wide)" 38.29322084160051 1.184209480180097 1800.0 1 L r 41760164587529870 1381.2032 23.105942 1643.7458 33.126404 2366.735 30.1573 3016.5862 56.372963 3860.7498 143.48145 nan nan nan nan nan nan nan nan nan nan nan nan 1e-07 1e-07 0.0 0.0 0.0 0.0 1
_Cos_41760164587530076 11 "HSC-SSP Public Data Release 4 (Wide)" 38.33416639299996 1.1886969706730162 1800.0 1 L r 41760164587530076 806.9404 30.996918 750.6076 30.804523 974.1143 27.738966 1119.6761 48.733406 1773.7303 125.70948 nan nan nan nan nan nan nan nan nan nan nan nan 1e-07 1e-07 0.0 0.0 0.0 0.0 1
_Cos_41760164587530354 11 "HSC-SSP Public Data Release 4 (Wide)" 38.384051161892 1.1979611287659964 1800.0 1 L r 41760164587530354 1469.5852 24.981989 1791.8164 29.683992 1886.2346 24.201254 2113.032 51.556572 1951.5499 116.83004 nan nan nan nan nan nan nan nan nan nan nan nan 1e-07 1e-07 0.0 0.0 0.0 0.0 1
_Cos_41760164587530503 11 "HSC-SSP Public Data Release 4 (Wide)" 38.32279281511554 1.2023101594121692 1800.0 1 L r 41760164587530503 469.1605 18.20151 710.22437 24.455946 1155.3446 24.441517 2092.2583 48.419827 2631.7253 126.01451 nan nan nan nan nan nan nan nan nan nan nan nan 1e-07 1e-07 0.0 0.0 0.0 0.0 1
_Cos_41760168882472189 11 "HSC-SSP Public Data Release 4 (Wide)" 38.34297678966417 1.233361916637882 1800.0 1 L r 41760168882472189 690.2157 28.600569 794.0849 41.60719 930.3822 31.919441 1480.4944 65.08499 1509.9601 120.45212 nan nan nan nan nan nan nan nan nan nan nan nan 1e-07 1e-07 0.0 0.0 0.0 0.0 1
_Cos_41760168882472574 11 "HSC-SSP Public Data Release 4 (Wide)" 38.249478550094004 1.2419391704697316 1800.0 1 L r 41760168882472574 372.57178 26.66102 551.88446 36.97728 1002.407 29.960278 1337.4944 54.134254 1376.1239 149.18176 nan nan nan nan nan nan nan nan nan nan nan nan 1e-07 1e-07 0.0 0.0 0.0 0.0 1
_Cos_41760168882472881 11 "HSC-SSP Public Data Release 4 (Wide)" 38.34853991550372 1.2493635884992658 1800.0 1 L r 41760168882472881 1802.7179 23.861605 2113.0715 42.04505 2221.9368 42.415382 2173.0366 64.472466 2467.9553 167.91225 nan nan nan nan nan nan nan nan nan nan nan nan 1e-07 1e-07 0.0 0.0 0.0 0.0 1
_Cos_41760168882473017 11 "HSC-SSP Public Data Release 4 (Wide)" 38.26006567071956 1.252044466551353 1800.0 1 L r 41760168882473017 874.68256 26.57833 872.04486 44.104237 1454.6776 40.343475 1636.5133 58.06374 1932.0997 146.76935 nan nan nan nan nan nan nan nan nan nan nan nan 1e-07 1e-07 0.0 0.0 0.0 0.0 1
_Cos_41760168882473678 11 "HSC-SSP Public Data Release 4 (Wide)" 38.399388895270704 1.269150493407687 1800.0 1 L r 41760168882473678 1630.6969 30.016024 1641.6732 64.30819 1921.8915 40.82751 4417.3013 120.359184 3138.7344 190.88986 nan nan nan nan nan nan nan nan nan nan nan nan 1e-07 1e-07 0.0 0.0 0.0 0.0 1
_Cos_41760168882474145 11 "HSC-SSP Public Data Release 4 (Wide)" 38.281776115918134 1.279782663535024 1800.0 1 L r 41760168882474145 902.3842 19.481735 1101.5908 36.292477 1141.3616 28.416733 1745.2067 58.898094 1897.5535 143.2753 nan nan nan nan nan nan nan nan nan nan nan nan 1e-07 1e-07 0.0 0.0 0.0 0.0 1
_Cos_41760168882474667 11 "HSC-SSP Public Data Release 4 (Wide)" 38.23877811167134 1.2920521194594896 1800.0 1 L r 41760168882474667 778.51605 30.499897 1144.2925 42.80757 1737.6589 37.127407 3034.1785 62.033936 3663.0637 166.40079 nan nan nan nan nan nan nan nan nan nan nan nan 1e-07 1e-07 0.0 0.0 0.0 0.0 1
_Cos_41760168882476021 11 "HSC-SSP Public Data Release 4 (Wide)" 38.38731182275007 1.3224256429236407 1800.0 1 L r 41760168882476021 1175.7823 22.86677 1641.771 37.33423 2714.2544 32.873833 3305.7417 59.60753 4167.1973 163.92992 nan nan nan nan nan nan nan nan nan nan nan nan 1e-07 1e-07 0.0 0.0 0.0 0.0 1
_Cos_41760168882476336 11 "HSC-SSP Public Data Release 4 (Wide)" 38.24220956627065 1.3295118437970141 1800.0 1 L r 41760168882476336 1250.3756 30.04481 1758.9146 45.04312 2746.7158 40.324635 3728.4507 69.48931 3158.0771 160.49738 nan nan nan nan nan nan nan nan nan nan nan nan 1e-07 1e-07 0.0 0.0 0.0 0.0 1
_Cos_41760168882476607 11 "HSC-SSP Public Data Release 4 (Wide)" 38.30993902064455 1.335104497834946 1800.0 1 L r 41760168882476607 536.03015 20.50277 789.3424 25.690054 1425.0271 26.806608 1904.1208 47.279705 1651.1344 133.07338 nan nan nan nan nan nan nan nan nan nan nan nan 1e-07 1e-07 0.0 0.0 0.0 0.0 1
_Cos_41760168882477113 11 "HSC-SSP Public Data Release 4 (Wide)" 38.351400528492576 1.3462640316545398 1800.0 1 L r 41760168882477113 483.17627 25.695894 694.2945 28.789705 1420.7634 33.16649 2560.6372 59.46607 2769.1736 138.04164 nan nan nan nan nan nan nan nan nan nan nan nan 1e-07 1e-07 0.0 0.0 0.0 0.0 1
_Cos_41760168882477531 11 "HSC-SSP Public Data Release 4 (Wide)" 38.38575393717439 1.3563766356146145 1800.0 1 L r 41760168882477531 723.6536 22.774014 886.35236 33.188503 1182.7789 38.481533 1745.5453 60.887497 2018.3817 172.15787 nan nan nan nan nan nan nan nan nan nan nan nan 1e-07 1e-07 0.0 0.0 0.0 0.0 1
_Cos_41760168882477748 11 "HSC-SSP Public Data Release 4 (Wide)" 38.34296749807922 1.360617276394167 1800.0 1 L r 41760168882477748 1127.6024 20.931276 1454.2875 30.003874 2103.8633 34.353714 2998.0293 56.729126 3392.2207 151.77773 nan nan nan nan nan nan nan nan nan nan nan nan 1e-07 1e-07 0.0 0.0 0.0 0.0 1
_Cos_41760168882477845 11 "HSC-SSP Public Data Release 4 (Wide)" 38.32020848359033 1.362855549491954 1800.0 1 L r 41760168882477845 728.771 22.851845 964.2281 33.27363 1017.3066 35.634106 824.9785 51.33907 1164.2994 141.81691 nan nan nan nan nan nan nan nan nan nan nan nan 1e-07 1e-07 0.0 0.0 0.0 0.0 1
_Cos_41760168882489572 11 "HSC-SSP Public Data Release 4 (Wide)" 38.40300339016874 1.2118504164806951 1800.0 1 L r 41760168882489572 890.0675 40.620335 992.94995 81.56599 1143.2745 29.70307 1475.9188 58.76805 2189.384 167.99504 nan nan nan nan nan nan nan nan nan nan nan nan 1e-07 1e-07 0.0 0.0 0.0 0.0 1
