output/Jan25/final/field_b_L3_visit1_final_targets.ecsv
# %ECSV 1.0
# ---
# datatype:
# - {name: ob_code, datatype: string}
# - {name: catId, datatype: int32}
# - {name: description, datatype: string}
# - {name: ra, datatype: float64}
# - {name: dec, datatype: float64}
# - {name: exptime, datatype: float64}
# - {name: priority, datatype: int32}
# - {name: resolution, datatype: string}
# - {name: reference_arm, datatype: string}
# - {name: obj_id, datatype: int64}
# - {name: g_hsc, datatype: float64}
# - {name: g_hsc_err, datatype: float64}
# - {name: r2_hsc, datatype: float64}
# - {name: r2_hsc_err, datatype: float64}
# - {name: i2_hsc, datatype: float64}
# - {name: i2_hsc_err, datatype: float64}
# - {name: z_hsc, datatype: float64}
# - {name: z_hsc_err, datatype: float64}
# - {name: y_hsc, datatype: float64}
# - {name: y_hsc_err, datatype: float64}
# - {name: epoch, datatype: float64}
# - {name: input_catalog_id, datatype: float64}
# - {name: psf_flux_g, datatype: float64}
# - {name: psf_flux_error_g, datatype: float64}
# - {name: psf_flux_r, datatype: float64}
# - {name: psf_flux_error_r, datatype: float64}
# - {name: psf_flux_i, datatype: float64}
# - {name: psf_flux_error_i, datatype: float64}
# - {name: psf_flux_z, datatype: float64}
# - {name: psf_flux_error_z, datatype: float64}
# - {name: psf_flux_y, datatype: float64}
# - {name: psf_flux_error_y, datatype: float64}
# - {name: parallax, datatype: float64}
# - {name: parallax_error, datatype: float64}
# - {name: pmra, datatype: float64}
# - {name: pmra_error, datatype: float64}
# - {name: pmdec, datatype: float64}
# - {name: pmdec_error, datatype: float64}
# - {name: target_type, datatype: int32}
# schema: astropy-2.0
ob_code catId description ra dec exptime priority resolution reference_arm obj_id g_hsc g_hsc_err r2_hsc r2_hsc_err i2_hsc i2_hsc_err z_hsc z_hsc_err y_hsc y_hsc_err epoch input_catalog_id psf_flux_g psf_flux_error_g psf_flux_r psf_flux_error_r psf_flux_i psf_flux_error_i psf_flux_z psf_flux_error_z psf_flux_y psf_flux_error_y parallax parallax_error pmra pmra_error pmdec pmdec_error target_type
[from data line 625]
_Cos_41760168882490044 11 "HSC-SSP Public Data Release 4 (Wide)" 38.27447715513323 1.222875659681016 1800.0 1 L r 41760168882490044 997.577 25.987965 1292.5951 47.05417 1061.1548 41.595455 937.07886 57.36928 1496.5789 162.05464 nan nan nan nan nan nan nan nan nan nan nan nan 1e-07 1e-07 0.0 0.0 0.0 0.0 1
_Cos_41760168882490093 11 "HSC-SSP Public Data Release 4 (Wide)" 38.41021108771483 1.224289423980213 1800.0 1 L r 41760168882490093 701.28986 21.73996 848.9902 58.293488 972.3986 30.307117 1432.2035 54.187588 1464.4492 134.31075 nan nan nan nan nan nan nan nan nan nan nan nan 1e-07 1e-07 0.0 0.0 0.0 0.0 1
_Cos_41760168882490431 11 "HSC-SSP Public Data Release 4 (Wide)" 38.391362670304865 1.2325755987432616 1800.0 1 L r 41760168882490431 233.74469 18.089987 260.03726 42.435272 912.1525 28.655878 1331.4459 54.175533 1841.7311 152.47621 nan nan nan nan nan nan nan nan nan nan nan nan 1e-07 1e-07 0.0 0.0 0.0 0.0 1
_Cos_41760168882490557 11 "HSC-SSP Public Data Release 4 (Wide)" 38.27031649172081 1.2352014191795235 1800.0 1 L r 41760168882490557 449.2989 26.297932 507.64996 40.64025 1042.9779 45.284145 1336.5376 67.04802 3121.3718 175.98737 nan nan nan nan nan nan nan nan nan nan nan nan 1e-07 1e-07 0.0 0.0 0.0 0.0 1
_Cos_41760168882490741 11 "HSC-SSP Public Data Release 4 (Wide)" 38.35587727651995 1.2408200198976531 1800.0 1 L r 41760168882490741 825.2999 21.47572 1158.3024 35.300064 2776.2 34.62974 3471.6584 58.113987 3513.1616 137.26826 nan nan nan nan nan nan nan nan nan nan nan nan 1e-07 1e-07 0.0 0.0 0.0 0.0 1
_Cos_41760168882490808 11 "HSC-SSP Public Data Release 4 (Wide)" 38.30576444997107 1.2427514562422144 1800.0 1 L r 41760168882490808 1541.6663 41.15491 1350.542 44.560436 2517.3438 46.8383 2671.2666 68.50177 2559.3923 163.93633 nan nan nan nan nan nan nan nan nan nan nan nan 1e-07 1e-07 0.0 0.0 0.0 0.0 1
_Cos_41760168882491023 11 "HSC-SSP Public Data Release 4 (Wide)" 38.278487425506064 1.2488806971693605 1800.0 1 L r 41760168882491023 793.6352 21.186663 928.5103 37.474983 1576.92 31.395359 1764.3789 51.4352 1608.7222 129.68265 nan nan nan nan nan nan nan nan nan nan nan nan 1e-07 1e-07 0.0 0.0 0.0 0.0 1
_Cos_41760168882491146 11 "HSC-SSP Public Data Release 4 (Wide)" 38.3026309874132 1.253581002587241 1800.0 1 L r 41760168882491146 728.9171 25.33805 1019.59265 43.69156 1522.1218 44.108376 2523.3374 68.151566 3027.4604 216.58473 nan nan nan nan nan nan nan nan nan nan nan nan 1e-07 1e-07 0.0 0.0 0.0 0.0 1
_Cos_41760168882491488 11 "HSC-SSP Public Data Release 4 (Wide)" 38.27567352485023 1.2628521650069682 1800.0 1 L r 41760168882491488 881.1253 25.938032 1219.8893 40.451267 1719.3071 43.778408 3328.3848 69.16958 4087.5508 174.31505 nan nan nan nan nan nan nan nan nan nan nan nan 1e-07 1e-07 0.0 0.0 0.0 0.0 1
_Cos_41760168882492117 11 "HSC-SSP Public Data Release 4 (Wide)" 38.26330176669703 1.2803425767734022 1800.0 1 L r 41760168882492117 300.8081 17.196625 431.3907 30.625177 916.819 24.174875 1240.4047 46.73323 1215.2535 107.22036 nan nan nan nan nan nan nan nan nan nan nan nan 1e-07 1e-07 0.0 0.0 0.0 0.0 1
_Cos_41760168882492226 11 "HSC-SSP Public Data Release 4 (Wide)" 38.36994197865769 1.284553192923586 1800.0 1 L r 41760168882492226 747.1169 19.752396 923.1609 41.22712 1048.569 26.860971 1163.1248 50.578167 1185.3934 124.72944 nan nan nan nan nan nan nan nan nan nan nan nan 1e-07 1e-07 0.0 0.0 0.0 0.0 1
_Cos_41760168882493630 11 "HSC-SSP Public Data Release 4 (Wide)" 38.397543092950364 1.3251479275548985 1800.0 1 L r 41760168882493630 454.55426 18.09957 463.21582 25.301247 2835.2515 65.0302 1008.667 40.973328 939.034 112.72911 nan nan nan nan nan nan nan nan nan nan nan nan 1e-07 1e-07 0.0 0.0 0.0 0.0 1
_Cos_41760168882493710 11 "HSC-SSP Public Data Release 4 (Wide)" 38.36565357837494 1.3235256644758406 1800.0 1 L r 41760168882493710 363.82776 21.268244 474.1616 31.920153 1057.582 33.91572 1539.4858 59.290215 1798.322 140.91489 nan nan nan nan nan nan nan nan nan nan nan nan 1e-07 1e-07 0.0 0.0 0.0 0.0 1
_Cos_41760168882493906 11 "HSC-SSP Public Data Release 4 (Wide)" 38.33824362326144 1.3287764089823628 1800.0 1 L r 41760168882493906 632.50037 28.943214 661.1606 35.113228 1097.5863 34.555763 1175.0659 59.84974 1569.7839 196.07437 nan nan nan nan nan nan nan nan nan nan nan nan 1e-07 1e-07 0.0 0.0 0.0 0.0 1
_Cos_41760168882494253 11 "HSC-SSP Public Data Release 4 (Wide)" 38.32141134856342 1.3386849843055357 1800.0 1 L r 41760168882494253 300.3429 25.714405 528.84045 37.38737 959.6549 38.28979 1832.5773 71.11573 2263.6504 163.66245 nan nan nan nan nan nan nan nan nan nan nan nan 1e-07 1e-07 0.0 0.0 0.0 0.0 1
_Cos_41760168882494491 11 "HSC-SSP Public Data Release 4 (Wide)" 38.280261984818786 1.343702922413256 1800.0 1 L r 41760168882494491 813.48236 25.5151 959.54944 38.293163 1078.8206 44.136013 1476.2635 64.07728 1794.0253 203.16777 nan nan nan nan nan nan nan nan nan nan nan nan 1e-07 1e-07 0.0 0.0 0.0 0.0 1
_Cos_41760168882494504 11 "HSC-SSP Public Data Release 4 (Wide)" 38.30567545495731 1.3448580649186426 1800.0 1 L r 41760168882494504 1065.5504 20.650932 1495.2018 33.203037 2513.584 35.40314 3270.593 57.897038 2167.44 143.2708 nan nan nan nan nan nan nan nan nan nan nan nan 1e-07 1e-07 0.0 0.0 0.0 0.0 1
_Cos_41760168882495001 11 "HSC-SSP Public Data Release 4 (Wide)" 38.24795970835249 1.3567403661503963 1800.0 1 L r 41760168882495001 432.7378 27.277742 536.4902 48.281334 1442.0452 35.858177 1724.6968 53.16851 2454.8018 183.10597 nan nan nan nan nan nan nan nan nan nan nan nan 1e-07 1e-07 0.0 0.0 0.0 0.0 1
_Cos_41760168882495382 11 "HSC-SSP Public Data Release 4 (Wide)" 38.36448374617883 1.3668632796465165 1800.0 1 L r 41760168882495382 1897.7095 19.851492 2285.6016 26.37421 3043.444 31.75449 3712.0767 54.91649 4699.879 180.98132 nan nan nan nan nan nan nan nan nan nan nan nan 1e-07 1e-07 0.0 0.0 0.0 0.0 1
_Cos_41760168882495842 11 "HSC-SSP Public Data Release 4 (Wide)" 38.26464832699407 1.3749429757299618 1800.0 1 L r 41760168882495842 1184.0763 44.901394 191.56406 23.23807 3448.67 84.56406 320.76306 44.747288 313.7545 128.94312 nan nan nan nan nan nan nan nan nan nan nan nan 1e-07 1e-07 0.0 0.0 0.0 0.0 1
_Cos_41760168882496260 11 "HSC-SSP Public Data Release 4 (Wide)" 38.4219676412047 1.3821849650620222 1800.0 1 L r 41760168882496260 465.14944 31.602236 588.5233 42.293537 1134.9429 47.280815 1432.8494 96.26709 1295.082 187.30385 nan nan nan nan nan nan nan nan nan nan nan nan 1e-07 1e-07 0.0 0.0 0.0 0.0 1
_Cos_41760168882496359 11 "HSC-SSP Public Data Release 4 (Wide)" 38.3010549537462 1.3842750822170946 1800.0 1 L r 41760168882496359 547.1111 24.037683 695.28705 32.22891 1455.2156 38.24757 1954.8578 61.229492 1623.8318 143.80273 nan nan nan nan nan nan nan nan nan nan nan nan 1e-07 1e-07 0.0 0.0 0.0 0.0 1
_Cos_41760173177438800 11 "HSC-SSP Public Data Release 4 (Wide)" 38.36166645262845 1.404332638323881 1800.0 1 L r 41760173177438800 588.19855 32.804585 743.0473 38.85831 1518.198 45.35684 1645.6233 72.59031 984.31506 142.84483 nan nan nan nan nan nan nan nan nan nan nan nan 1e-07 1e-07 0.0 0.0 0.0 0.0 1
_Cos_41760173177439396 11 "HSC-SSP Public Data Release 4 (Wide)" 38.41021283837584 1.41631363389874 1800.0 1 L r 41760173177439396 538.4421 21.574013 659.599 40.602364 1042.7682 29.088755 1128.2264 51.61217 1507.2181 142.97472 nan nan nan nan nan nan nan nan nan nan nan nan 1e-07 1e-07 0.0 0.0 0.0 0.0 1
_Cos_41760173177439942 11 "HSC-SSP Public Data Release 4 (Wide)" 38.29635288282569 1.4272799989762566 1800.0 1 L r 41760173177439942 757.8613 26.14495 1094.8884 42.21159 2348.745 33.115932 3141.8247 54.847443 3353.385 161.83199 nan nan nan nan nan nan nan nan nan nan nan nan 1e-07 1e-07 0.0 0.0 0.0 0.0 1
_Cos_41760173177440036 11 "HSC-SSP Public Data Release 4 (Wide)" 38.27560318322443 1.4290868063736593 1800.0 1 L r 41760173177440036 793.4296 22.467964 1032.2362 43.810623 1756.5798 30.23849 2634.6626 53.08466 7081.8813 300.0686 nan nan nan nan nan nan nan nan nan nan nan nan 1e-07 1e-07 0.0 0.0 0.0 0.0 1
_Cos_41760173177441432 11 "HSC-SSP Public Data Release 4 (Wide)" 38.28791707250555 1.455735942642441 1800.0 1 L r 41760173177441432 1422.2947 29.093727 1789.6683 51.235664 2125.8853 44.799534 3396.8533 63.43465 4028.0737 215.8055 nan nan nan nan nan nan nan nan nan nan nan nan 1e-07 1e-07 0.0 0.0 0.0 0.0 1
_Cos_41760173177442220 11 "HSC-SSP Public Data Release 4 (Wide)" 38.42029948977251 1.4714177198065428 1800.0 1 L r 41760173177442220 668.4009 27.184826 646.54736 53.101353 990.30286 36.021427 1120.29 65.312256 1766.4384 155.95038 nan nan nan nan nan nan nan nan nan nan nan nan 1e-07 1e-07 0.0 0.0 0.0 0.0 1
_Cos_41760173177458083 11 "HSC-SSP Public Data Release 4 (Wide)" 38.260608174200996 1.4068040491281306 1800.0 1 L r 41760173177458083 772.3387 30.757113 721.4558 50.43942 1542.3542 39.982983 1610.6896 59.139984 1786.9536 198.98874 nan nan nan nan nan nan nan nan nan nan nan nan 1e-07 1e-07 0.0 0.0 0.0 0.0 1
_Cos_41760173177458261 11 "HSC-SSP Public Data Release 4 (Wide)" 38.290145650919335 1.4117470816357005 1800.0 1 L r 41760173177458261 821.4152 19.116953 986.79834 31.99797 1834.1954 26.71032 2042.8054 49.608658 2936.9626 184.54947 nan nan nan nan nan nan nan nan nan nan nan nan 1e-07 1e-07 0.0 0.0 0.0 0.0 1
_Cos_41760173177458819 11 "HSC-SSP Public Data Release 4 (Wide)" 38.32974878808207 1.4260857947564025 1800.0 1 L r 41760173177458819 912.6871 29.287304 1020.06305 48.649128 1157.9283 26.255032 1320.5548 46.885574 1845.0286 149.80016 nan nan nan nan nan nan nan nan nan nan nan nan 1e-07 1e-07 0.0 0.0 0.0 0.0 1
_Cos_41760173177458845 11 "HSC-SSP Public Data Release 4 (Wide)" 38.2593171643907 1.4251084464966826 1800.0 1 L r 41760173177458845 799.39624 26.644964 687.0818 40.261795 1044.1979 31.10994 1018.39044 46.355934 1514.528 161.36423 nan nan nan nan nan nan nan nan nan nan nan nan 1e-07 1e-07 0.0 0.0 0.0 0.0 1
_Cos_41760173177458982 11 "HSC-SSP Public Data Release 4 (Wide)" 38.37943092893433 1.4304672000993461 1800.0 1 L r 41760173177458982 1232.7955 22.15739 1461.2377 40.280216 1494.9369 27.68693 1464.3218 52.741913 1928.4412 155.01881 nan nan nan nan nan nan nan nan nan nan nan nan 1e-07 1e-07 0.0 0.0 0.0 0.0 1
_Cos_41760173177459043 11 "HSC-SSP Public Data Release 4 (Wide)" 38.401387604975284 1.4299647147519248 1800.0 1 L r 41760173177459043 485.84167 17.45877 641.86926 35.650562 1174.9073 24.141478 1269.0778 43.502525 1441.6548 117.94589 nan nan nan nan nan nan nan nan nan nan nan nan 1e-07 1e-07 0.0 0.0 0.0 0.0 1
_Cos_41760173177459111 11 "HSC-SSP Public Data Release 4 (Wide)" 38.35031064390831 1.431458602709264 1800.0 1 L r 41760173177459111 516.34564 22.038374 506.77847 35.73096 1033.048 38.81211 1192.2913 66.69299 932.02466 152.34106 nan nan nan nan nan nan nan nan nan nan nan nan 1e-07 1e-07 0.0 0.0 0.0 0.0 1
_Cos_41760173177459795 11 "HSC-SSP Public Data Release 4 (Wide)" 38.31132150280317 1.448528537626856 1800.0 1 L r 41760173177459795 1674.2074 21.938002 2243.0813 38.35217 3064.4001 28.313368 3789.4902 46.66979 6511.9204 151.88454 nan nan nan nan nan nan nan nan nan nan nan nan 1e-07 1e-07 0.0 0.0 0.0 0.0 1
_Cos_41760173177459841 11 "HSC-SSP Public Data Release 4 (Wide)" 38.38875488168424 1.4492975662031924 1800.0 1 L r 41760173177459841 277.27673 26.645819 395.70093 39.546875 943.6916 38.57731 1600.6454 60.249367 1842.0442 166.13034 nan nan nan nan nan nan nan nan nan nan nan nan 1e-07 1e-07 0.0 0.0 0.0 0.0 1
_Cos_41760173177460192 11 "HSC-SSP Public Data Release 4 (Wide)" 38.40792222835762 1.4595201963481093 1800.0 1 L r 41760173177460192 884.8229 29.003668 1121.5416 56.032093 1911.8285 74.68961 1436.4364 82.548775 2014.3331 211.90622 nan nan nan nan nan nan nan nan nan nan nan nan 1e-07 1e-07 0.0 0.0 0.0 0.0 1
_Cos_41760173177460394 11 "HSC-SSP Public Data Release 4 (Wide)" 38.320706350500224 1.4633625778429618 1800.0 1 L r 41760173177460394 861.276 24.96883 927.85016 44.632572 1215.03 42.94614 1311.1259 72.80803 2394.6907 193.32877 nan nan nan nan nan nan nan nan nan nan nan nan 1e-07 1e-07 0.0 0.0 0.0 0.0 1
_Cos_41760173177460605 11 "HSC-SSP Public Data Release 4 (Wide)" 38.27814130129809 1.4689183447902776 1800.0 1 L r 41760173177460605 734.318 26.153427 951.3799 53.218292 1153.9603 39.0066 1552.387 60.67433 1995.6976 183.9286 nan nan nan nan nan nan nan nan nan nan nan nan 1e-07 1e-07 0.0 0.0 0.0 0.0 1
_Cos_41760173177461123 11 "HSC-SSP Public Data Release 4 (Wide)" 38.29708321443098 1.4788433489768413 1800.0 1 L r 41760173177461123 1352.8367 25.736591 1437.4895 49.073883 1707.4938 32.54137 2850.1584 51.341724 2888.222 142.1063 nan nan nan nan nan nan nan nan nan nan nan nan 1e-07 1e-07 0.0 0.0 0.0 0.0 1
_Cos_41760293436525109 11 "HSC-SSP Public Data Release 4 (Wide)" 38.097652947254886 0.7056131323762345 1800.0 1 L r 41760293436525109 903.31213 33.094994 1160.1505 65.72627 1407.8381 50.097683 1983.25 87.64319 2492.4636 193.95512 nan nan nan nan nan nan nan nan nan nan nan nan 1e-07 1e-07 0.0 0.0 0.0 0.0 1
_Cos_41760293436525290 11 "HSC-SSP Public Data Release 4 (Wide)" 38.22807917293671 0.709810844878145 1800.0 1 L r 41760293436525290 1017.8338 35.2086 1366.3456 75.37715 1839.4219 71.78273 1623.2982 100.1944 1891.3223 261.44272 nan nan nan nan nan nan nan nan nan nan nan nan 1e-07 1e-07 0.0 0.0 0.0 0.0 1
_Cos_41760293436526058 11 "HSC-SSP Public Data Release 4 (Wide)" 38.06505158882118 0.7273180787409117 1800.0 1 L r 41760293436526058 889.81836 22.371473 1049.285 22.415232 1140.4349 28.29909 2184.229 60.827908 2160.2993 131.65143 nan nan nan nan nan nan nan nan nan nan nan nan 1e-07 1e-07 0.0 0.0 0.0 0.0 1
_Cos_41760293436526842 11 "HSC-SSP Public Data Release 4 (Wide)" 38.16964756869537 0.7454589858227815 1800.0 1 L r 41760293436526842 1080.3359 32.281925 1104.9916 42.571354 1972.8573 46.029697 3303.902 83.41204 6453.846 288.84973 nan nan nan nan nan nan nan nan nan nan nan nan 1e-07 1e-07 0.0 0.0 0.0 0.0 1
_Cos_41760293436528298 11 "HSC-SSP Public Data Release 4 (Wide)" 38.07830114489916 0.778095314863112 1800.0 1 L r 41760293436528298 501.2461 25.40184 700.566 27.701307 1457.5812 32.090584 2128.4714 58.969707 2984.7537 155.33212 nan nan nan nan nan nan nan nan nan nan nan nan 1e-07 1e-07 0.0 0.0 0.0 0.0 1
_Cos_41760293436529078 11 "HSC-SSP Public Data Release 4 (Wide)" 38.210097049559614 0.794913540184357 1800.0 1 L r 41760293436529078 377.08322 20.967918 452.57056 30.368351 1105.6028 33.946884 1082.9065 58.124676 904.2979 98.10831 nan nan nan nan nan nan nan nan nan nan nan nan 1e-07 1e-07 0.0 0.0 0.0 0.0 1
_Cos_41760293436529149 11 "HSC-SSP Public Data Release 4 (Wide)" 38.194224390747685 0.7962466000117256 1800.0 1 L r 41760293436529149 1203.9572 28.583841 1862.4473 40.343376 3302.7754 48.034615 5170.072 100.63704 6160.249 214.02614 nan nan nan nan nan nan nan nan nan nan nan nan 1e-07 1e-07 0.0 0.0 0.0 0.0 1
_Cos_41760293436530389 11 "HSC-SSP Public Data Release 4 (Wide)" 38.06335296498131 0.822576907332497 1800.0 1 L r 41760293436530389 736.97974 22.147093 853.72437 24.376108 1301.7483 50.09185 1141.3607 58.875923 1566.8119 188.61426 nan nan nan nan nan nan nan nan nan nan nan nan 1e-07 1e-07 0.0 0.0 0.0 0.0 1
_Cos_41760293436530501 11 "HSC-SSP Public Data Release 4 (Wide)" 38.10350055532532 0.8253394309037807 1800.0 1 L r 41760293436530501 936.0233 25.154549 1358.2039 35.274662 2008.9495 53.748486 3001.9607 86.37035 2262.1677 258.43637 nan nan nan nan nan nan nan nan nan nan nan nan 1e-07 1e-07 0.0 0.0 0.0 0.0 1
_Cos_41760293436544171 11 "HSC-SSP Public Data Release 4 (Wide)" 38.12651940695981 0.6969305405471332 1800.0 1 L r 41760293436544171 1203.6052 21.248625 1436.5507 34.17675 1573.8386 26.83271 1815.5797 52.402752 3315.9854 120.70106 nan nan nan nan nan nan nan nan nan nan nan nan 1e-07 1e-07 0.0 0.0 0.0 0.0 1
