output/Jan25/final/field_e_L2_visit2_final_targets.ecsv
# %ECSV 1.0
# ---
# datatype:
# - {name: ob_code, datatype: string}
# - {name: catId, datatype: int32}
# - {name: description, datatype: string}
# - {name: ra, datatype: float64}
# - {name: dec, datatype: float64}
# - {name: exptime, datatype: float64}
# - {name: priority, datatype: int32}
# - {name: resolution, datatype: string}
# - {name: reference_arm, datatype: string}
# - {name: obj_id, datatype: int64}
# - {name: g_hsc, datatype: float64}
# - {name: g_hsc_err, datatype: float64}
# - {name: r2_hsc, datatype: float64}
# - {name: r2_hsc_err, datatype: float64}
# - {name: i2_hsc, datatype: float64}
# - {name: i2_hsc_err, datatype: float64}
# - {name: z_hsc, datatype: float64}
# - {name: z_hsc_err, datatype: float64}
# - {name: y_hsc, datatype: float64}
# - {name: y_hsc_err, datatype: float64}
# - {name: epoch, datatype: float64}
# - {name: input_catalog_id, datatype: float64}
# - {name: psf_flux_g, datatype: float64}
# - {name: psf_flux_error_g, datatype: float64}
# - {name: psf_flux_r, datatype: float64}
# - {name: psf_flux_error_r, datatype: float64}
# - {name: psf_flux_i, datatype: float64}
# - {name: psf_flux_error_i, datatype: float64}
# - {name: psf_flux_z, datatype: float64}
# - {name: psf_flux_error_z, datatype: float64}
# - {name: psf_flux_y, datatype: float64}
# - {name: psf_flux_error_y, datatype: float64}
# - {name: parallax, datatype: float64}
# - {name: parallax_error, datatype: float64}
# - {name: pmra, datatype: float64}
# - {name: pmra_error, datatype: float64}
# - {name: pmdec, datatype: float64}
# - {name: pmdec_error, datatype: float64}
# - {name: target_type, datatype: int32}
# schema: astropy-2.0
ob_code catId description ra dec exptime priority resolution reference_arm obj_id g_hsc g_hsc_err r2_hsc r2_hsc_err i2_hsc i2_hsc_err z_hsc z_hsc_err y_hsc y_hsc_err epoch input_catalog_id psf_flux_g psf_flux_error_g psf_flux_r psf_flux_error_r psf_flux_i psf_flux_error_i psf_flux_z psf_flux_error_z psf_flux_y psf_flux_error_y parallax parallax_error pmra pmra_error pmdec pmdec_error target_type
[from data line 1336]
_Star_3074264339810614144 3006 Fstar_v3.3 132.25505326004964 -0.161016537023411 1800.0 1 L r 3074264339810614144 nan nan nan nan nan nan nan nan nan nan 2016.0 3006.0 247005.14 1191.19 322839.27 913.74 356439.97 1486.84 361665.08 601.59 363066.83 3750.26 0.1347736495034581 0.103422806 -2.4211743281937044 0.10320926 -1.4707381934970467 0.07562879 3
_Star_3074268080726386816 3006 Fstar_v3.3 132.24649934307388 -0.0945167872480086 1800.0 1 L r 3074268080726386816 nan nan nan nan nan nan nan nan nan nan 2016.0 3006.0 88248.2 866.52 102344.83 1101.65 108769.3 840.71 107059.73 1868.87 106793.94 1785.05 0.0192146711870608 0.21435106 -1.1412815970973056 0.21525674 -0.113691905960343 0.16225657 3
_Star_3074644942632533632 3006 Fstar_v3.3 132.21613451731105 -0.0045336234817409 1800.0 1 L r 3074644942632533632 nan nan nan nan nan nan nan nan nan nan 2016.0 3006.0 333999.79 1551.97 473528.45 2904.23 543783.5 2288.35 555732.61 2893.99 573675.0 3596.11 0.2917778692510017 0.08393845 5.380095185973071 0.0820608 -9.770109897990242 0.059675023 3
_Star_3074268493043249920 3006 Fstar_v3.3 132.24623144681306 -0.0499954207182106 1800.0 1 L r 3074268493043249920 nan nan nan nan nan nan nan nan nan nan 2016.0 3006.0 61976.37 902.76 80224.4 809.53 89814.4 734.08 88037.15 1142.09 90229.05 2217.71 0.1356647738532647 0.26455408 -1.3210326203821583 0.25436518 -0.2434326597089313 0.18053582 3
_Star_3074263888838301184 3006 Fstar_v3.3 132.34443371262742 -0.1365882017124708 1800.0 1 L r 3074263888838301184 nan nan nan nan nan nan nan nan nan nan 2016.0 3006.0 128500.92 2917.66 165861.69 2324.31 182048.23 1023.31 187649.07 596.44 195806.15 1998.75 0.2793770967656526 0.15637617 -2.20493770357718 0.15839273 0.2902384315588363 0.11395429 3
_Star_3074639234620223104 3006 Fstar_v3.3 132.356459183355 -0.1195295582393924 1800.0 1 L r 3074639234620223104 nan nan nan nan nan nan nan nan nan nan 2016.0 3006.0 33267.99 588.67 44184.14 469.95 48242.12 330.18 48580.94 710.32 52305.34 2361.2 -0.5235924495372213 0.4870552 -0.8855059266275976 0.46912354 -1.7819393223659 0.36747214 3
_Star_3074639303339704448 3006 Fstar_v3.3 132.39999410251497 -0.1130724569748716 1800.0 1 L r 3074639303339704448 nan nan nan nan nan nan nan nan nan nan 2016.0 3006.0 68326.01 1214.25 83657.79 900.12 87584.25 561.69 86136.35 1320.6 88191.33 1839.07 -0.1241073823663471 0.23783419 0.0576764201074544 0.24725378 -2.617982611051344 0.18169461 3
_Star_3074644186718287360 3006 Fstar_v3.3 132.31579735219103 -0.0072562054533724 1800.0 1 L r 3074644186718287360 nan nan nan nan nan nan nan nan nan nan 2016.0 3006.0 417932.76 1160.18 585149.1 2202.12 665374.89 1490.41 690789.95 2216.66 714341.61 4394.33 0.2300625201972509 0.06454217 -0.9186108125985109 0.064482056 -2.444687446937281 0.05290166 3
_Star_3074622913744382848 3006 Fstar_v3.3 132.47545061133576 -0.2390238862968166 1800.0 1 L r 3074622913744382848 nan nan nan nan nan nan nan nan nan nan 2016.0 3006.0 28842.06 662.49 35739.3 588.89 36784.59 375.76 37396.08 976.29 46923.07 1302.76 -0.6980320053408643 0.4501234000000001 0.0299647139643447 0.49480549 -2.9425412524295926 0.37273112 3
_Star_3074622952400216960 3006 Fstar_v3.3 132.48809173363057 -0.2186455705588384 1800.0 1 L r 3074622952400216960 nan nan nan nan nan nan nan nan nan nan 2016.0 3006.0 36397.05 179.75 49080.19 987.18 53464.55 689.99 53267.96 391.76 53760.85 1430.8 0.4454657077579472 0.3597154 -2.2208583959747146 0.3795905 -3.778292094445732 0.2912972 3
_Star_3074623433436537088 3006 Fstar_v3.3 132.56221667867575 -0.1813746190362161 1800.0 1 L r 3074623433436537088 nan nan nan nan nan nan nan nan nan nan 2016.0 3006.0 43835.54 550.18 55246.68 435.31 58709.21 462.0 59850.32 526.6 61019.19 2140.91 0.023352741913713 0.31498224 -0.7479129532647709 0.33795768 -0.5154651042589713 0.25680715 3
_Star_3074623777033908352 3006 Fstar_v3.3 132.63370304769106 -0.2051611052190441 1800.0 1 L r 3074623777033908352 nan nan nan nan nan nan nan nan nan nan 2016.0 3006.0 19600.47 475.6 24209.53 382.03 26503.67 439.37 27752.78 2070.15 25850.33 2594.4 -0.5435204509467593 0.91492784 -2.022608660562346 1.1344383999999998 -1.9419701751057072 0.8671032 3
_Star_3074627895906569600 3006 Fstar_v3.3 132.44486893401034 -0.1098236269471725 1800.0 1 L r 3074627895906569600 nan nan nan nan nan nan nan nan nan nan 2016.0 3006.0 46390.23 582.2 59558.85 520.2 64658.54 1024.37 62694.06 848.94 70622.99 2319.22 0.1511578010541606 0.29955634 0.1806999683026088 0.3187039 -4.0356041949688 0.24717724 3
_Star_3074629751332524288 3006 Fstar_v3.3 132.49109706528864 -0.0430729055102372 1800.0 1 L r 3074629751332524288 nan nan nan nan nan nan nan nan nan nan 2016.0 3006.0 41916.58 267.74 54982.75 474.4 59050.86 233.98 61822.5 1401.65 61953.51 1836.86 0.1034474349166441 0.35483932 -2.304577063059819 0.3780119 -3.2015477333620685 0.28123286 3
_Star_3074628720540303744 3006 Fstar_v3.3 132.59370972652658 -0.0990789923129383 1800.0 1 L r 3074628720540303744 nan nan nan nan nan nan nan nan nan nan 2016.0 3006.0 442900.64 1671.68 576269.88 1220.76 641957.47 3139.02 652388.4 1627.76 650648.69 3095.23 0.2784263040004838 0.07446389 -3.371080730148633 0.08350728 -12.443942592609485 0.06527493 3
_Star_3074634737790428672 3006 Fstar_v3.3 132.6313321979873 -0.0705158688914569 1800.0 1 L r 3074634737790428672 nan nan nan nan nan nan nan nan nan nan 2016.0 3006.0 99904.76 545.84 128453.53 620.42 137526.45 1154.06 140031.65 1209.9 137539.01 2136.43 0.1473035470726583 0.18205595 -1.5252208382687589 0.19537659 -0.3327592298559861 0.15349017 3
_Star_3074178131227203200 3006 Fstar_v3.3 132.6964050414286 -0.5856565704715122 1800.0 1 L r 3074178131227203200 nan nan nan nan nan nan nan nan nan nan 2016.0 3006.0 34909.72 1095.81 50117.1 1537.67 56372.37 1185.92 46445.76 1761.52 63566.19 2056.92 0.2807797783157985 0.37008387 -1.2682045214582245 0.4158197 0.3823515108589175 0.2694741 3
_Star_3074175485527344256 3006 Fstar_v3.3 132.77454169117064 -0.6307113185738542 1800.0 1 L r 3074175485527344256 nan nan nan nan nan nan nan nan nan nan 2016.0 3006.0 42207.2 194.06 54901.77 1002.07 57877.07 563.45 56341.18 781.91 56925.38 2211.82 -0.0433905621121296 0.3454038 -2.0359123828476897 0.39890438 -0.3107745275571409 0.2743425 3
_Star_3074180158451758208 3006 Fstar_v3.3 132.7492552670807 -0.5378719373711849 1800.0 1 L r 3074180158451758208 nan nan nan nan nan nan nan nan nan nan 2016.0 3006.0 380633.14 846.99 491525.81 1134.5 531797.9 1037.4 531357.13 2751.89 547199.77 1546.24 0.1430205890022157 0.079114646 -3.1417406380965653 0.09181311 0.9012522550396104 0.06420927 3
_Star_3074176993059827072 3006 Fstar_v3.3 132.81587300507718 -0.5652576390870315 1800.0 1 L r 3074176993059827072 nan nan nan nan nan nan nan nan nan nan 2016.0 3006.0 111868.17 1544.07 151267.61 1338.33 167782.4 1288.65 175124.18 1652.79 173263.03 1827.36 0.1478536966198951 0.17186688 -0.1065039312215366 0.19780986 -3.534956684847502 0.13800116 3
_Star_3074557595881638784 3006 Fstar_v3.3 132.79102647168787 -0.4014401175429854 1800.0 1 L r 3074557595881638784 nan nan nan nan nan nan nan nan nan nan 2016.0 3006.0 51190.13 504.39 66146.37 460.58 73104.86 763.21 71171.49 1568.45 81565.47 2570.91 0.4337238533001298 0.29497615 0.960326452738258 0.36957946 -3.1239461502851404 0.25783393 3
_Star_3074555779111774464 3006 Fstar_v3.3 132.81733654446109 -0.4827585071184503 1800.0 1 L r 3074555779111774464 nan nan nan nan nan nan nan nan nan nan 2016.0 3006.0 48746.79 521.93 60454.12 604.13 65052.87 645.95 66170.77 1194.53 66525.22 2924.7 -0.6178278552271619 0.3166434 -1.7285110724269408 0.36797622 -0.0631187448030831 0.2610994 3
_Star_3074556088349418880 3006 Fstar_v3.3 132.80487294735278 -0.4535982336447441 1800.0 1 L r 3074556088349418880 nan nan nan nan nan nan nan nan nan nan 2016.0 3006.0 29880.41 461.53 38914.0 429.45 43067.19 539.62 43819.37 1724.59 43194.26 1537.79 -0.588583512132833 0.4621303 0.3592617220158001 0.5256054 -3.374191001224419 0.3732113 3
_Star_3074553129115620736 3006 Fstar_v3.3 132.88876913137568 -0.4853994420443116 1800.0 1 L r 3074553129115620736 nan nan nan nan nan nan nan nan nan nan 2016.0 3006.0 28873.95 223.47 39978.47 300.28 43654.25 574.44 46772.05 1473.68 48621.24 2525.25 -0.0071798950193687 0.45321003 -2.033879539417539 0.55265343 -3.80090859825209 0.42029408 3
_Star_3074557458442688000 3006 Fstar_v3.3 132.8184695339035 -0.3969235595392858 1800.0 1 L r 3074557458442688000 nan nan nan nan nan nan nan nan nan nan 2016.0 3006.0 117984.75 414.13 150711.39 869.79 163119.76 802.13 163029.52 2043.17 166320.66 2140.79 0.1560495406529159 0.16501187 -2.1104039393038394 0.18780501 -0.1798785680744292 0.14567843 3
_Star_3074362574302223360 3006 Fstar_v3.3 132.98178897455816 -0.609818284293599 1800.0 1 L r 3074362574302223360 nan nan nan nan nan nan nan nan nan nan 2016.0 3006.0 267587.78 1904.13 346278.97 1573.31 372139.59 842.14 372208.24 1573.53 378325.89 4892.6 0.2357845165670336 0.099880494 -3.5209244588824298 0.119308315 0.1641963535055451 0.08174854 3
_Star_3074363085403106560 3006 Fstar_v3.3 133.0135243751181 -0.5856042168268146 1800.0 1 L r 3074363085403106560 nan nan nan nan nan nan nan nan nan nan 2016.0 3006.0 62590.18 655.74 84315.24 640.98 97164.26 755.04 98135.54 1334.1 107950.95 2552.18 -0.006033670767673 0.25390258 -2.9780583628156725 0.30375606 -0.7458916737108405 0.21387988 3
_Star_3074551827741853824 3006 Fstar_v3.3 132.93498219648492 -0.5281771354318328 1800.0 1 L r 3074551827741853824 nan nan nan nan nan nan nan nan nan nan 2016.0 3006.0 15752.38 407.18 20618.92 441.69 22960.75 542.86 22967.12 941.73 25764.78 7632.52 3.658317746589132 1.0310509 2.0751798314572096 1.1786927 -3.3745685435279618 1.0660589 3
_Star_3074365082563111168 3006 Fstar_v3.3 133.09583299428672 -0.531717478533161 1800.0 1 L r 3074365082563111168 nan nan nan nan nan nan nan nan nan nan 2016.0 3006.0 143201.0 1178.6 173454.89 270.63 184376.83 361.88 182383.7 2199.89 182501.33 1401.87 0.1250081574424389 0.17423417 -3.0577779691823253 0.19877245 -5.480725537473456 0.14573935 3
_Star_3074558630970042112 3006 Fstar_v3.3 132.9289287396787 -0.3747841095653393 1800.0 1 L r 3074558630970042112 nan nan nan nan nan nan nan nan nan nan 2016.0 3006.0 242988.79 1195.54 312828.34 1306.36 339114.51 1319.93 340679.53 1462.52 346119.63 2425.66 0.0253716750593281 0.110753864 -3.109240049694407 0.1330137 -0.1889452009638866 0.089507274 3
_Star_3074555504233849216 3006 Fstar_v3.3 132.96034750767777 -0.3921108291486179 1800.0 1 L r 3074555504233849216 nan nan nan nan nan nan nan nan nan nan 2016.0 3006.0 119516.15 1198.53 147729.12 670.25 160777.79 1219.16 163751.98 1498.86 169007.7 2985.28 -0.039493687545498 0.19060259 0.9288865014162176 0.2673696 -3.0946278967624448 0.18452719 3
_Star_3074372328172766976 3006 Fstar_v3.3 133.0881281472511 -0.434650867382192 1800.0 1 L r 3074372328172766976 nan nan nan nan nan nan nan nan nan nan 2016.0 3006.0 53439.95 396.52 68275.73 975.84 72367.96 532.43 69750.29 993.12 75506.89 1145.05 -0.5732004279671054 0.34651807 -1.1752392437092871 0.3951869 0.4255740239070882 0.26302436 3
_Star_3074561688986745856 3006 Fstar_v3.3 133.06094639166022 -0.3540919428989389 1800.0 1 L r 3074561688986745856 nan nan nan nan nan nan nan nan nan nan 2016.0 3006.0 46638.64 378.31 66036.88 805.04 73523.56 482.08 73415.28 881.13 80735.78 1817.74 0.2978155171468329 0.36957917 -2.5645669997641565 0.41386124 -0.1758712103163256 0.2877413 3
_Star_3074562273102290432 3006 Fstar_v3.3 133.15110901979497 -0.3479034049665306 1800.0 1 L r 3074562273102290432 nan nan nan nan nan nan nan nan nan nan 2016.0 3006.0 60187.51 542.54 75236.12 855.59 80750.67 718.83 78311.58 678.36 80025.09 416.29 0.4075413567572483 0.318213 0.9620322405467456 0.3590317 -4.610258249710265 0.24170804 3
_Star_3074573714895115648 3006 Fstar_v3.3 132.67335135978814 -0.3249596907680139 1800.0 1 L r 3074573714895115648 nan nan nan nan nan nan nan nan nan nan 2016.0 3006.0 346278.97 730.04 456064.26 2010.36 496988.09 2030.09 510019.02 2846.18 521418.5 5486.31 0.1767887963576453 0.078466244 -2.0646606451469567 0.07973662 0.2397460558193194 0.06461906 3
_Star_3074573852334061312 3006 Fstar_v3.3 132.69005211484242 -0.302685537838653 1800.0 1 L r 3074573852334061312 nan nan nan nan nan nan nan nan nan nan 2016.0 3006.0 70857.61 406.19 90570.33 710.39 94125.33 766.62 94446.66 1009.33 98379.79 1678.57 0.585087039270572 0.22847243 -1.5243743728775208 0.23392259 0.3129854619309245 0.20453174 3
_Star_3074570656878387200 3006 Fstar_v3.3 132.73046152975814 -0.3258017010231662 1800.0 1 L r 3074570656878387200 nan nan nan nan nan nan nan nan nan nan 2016.0 3006.0 22882.63 874.75 28346.93 531.12 28804.89 1113.93 31627.59 2470.44 38903.27 5400.02 0.2200451267027899 0.59101814 0.7835908447407649 0.6110339 -0.2995945272862886 0.51156753 3
_Star_3074575772183325696 3006 Fstar_v3.3 132.71380761276308 -0.2570560896882991 1800.0 1 L r 3074575772183325696 nan nan nan nan nan nan nan nan nan nan 2016.0 3006.0 28488.3 616.87 44433.07 1509.45 47804.19 1370.54 45593.85 1396.49 54927.04 1602.33 0.1207633467096963 0.39434358 0.3433126214180694 0.4337519 0.0047872969327126 0.3086547999999999 3
_Star_3074572306145813504 3006 Fstar_v3.3 132.77724071887087 -0.28876206055145 1800.0 1 L r 3074572306145813504 nan nan nan nan nan nan nan nan nan nan 2016.0 3006.0 62107.81 837.17 79423.0 562.46 85425.23 603.16 86454.25 1808.58 89740.11 3443.52 -0.5513671627659698 0.2656000999999999 -1.5354048338019468 0.28310978 -0.2836210574484815 0.22745708 3
_Star_3074572576727952256 3006 Fstar_v3.3 132.75957608621383 -0.2700343230970807 1800.0 1 L r 3074572576727952256 nan nan nan nan nan nan nan nan nan nan 2016.0 3006.0 22790.12 469.93 29272.93 424.61 32073.47 491.14 33222.02 1813.12 33538.68 2428.35 -1.2063668244671382 0.5786232 -1.49239188398304 0.6170656 0.4532941454702791 0.5164797999999999 3
_Star_3074572924621096832 3006 Fstar_v3.3 132.78644516018736 -0.2584440526249438 1800.0 1 L r 3074572924621096832 nan nan nan nan nan nan nan nan nan nan 2016.0 3006.0 228153.15 1526.01 308081.93 910.0 334769.9 973.1 339958.53 1274.06 343737.06 4190.75 0.2623926404615356 0.10436261 -4.320506760728086 0.11420153 -0.7286068050119662 0.09659441 3
_Star_3074577838063666048 3006 Fstar_v3.3 132.86420267189885 -0.2667855006652351 1800.0 1 L r 3074577838063666048 nan nan nan nan nan nan nan nan nan nan 2016.0 3006.0 26860.04 640.49 35944.0 406.97 39397.29 534.79 40251.9 979.11 37749.07 3837.47 -1.0291635333032203 0.5651187 -0.7372493919125943 0.6240108 -0.7564283263862569 0.4328841 3
_Star_3074573126483489152 3006 Fstar_v3.3 132.80481281900592 -0.2368641304560543 1800.0 1 L r 3074573126483489152 nan nan nan nan nan nan nan nan nan nan 2016.0 3006.0 56831.16 201.21 71230.53 806.62 72135.05 692.23 72447.97 1563.15 75083.75 2593.65 -0.4039180704081161 0.26847047 -1.2876643461082409 0.29308835 -0.0993847080911491 0.24205352 3
_Star_3074583438701031552 3006 Fstar_v3.3 132.73520046813502 -0.1413582206874129 1800.0 1 L r 3074583438701031552 nan nan nan nan nan nan nan nan nan nan 2016.0 3006.0 21060.38 297.3 26628.46 342.35 28245.32 503.78 31668.4 1557.09 32805.44 5238.18 1.0625560100246678 0.6215414 -1.0952119163672536 0.8099948 -0.3189202757840452 0.63222516 3
_Star_3074631194441507200 3006 Fstar_v3.3 132.74835558147976 -0.0672031525344773 1800.0 1 L r 3074631194441507200 nan nan nan nan nan nan nan nan nan nan 2016.0 3006.0 152808.17 392.95 195355.71 1095.77 212024.46 1091.82 216524.05 1315.61 214776.09 3761.67 0.0506955041597779 0.13748422 -2.342630909116898 0.15450118 -0.177910914209703 0.12426636 3
_Star_3074633702702462208 3006 Fstar_v3.3 132.75384159787916 -0.0223970839861871 1800.0 1 L r 3074633702702462208 nan nan nan nan nan nan nan nan nan nan 2016.0 3006.0 80877.17 588.77 104180.42 643.27 113507.86 703.69 113926.98 1499.35 116967.74 1943.47 0.5044723098506043 0.22396585 0.4103135045247501 0.25684187 -3.95594471356722 0.22282864 3
