output/Jan25/final/field_a_L4_visit2_final_targets.ecsv
# %ECSV 1.0
# ---
# datatype:
# - {name: ob_code, datatype: string}
# - {name: catId, datatype: int32}
# - {name: description, datatype: string}
# - {name: ra, datatype: float64}
# - {name: dec, datatype: float64}
# - {name: exptime, datatype: float64}
# - {name: priority, datatype: int32}
# - {name: resolution, datatype: string}
# - {name: reference_arm, datatype: string}
# - {name: obj_id, datatype: int64}
# - {name: g_hsc, datatype: float64}
# - {name: g_hsc_err, datatype: float64}
# - {name: r2_hsc, datatype: float64}
# - {name: r2_hsc_err, datatype: float64}
# - {name: i2_hsc, datatype: float64}
# - {name: i2_hsc_err, datatype: float64}
# - {name: z_hsc, datatype: float64}
# - {name: z_hsc_err, datatype: float64}
# - {name: y_hsc, datatype: float64}
# - {name: y_hsc_err, datatype: float64}
# - {name: epoch, datatype: float64}
# - {name: input_catalog_id, datatype: float64}
# - {name: psf_flux_g, datatype: float64}
# - {name: psf_flux_error_g, datatype: float64}
# - {name: psf_flux_r, datatype: float64}
# - {name: psf_flux_error_r, datatype: float64}
# - {name: psf_flux_i, datatype: float64}
# - {name: psf_flux_error_i, datatype: float64}
# - {name: psf_flux_z, datatype: float64}
# - {name: psf_flux_error_z, datatype: float64}
# - {name: psf_flux_y, datatype: float64}
# - {name: psf_flux_error_y, datatype: float64}
# - {name: parallax, datatype: float64}
# - {name: parallax_error, datatype: float64}
# - {name: pmra, datatype: float64}
# - {name: pmra_error, datatype: float64}
# - {name: pmdec, datatype: float64}
# - {name: pmdec_error, datatype: float64}
# - {name: target_type, datatype: int32}
# schema: astropy-2.0
ob_code catId description ra dec exptime priority resolution reference_arm obj_id g_hsc g_hsc_err r2_hsc r2_hsc_err i2_hsc i2_hsc_err z_hsc z_hsc_err y_hsc y_hsc_err epoch input_catalog_id psf_flux_g psf_flux_error_g psf_flux_r psf_flux_error_r psf_flux_i psf_flux_error_i psf_flux_z psf_flux_error_z psf_flux_y psf_flux_error_y parallax parallax_error pmra pmra_error pmdec pmdec_error target_type
[from data line 52]
_Cos_38553421745247956 11 "HSC-SSP Public Data Release 4 (Wide)" 36.20429537497829 -4.146073734074493 1800.0 1 L r 38553421745247956 1223.4238 22.427017 1498.5935 47.173985 2053.2625 36.241104 2786.0254 109.57668 3956.008 182.43132 nan nan nan nan nan nan nan nan nan nan nan nan 1e-07 1e-07 0.0 0.0 0.0 0.0 1
_Cos_38553421745248179 11 "HSC-SSP Public Data Release 4 (Wide)" 36.22914074960603 -4.141339846099572 1800.0 1 L r 38553421745248179 542.47705 20.22242 637.96594 44.144386 933.1166 29.905 1160.9559 63.009052 1119.2053 98.392746 nan nan nan nan nan nan nan nan nan nan nan nan 1e-07 1e-07 0.0 0.0 0.0 0.0 1
_Cos_38553421745248654 11 "HSC-SSP Public Data Release 4 (Wide)" 36.30044753140184 -4.135214343779619 1800.0 1 L r 38553421745248654 414.90622 27.094519 546.0667 56.28955 1032.0007 28.710798 2028.689 84.65769 2592.652 157.20152 nan nan nan nan nan nan nan nan nan nan nan nan 1e-07 1e-07 0.0 0.0 0.0 0.0 1
_Cos_38553421745248948 11 "HSC-SSP Public Data Release 4 (Wide)" 36.18247913388738 -4.129117602265546 1800.0 1 L r 38553421745248948 878.9992 21.480726 1205.2561 52.906384 2001.6124 31.108912 2693.3137 95.127754 2801.9368 153.9888 nan nan nan nan nan nan nan nan nan nan nan nan 1e-07 1e-07 0.0 0.0 0.0 0.0 1
_Cos_38553421745249761 11 "HSC-SSP Public Data Release 4 (Wide)" 36.30430324449143 -4.110619863628621 1800.0 1 L r 38553421745249761 735.38525 16.029152 732.1221 34.965794 1030.0605 29.458641 1121.5236 57.061066 1222.453 106.34498 nan nan nan nan nan nan nan nan nan nan nan nan 1e-07 1e-07 0.0 0.0 0.0 0.0 1
_Cos_38553421745251012 11 "HSC-SSP Public Data Release 4 (Wide)" 36.24959317643628 -4.0885073162831915 1800.0 1 L r 38553421745251012 928.59485 14.501583 1261.7792 31.115162 1243.6451 24.277447 1210.2396 62.319828 949.5407 123.07752 nan nan nan nan nan nan nan nan nan nan nan nan 1e-07 1e-07 0.0 0.0 0.0 0.0 1
_Cos_38553421745251235 11 "HSC-SSP Public Data Release 4 (Wide)" 36.18319595004798 -4.086173432264561 1800.0 1 L r 38553421745251235 505.94977 24.714909 773.186 47.63874 1685.0819 25.548496 2862.0684 82.24985 4785.828 209.01968 nan nan nan nan nan nan nan nan nan nan nan nan 1e-07 1e-07 0.0 0.0 0.0 0.0 1
_Cos_38553421745251686 11 "HSC-SSP Public Data Release 4 (Wide)" 36.227512302823015 -4.074558472237439 1800.0 1 L r 38553421745251686 738.5759 18.38184 977.77985 38.87075 1974.7607 39.66407 2910.1277 105.5102 1679.2455 172.89856 nan nan nan nan nan nan nan nan nan nan nan nan 1e-07 1e-07 0.0 0.0 0.0 0.0 1
_Cos_38553421745251731 11 "HSC-SSP Public Data Release 4 (Wide)" 36.28672388130842 -4.074500908226402 1800.0 1 L r 38553421745251731 388.1885 24.25263 483.92728 44.657574 963.4453 48.13405 1270.9598 84.48785 1650.5533 192.95644 nan nan nan nan nan nan nan nan nan nan nan nan 1e-07 1e-07 0.0 0.0 0.0 0.0 1
_Cos_38553421745252167 11 "HSC-SSP Public Data Release 4 (Wide)" 36.21024097010301 -4.066246842465398 1800.0 1 L r 38553421745252167 511.1161 20.736042 692.0041 47.077663 968.6714 37.692745 1304.8751 99.284004 1160.1473 153.4863 nan nan nan nan nan nan nan nan nan nan nan nan 1e-07 1e-07 0.0 0.0 0.0 0.0 1
_Cos_38553421745252556 11 "HSC-SSP Public Data Release 4 (Wide)" 36.26458937502139 -4.061121500354647 1800.0 1 L r 38553421745252556 908.0827 21.701242 1056.9529 44.66576 1842.6904 42.878014 1604.5476 84.357155 1977.5564 225.77505 nan nan nan nan nan nan nan nan nan nan nan nan 1e-07 1e-07 0.0 0.0 0.0 0.0 1
_Cos_38553421745252681 11 "HSC-SSP Public Data Release 4 (Wide)" 36.19812873893739 -4.058147291182748 1800.0 1 L r 38553421745252681 512.32526 16.48378 728.9978 39.23904 1201.4504 26.382862 1595.6062 76.85495 1933.9535 166.05164 nan nan nan nan nan nan nan nan nan nan nan nan 1e-07 1e-07 0.0 0.0 0.0 0.0 1
_Cos_38553421745252711 11 "HSC-SSP Public Data Release 4 (Wide)" 36.32570696108511 -4.057129909177464 1800.0 1 L r 38553421745252711 426.98856 19.552612 576.1505 43.920906 987.4471 37.40113 1210.7623 76.01844 1231.2268 122.772545 nan nan nan nan nan nan nan nan nan nan nan nan 1e-07 1e-07 0.0 0.0 0.0 0.0 1
_Cos_38553421745252781 11 "HSC-SSP Public Data Release 4 (Wide)" 36.230745808392456 -4.05543757629354 1800.0 1 L r 38553421745252781 570.3411 16.771027 721.91907 34.242405 1147.3645 24.294006 1467.5796 70.858734 2015.3678 154.78773 nan nan nan nan nan nan nan nan nan nan nan nan 1e-07 1e-07 0.0 0.0 0.0 0.0 1
_Cos_38553421745253056 11 "HSC-SSP Public Data Release 4 (Wide)" 36.236216045425515 -4.05026028228388 1800.0 1 L r 38553421745253056 1356.2759 17.204536 1768.1257 38.15831 2661.9607 23.993652 3792.5083 72.397026 4510.1733 134.96292 nan nan nan nan nan nan nan nan nan nan nan nan 1e-07 1e-07 0.0 0.0 0.0 0.0 1
_Cos_38553421745253144 11 "HSC-SSP Public Data Release 4 (Wide)" 36.342588168110986 -4.048216442227429 1800.0 1 L r 38553421745253144 968.71783 16.094412 1070.0306 37.425827 1038.7021 26.080732 1099.2943 66.755775 1059.579 131.46011 nan nan nan nan nan nan nan nan nan nan nan nan 1e-07 1e-07 0.0 0.0 0.0 0.0 1
_Cos_38553421745253417 11 "HSC-SSP Public Data Release 4 (Wide)" 36.256891028825564 -4.040589273300212 1800.0 1 L r 38553421745253417 1037.4365 17.983418 1363.4236 43.043633 1609.93 24.526499 3154.324 89.8183 4821.939 188.37828 nan nan nan nan nan nan nan nan nan nan nan nan 1e-07 1e-07 0.0 0.0 0.0 0.0 1
_Cos_38553421745253442 11 "HSC-SSP Public Data Release 4 (Wide)" 36.21132985807512 -4.042437810403171 1800.0 1 L r 38553421745253442 1180.1383 16.639982 1565.808 35.371696 2462.466 26.464527 3032.7686 70.79572 4473.391 170.64537 nan nan nan nan nan nan nan nan nan nan nan nan 1e-07 1e-07 0.0 0.0 0.0 0.0 1
_Cos_38553421745253551 11 "HSC-SSP Public Data Release 4 (Wide)" 36.2302946840104 -4.041678430809403 1800.0 1 L r 38553421745253551 281.2103 13.91876 331.95233 33.311924 1199.9353 52.159954 1795.6672 102.02987 1501.3887 175.86697 nan nan nan nan nan nan nan nan nan nan nan nan 1e-07 1e-07 0.0 0.0 0.0 0.0 1
_Cos_38553421745253749 11 "HSC-SSP Public Data Release 4 (Wide)" 36.286792271611596 -4.038507543602774 1800.0 1 L r 38553421745253749 1341.91 22.818048 1442.1776 41.917534 2331.0667 28.178528 5019.209 89.27553 6135.2285 157.5683 nan nan nan nan nan nan nan nan nan nan nan nan 1e-07 1e-07 0.0 0.0 0.0 0.0 1
_Cos_38553421745253818 11 "HSC-SSP Public Data Release 4 (Wide)" 36.304286944762886 -4.037054959597671 1800.0 1 L r 38553421745253818 645.2555 26.800606 558.9581 45.46433 952.8232 34.930653 814.8046 69.0807 536.49365 100.78679 nan nan nan nan nan nan nan nan nan nan nan nan 1e-07 1e-07 0.0 0.0 0.0 0.0 1
_Cos_38553421745254938 11 "HSC-SSP Public Data Release 4 (Wide)" 36.32457494255794 -4.015610987952379 1800.0 1 L r 38553421745254938 1025.0436 19.753227 1258.8955 44.779175 2264.852 31.242891 3288.6504 84.950294 3584.8137 163.44093 nan nan nan nan nan nan nan nan nan nan nan nan 1e-07 1e-07 0.0 0.0 0.0 0.0 1
_Cos_38553430335162516 11 "HSC-SSP Public Data Release 4 (Wide)" 36.336277551998926 -3.7715561198511893 1800.0 1 L r 38553430335162516 580.7482 16.651318 804.24945 32.15899 1497.481 25.201658 1920.8053 72.9385 2134.8281 121.17214 nan nan nan nan nan nan nan nan nan nan nan nan 1e-07 1e-07 0.0 0.0 0.0 0.0 1
_Cos_38553430335163046 11 "HSC-SSP Public Data Release 4 (Wide)" 36.34676817565397 -3.7610944002048288 1800.0 1 L r 38553430335163046 524.4312 14.713884 650.474 29.799942 1092.8805 21.36927 1403.1388 66.632774 1095.6831 105.683174 nan nan nan nan nan nan nan nan nan nan nan nan 1e-07 1e-07 0.0 0.0 0.0 0.0 1
_Cos_38553430335163707 11 "HSC-SSP Public Data Release 4 (Wide)" 36.18551381080213 -3.7477573207301593 1800.0 1 L r 38553430335163707 247.43839 22.145084 368.0788 33.732544 1120.713 31.55121 2677.6924 75.285355 4323.772 133.08765 nan nan nan nan nan nan nan nan nan nan nan nan 1e-07 1e-07 0.0 0.0 0.0 0.0 1
_Cos_38553430335163828 11 "HSC-SSP Public Data Release 4 (Wide)" 36.26013640200217 -3.7446619681066524 1800.0 1 L r 38553430335163828 838.30444 19.698195 920.9903 34.342037 979.9968 31.38334 1072.7225 82.45486 1104.1755 142.93416 nan nan nan nan nan nan nan nan nan nan nan nan 1e-07 1e-07 0.0 0.0 0.0 0.0 1
_Cos_38553430335166315 11 "HSC-SSP Public Data Release 4 (Wide)" 36.21724068692185 -3.695370471447457 1800.0 1 L r 38553430335166315 832.43353 19.353191 1086.8414 34.360016 1184.195 26.813313 1238.9441 89.55118 946.30304 96.639565 nan nan nan nan nan nan nan nan nan nan nan nan 1e-07 1e-07 0.0 0.0 0.0 0.0 1
_Cos_38553430335166459 11 "HSC-SSP Public Data Release 4 (Wide)" 36.24062821781982 -3.6922838545137413 1800.0 1 L r 38553430335166459 807.8126 17.348072 960.8268 40.560593 1015.86414 23.078083 1822.631 78.74911 2126.1855 130.29575 nan nan nan nan nan nan nan nan nan nan nan nan 1e-07 1e-07 0.0 0.0 0.0 0.0 1
_Cos_38553430335167216 11 "HSC-SSP Public Data Release 4 (Wide)" 36.343703856720474 -3.677039966216742 1800.0 1 L r 38553430335167216 585.2655 14.441414 771.45306 31.579987 956.1172 22.460938 1259.5005 69.035736 2051.8655 119.86911 nan nan nan nan nan nan nan nan nan nan nan nan 1e-07 1e-07 0.0 0.0 0.0 0.0 1
_Cos_38553430335167393 11 "HSC-SSP Public Data Release 4 (Wide)" 36.28939113655454 -3.6733082504151944 1800.0 1 L r 38553430335167393 441.8009 23.077402 625.1682 44.732174 1519.5587 36.62181 2395.075 118.41876 2221.9204 150.63867 nan nan nan nan nan nan nan nan nan nan nan nan 1e-07 1e-07 0.0 0.0 0.0 0.0 1
_Cos_38553430335167681 11 "HSC-SSP Public Data Release 4 (Wide)" 36.19508636589404 -3.667747500613501 1800.0 1 L r 38553430335167681 964.2955 25.705637 1316.2987 41.920628 1801.8585 43.39973 1886.5155 120.97318 1935.0743 173.23724 nan nan nan nan nan nan nan nan nan nan nan nan 1e-07 1e-07 0.0 0.0 0.0 0.0 1
_Cos_38553430335168591 11 "HSC-SSP Public Data Release 4 (Wide)" 36.30343225685587 -3.6486734345715646 1800.0 1 L r 38553430335168591 626.7607 23.620077 732.12366 38.36305 1031.8041 38.06508 1937.5144 95.39865 2886.2805 185.88228 nan nan nan nan nan nan nan nan nan nan nan nan 1e-07 1e-07 0.0 0.0 0.0 0.0 1
_Cos_38553430335183927 11 "HSC-SSP Public Data Release 4 (Wide)" 36.288978471271676 -3.743415984417644 1800.0 1 L r 38553430335183927 611.5626 15.863604 790.01965 32.20295 1284.2675 23.648714 1602.0426 76.019745 1905.0712 106.6928 nan nan nan nan nan nan nan nan nan nan nan nan 1e-07 1e-07 0.0 0.0 0.0 0.0 1
_Cos_38553430335184208 11 "HSC-SSP Public Data Release 4 (Wide)" 36.234944315871914 -3.7398911029948625 1800.0 1 L r 38553430335184208 678.9826 16.741484 778.3887 31.35797 1289.9315 30.588808 1781.01 71.98775 2340.752 126.13593 nan nan nan nan nan nan nan nan nan nan nan nan 1e-07 1e-07 0.0 0.0 0.0 0.0 1
_Cos_38553430335184349 11 "HSC-SSP Public Data Release 4 (Wide)" 36.22364234493874 -3.735291378498117 1800.0 1 L r 38553430335184349 463.42462 25.846329 676.57166 37.27618 1907.7457 35.605152 5100.1025 96.81897 7865.399 173.78067 nan nan nan nan nan nan nan nan nan nan nan nan 1e-07 1e-07 0.0 0.0 0.0 0.0 1
_Cos_38553430335184528 11 "HSC-SSP Public Data Release 4 (Wide)" 36.312127714983234 -3.731646586120601 1800.0 1 L r 38553430335184528 1676.4877 21.018602 2017.0874 43.97332 2300.011 33.212135 3534.693 96.55379 3643.5344 141.10716 nan nan nan nan nan nan nan nan nan nan nan nan 1e-07 1e-07 0.0 0.0 0.0 0.0 1
_Cos_38553430335184694 11 "HSC-SSP Public Data Release 4 (Wide)" 36.35478532937932 -3.7287521859850994 1800.0 1 L r 38553430335184694 425.49414 22.426937 501.9284 40.29426 999.6225 50.547096 665.0163 113.62015 1259.5967 143.12071 nan nan nan nan nan nan nan nan nan nan nan nan 1e-07 1e-07 0.0 0.0 0.0 0.0 1
_Cos_38553430335184887 11 "HSC-SSP Public Data Release 4 (Wide)" 36.259315453208664 -3.7231857221114724 1800.0 1 L r 38553430335184887 571.923 19.25464 746.3031 36.261868 1429.5696 30.983198 1889.4138 97.4336 1388.639 117.01486 nan nan nan nan nan nan nan nan nan nan nan nan 1e-07 1e-07 0.0 0.0 0.0 0.0 1
_Cos_38553430335185120 11 "HSC-SSP Public Data Release 4 (Wide)" 36.2000651673132 -3.718918671503571 1800.0 1 L r 38553430335185120 398.81525 24.774721 477.281 45.35293 1209.9967 42.665703 2054.8044 110.73871 2364.2566 124.49685 nan nan nan nan nan nan nan nan nan nan nan nan 1e-07 1e-07 0.0 0.0 0.0 0.0 1
_Cos_38553430335185359 11 "HSC-SSP Public Data Release 4 (Wide)" 36.29864814702773 -3.7133802257236734 1800.0 1 L r 38553430335185359 1670.8142 16.79514 1908.0812 33.378975 2656.673 26.644894 3905.8528 72.04638 5369.402 157.97754 nan nan nan nan nan nan nan nan nan nan nan nan 1e-07 1e-07 0.0 0.0 0.0 0.0 1
_Cos_38553430335186595 11 "HSC-SSP Public Data Release 4 (Wide)" 36.19466408496995 -3.692519346371797 1800.0 1 L r 38553430335186595 1136.2522 27.246464 1347.6462 55.247593 2163.9202 46.470078 2664.413 114.80606 1879.8563 185.50038 nan nan nan nan nan nan nan nan nan nan nan nan 1e-07 1e-07 0.0 0.0 0.0 0.0 1
_Cos_38553430335186671 11 "HSC-SSP Public Data Release 4 (Wide)" 36.260279794235075 -3.691342904003118 1800.0 1 L r 38553430335186671 2141.346 23.271292 2459.6362 49.4837 2742.4846 27.099308 4312.1177 79.611244 3901.5403 109.80898 nan nan nan nan nan nan nan nan nan nan nan nan 1e-07 1e-07 0.0 0.0 0.0 0.0 1
_Cos_38553430335186870 11 "HSC-SSP Public Data Release 4 (Wide)" 36.346653983411 -3.6884921156022537 1800.0 1 L r 38553430335186870 564.3217 19.649393 678.67004 47.94606 1162.2122 25.794384 1461.7388 69.602776 2069.5588 134.15433 nan nan nan nan nan nan nan nan nan nan nan nan 1e-07 1e-07 0.0 0.0 0.0 0.0 1
_Cos_38553430335187325 11 "HSC-SSP Public Data Release 4 (Wide)" 36.228201996794446 -3.680296115667182 1800.0 1 L r 38553430335187325 588.978 20.203346 692.62366 38.04311 1324.0488 32.04525 1869.6862 88.4636 2398.5142 175.03148 nan nan nan nan nan nan nan nan nan nan nan nan 1e-07 1e-07 0.0 0.0 0.0 0.0 1
_Cos_38553430335187565 11 "HSC-SSP Public Data Release 4 (Wide)" 36.26091418463768 -3.6760366781883853 1800.0 1 L r 38553430335187565 411.10938 23.826336 558.2104 35.387264 927.36084 40.380863 1017.5365 82.04906 1049.6608 149.90395 nan nan nan nan nan nan nan nan nan nan nan nan 1e-07 1e-07 0.0 0.0 0.0 0.0 1
_Cos_38553430335187577 11 "HSC-SSP Public Data Release 4 (Wide)" 36.31387755061689 -3.6752308201999146 1800.0 1 L r 38553430335187577 929.0907 16.452785 1147.7616 31.207544 1471.5316 29.514423 1686.9856 71.50488 1685.9915 124.25712 nan nan nan nan nan nan nan nan nan nan nan nan 1e-07 1e-07 0.0 0.0 0.0 0.0 1
_Cos_38553430335188298 11 "HSC-SSP Public Data Release 4 (Wide)" 36.35679856960565 -3.660579355734219 1800.0 1 L r 38553430335188298 1033.7882 19.877258 1429.8994 50.107403 2417.6316 22.848408 3562.5173 70.402176 4301.944 126.15297 nan nan nan nan nan nan nan nan nan nan nan nan 1e-07 1e-07 0.0 0.0 0.0 0.0 1
_Cos_38553430335188624 11 "HSC-SSP Public Data Release 4 (Wide)" 36.185510872264885 -3.655218107115585 1800.0 1 L r 38553430335188624 959.6957 17.57318 999.1461 40.304146 1151.2672 26.159004 1231.8445 75.82393 1717.976 143.4309 nan nan nan nan nan nan nan nan nan nan nan nan 1e-07 1e-07 0.0 0.0 0.0 0.0 1
_Cos_38553430335188828 11 "HSC-SSP Public Data Release 4 (Wide)" 36.325644013269454 -3.6511623847472117 1800.0 1 L r 38553430335188828 483.18826 17.535183 654.78564 32.97542 1039.0004 29.054974 1903.3593 84.65859 1417.3816 115.59165 nan nan nan nan nan nan nan nan nan nan nan nan 1e-07 1e-07 0.0 0.0 0.0 0.0 1
_Cos_38553430335189027 11 "HSC-SSP Public Data Release 4 (Wide)" 36.17072482654607 -3.646869686866862 1800.0 1 L r 38553430335189027 477.8165 18.241625 666.3613 31.20052 1035.638 27.603794 1562.5153 82.66174 2106.512 142.25044 nan nan nan nan nan nan nan nan nan nan nan nan 1e-07 1e-07 0.0 0.0 0.0 0.0 1
_Cos_38553430335189200 11 "HSC-SSP Public Data Release 4 (Wide)" 36.27669093806318 -3.643760837339169 1800.0 1 L r 38553430335189200 1158.0557 32.16573 1642.1859 58.16764 2188.186 42.38772 4023.8367 130.98691 4712.289 220.39868 nan nan nan nan nan nan nan nan nan nan nan nan 1e-07 1e-07 0.0 0.0 0.0 0.0 1
