output/Jan25/final/field_e_L4_visit1_final_targets.ecsv
# %ECSV 1.0
# ---
# datatype:
# - {name: ob_code, datatype: string}
# - {name: catId, datatype: int32}
# - {name: description, datatype: string}
# - {name: ra, datatype: float64}
# - {name: dec, datatype: float64}
# - {name: exptime, datatype: float64}
# - {name: priority, datatype: int32}
# - {name: resolution, datatype: string}
# - {name: reference_arm, datatype: string}
# - {name: obj_id, datatype: int64}
# - {name: g_hsc, datatype: float64}
# - {name: g_hsc_err, datatype: float64}
# - {name: r2_hsc, datatype: float64}
# - {name: r2_hsc_err, datatype: float64}
# - {name: i2_hsc, datatype: float64}
# - {name: i2_hsc_err, datatype: float64}
# - {name: z_hsc, datatype: float64}
# - {name: z_hsc_err, datatype: float64}
# - {name: y_hsc, datatype: float64}
# - {name: y_hsc_err, datatype: float64}
# - {name: epoch, datatype: float64}
# - {name: input_catalog_id, datatype: float64}
# - {name: psf_flux_g, datatype: float64}
# - {name: psf_flux_error_g, datatype: float64}
# - {name: psf_flux_r, datatype: float64}
# - {name: psf_flux_error_r, datatype: float64}
# - {name: psf_flux_i, datatype: float64}
# - {name: psf_flux_error_i, datatype: float64}
# - {name: psf_flux_z, datatype: float64}
# - {name: psf_flux_error_z, datatype: float64}
# - {name: psf_flux_y, datatype: float64}
# - {name: psf_flux_error_y, datatype: float64}
# - {name: parallax, datatype: float64}
# - {name: parallax_error, datatype: float64}
# - {name: pmra, datatype: float64}
# - {name: pmra_error, datatype: float64}
# - {name: pmdec, datatype: float64}
# - {name: pmdec_error, datatype: float64}
# - {name: target_type, datatype: int32}
# schema: astropy-2.0
ob_code catId description ra dec exptime priority resolution reference_arm obj_id g_hsc g_hsc_err r2_hsc r2_hsc_err i2_hsc i2_hsc_err z_hsc z_hsc_err y_hsc y_hsc_err epoch input_catalog_id psf_flux_g psf_flux_error_g psf_flux_r psf_flux_error_r psf_flux_i psf_flux_error_i psf_flux_z psf_flux_error_z psf_flux_y psf_flux_error_y parallax parallax_error pmra pmra_error pmdec pmdec_error target_type
[from data line 1137]
_Cos_42027874194038216 11 "HSC-SSP Public Data Release 4 (Wide)" 129.46621385335408 0.2747638959015564 1800.0 1 L r 42027874194038216 489.1251 20.915676 677.75665 44.4328 1125.157 44.85456 1415.541 71.52623 1251.8455 124.09427 nan nan nan nan nan nan nan nan nan nan nan nan 1e-07 1e-07 0.0 0.0 0.0 0.0 1
_Cos_42027874194047081 11 "HSC-SSP Public Data Release 4 (Wide)" 129.40051095184336 0.09510457684031871 1800.0 1 L r 42027874194047081 1316.0728 31.885828 1352.3142 62.158073 1533.135 47.02942 2203.362 102.16803 2410.2188 158.67133 nan nan nan nan nan nan nan nan nan nan nan nan 1e-07 1e-07 0.0 0.0 0.0 0.0 1
_Cos_42027874194047152 11 "HSC-SSP Public Data Release 4 (Wide)" 129.4560605667432 0.09680354192290888 1800.0 1 L r 42027874194047152 1041.2496 23.621698 1286.84 52.941452 1094.9583 32.197258 1200.0907 62.451077 1488.0211 138.35416 nan nan nan nan nan nan nan nan nan nan nan nan 1e-07 1e-07 0.0 0.0 0.0 0.0 1
_Cos_42027874194047575 11 "HSC-SSP Public Data Release 4 (Wide)" 129.3671174638175 0.10563356778354874 1800.0 1 L r 42027874194047575 800.009 24.01401 1214.865 51.643353 2044.1005 37.55688 3121.607 75.28273 3267.0007 115.591896 nan nan nan nan nan nan nan nan nan nan nan nan 1e-07 1e-07 0.0 0.0 0.0 0.0 1
_Cos_42027874194048086 11 "HSC-SSP Public Data Release 4 (Wide)" 129.37684741096317 0.11782848005388542 1800.0 1 L r 42027874194048086 1664.2599 22.198238 2001.7797 48.880436 2869.2964 40.362118 3761.5347 79.59217 5632.182 134.42918 nan nan nan nan nan nan nan nan nan nan nan nan 1e-07 1e-07 0.0 0.0 0.0 0.0 1
_Cos_42027874194048155 11 "HSC-SSP Public Data Release 4 (Wide)" 129.48482205263255 0.11943092833945348 1800.0 1 L r 42027874194048155 643.08466 19.757193 956.8937 54.918266 977.90533 37.975307 1632.1144 71.65732 1526.6229 117.91148 nan nan nan nan nan nan nan nan nan nan nan nan 1e-07 1e-07 0.0 0.0 0.0 0.0 1
_Cos_42027874194048644 11 "HSC-SSP Public Data Release 4 (Wide)" 129.5169098676505 0.13181011658063466 1800.0 1 L r 42027874194048644 979.68524 24.288126 1157.3474 46.07798 2220.0278 44.757767 2842.9182 84.16856 3166.0496 144.54094 nan nan nan nan nan nan nan nan nan nan nan nan 1e-07 1e-07 0.0 0.0 0.0 0.0 1
_Cos_42027874194049397 11 "HSC-SSP Public Data Release 4 (Wide)" 129.3830764554288 0.14653761317575678 1800.0 1 L r 42027874194049397 1140.2461 25.612246 998.484 45.46009 2401.0835 52.678574 1099.104 70.38952 2923.3987 135.51756 nan nan nan nan nan nan nan nan nan nan nan nan 1e-07 1e-07 0.0 0.0 0.0 0.0 1
_Cos_42027874194049564 11 "HSC-SSP Public Data Release 4 (Wide)" 129.4014913289499 0.15099784735070115 1800.0 1 L r 42027874194049564 575.9608 24.46245 749.6566 51.149673 949.1582 40.684635 1162.4298 73.05766 714.53125 93.0089 nan nan nan nan nan nan nan nan nan nan nan nan 1e-07 1e-07 0.0 0.0 0.0 0.0 1
_Cos_42027874194049689 11 "HSC-SSP Public Data Release 4 (Wide)" 129.5012767161626 0.15251201832049324 1800.0 1 L r 42027874194049689 461.0097 22.077818 539.5506 40.968983 1413.9318 44.987705 1916.3228 76.310715 2292.5684 135.415 nan nan nan nan nan nan nan nan nan nan nan nan 1e-07 1e-07 0.0 0.0 0.0 0.0 1
_Cos_42027874194049771 11 "HSC-SSP Public Data Release 4 (Wide)" 129.39116553153988 0.15685946215003344 1800.0 1 L r 42027874194049771 535.59875 19.523855 721.46313 42.939117 1302.0835 33.985363 2076.3894 64.95717 2995.18 121.28585 nan nan nan nan nan nan nan nan nan nan nan nan 1e-07 1e-07 0.0 0.0 0.0 0.0 1
_Cos_42027874194049886 11 "HSC-SSP Public Data Release 4 (Wide)" 129.44323093276074 0.16105454390964055 1800.0 1 L r 42027874194049886 784.25934 21.464329 869.34546 47.904514 1259.5387 39.29059 1516.6953 72.419365 1759.4689 164.3377 nan nan nan nan nan nan nan nan nan nan nan nan 1e-07 1e-07 0.0 0.0 0.0 0.0 1
_Cos_42027874194050599 11 "HSC-SSP Public Data Release 4 (Wide)" 129.3615800993631 0.1774265770375421 1800.0 1 L r 42027874194050599 2151.7 47.2226 751.9135 46.238472 2467.4922 57.88509 1234.3188 64.35211 1602.124 112.75825 nan nan nan nan nan nan nan nan nan nan nan nan 1e-07 1e-07 0.0 0.0 0.0 0.0 1
_Cos_42027874194050639 11 "HSC-SSP Public Data Release 4 (Wide)" 129.39632311087635 0.177901482295003 1800.0 1 L r 42027874194050639 704.8563 22.48006 827.82275 51.57519 1049.331 35.724155 1708.9246 97.97861 1499.9998 123.75526 nan nan nan nan nan nan nan nan nan nan nan nan 1e-07 1e-07 0.0 0.0 0.0 0.0 1
_Cos_42027874194051022 11 "HSC-SSP Public Data Release 4 (Wide)" 129.4237135593085 0.18340977037022968 1800.0 1 L r 42027874194051022 1525.3674 21.480362 1586.8751 46.46526 2163.0967 44.55403 2352.0408 86.4045 3718.5964 153.84306 nan nan nan nan nan nan nan nan nan nan nan nan 1e-07 1e-07 0.0 0.0 0.0 0.0 1
_Cos_42027874194051059 11 "HSC-SSP Public Data Release 4 (Wide)" 129.43949761061808 0.18607875924303635 1800.0 1 L r 42027874194051059 474.7616 20.845505 591.1725 42.254623 1336.0461 38.350094 1631.2628 73.154884 1265.8042 114.44521 nan nan nan nan nan nan nan nan nan nan nan nan 1e-07 1e-07 0.0 0.0 0.0 0.0 1
_Cos_42027874194051122 11 "HSC-SSP Public Data Release 4 (Wide)" 129.47817335289807 0.18811377247538416 1800.0 1 L r 42027874194051122 615.5175 26.16365 705.52295 57.087337 1224.5955 41.996048 1584.1012 83.56405 1420.7147 126.61131 nan nan nan nan nan nan nan nan nan nan nan nan 1e-07 1e-07 0.0 0.0 0.0 0.0 1
_Cos_42027874194051157 11 "HSC-SSP Public Data Release 4 (Wide)" 129.3945055927256 0.19703644436177362 1800.0 1 L r 42027874194051157 677.23364 16.824766 696.76874 34.863533 995.264 30.711056 1156.4753 61.917206 1367.6981 111.42832 nan nan nan nan nan nan nan nan nan nan nan nan 1e-07 1e-07 0.0 0.0 0.0 0.0 1
_Cos_42027874194051212 11 "HSC-SSP Public Data Release 4 (Wide)" 129.50645829140777 0.19145135111517328 1800.0 1 L r 42027874194051212 680.94666 23.215113 1117.6652 45.88861 1876.4387 41.24465 3523.4143 78.92925 4154.7046 143.78214 nan nan nan nan nan nan nan nan nan nan nan nan 1e-07 1e-07 0.0 0.0 0.0 0.0 1
_Cos_42027874194051588 11 "HSC-SSP Public Data Release 4 (Wide)" 129.5293698488208 0.19950131356888967 1800.0 1 L r 42027874194051588 777.0589 22.779734 891.4251 43.786766 1298.7516 38.456524 1565.3269 71.749115 1991.9014 124.201324 nan nan nan nan nan nan nan nan nan nan nan nan 1e-07 1e-07 0.0 0.0 0.0 0.0 1
_Cos_42027874194051811 11 "HSC-SSP Public Data Release 4 (Wide)" 129.42260156666472 0.2046908887381761 1800.0 1 L r 42027874194051811 770.48834 22.248362 1023.2977 50.338356 1477.0223 55.032993 2273.7126 90.42532 2729.4937 152.86893 nan nan nan nan nan nan nan nan nan nan nan nan 1e-07 1e-07 0.0 0.0 0.0 0.0 1
_Cos_42027874194051965 11 "HSC-SSP Public Data Release 4 (Wide)" 129.4826945209033 0.20729722475117404 1800.0 1 L r 42027874194051965 586.4871 23.259134 900.8375 46.52726 1384.8705 43.223454 2623.6792 78.47213 2590.6965 124.74531 nan nan nan nan nan nan nan nan nan nan nan nan 1e-07 1e-07 0.0 0.0 0.0 0.0 1
_Cos_42027874194052010 11 "HSC-SSP Public Data Release 4 (Wide)" 129.49698246186006 0.20870415071106085 1800.0 1 L r 42027874194052010 315.22916 17.500605 417.83383 34.3066 955.419 31.578682 968.6308 57.79904 1180.1062 107.93915 nan nan nan nan nan nan nan nan nan nan nan nan 1e-07 1e-07 0.0 0.0 0.0 0.0 1
_Cos_42027874194052508 11 "HSC-SSP Public Data Release 4 (Wide)" 129.52406466462637 0.21967249559903765 1800.0 1 L r 42027874194052508 387.45285 20.500404 510.80692 39.768673 1222.3837 39.1978 2080.868 69.88304 2502.2017 135.87477 nan nan nan nan nan nan nan nan nan nan nan nan 1e-07 1e-07 0.0 0.0 0.0 0.0 1
_Cos_42027874194052553 11 "HSC-SSP Public Data Release 4 (Wide)" 129.3958041759781 0.22159001314109564 1800.0 1 L r 42027874194052553 916.545 18.698595 1032.1637 38.352333 990.7002 30.891783 860.6077 54.73495 1355.8325 111.070915 nan nan nan nan nan nan nan nan nan nan nan nan 1e-07 1e-07 0.0 0.0 0.0 0.0 1
_Cos_42027874194053007 11 "HSC-SSP Public Data Release 4 (Wide)" 129.4161278009419 0.23098601679555977 1800.0 1 L r 42027874194053007 786.65784 23.773249 1121.3713 51.066605 1868.59 61.351475 3095.1335 105.3887 2921.0728 202.72441 nan nan nan nan nan nan nan nan nan nan nan nan 1e-07 1e-07 0.0 0.0 0.0 0.0 1
_Cos_42027874194053091 11 "HSC-SSP Public Data Release 4 (Wide)" 129.39414701313746 0.23462714090882544 1800.0 1 L r 42027874194053091 813.0344 16.814222 1178.1198 42.281746 1007.8288 30.324572 1328.9305 60.697666 1451.3274 122.148544 nan nan nan nan nan nan nan nan nan nan nan nan 1e-07 1e-07 0.0 0.0 0.0 0.0 1
_Cos_42027874194053260 11 "HSC-SSP Public Data Release 4 (Wide)" 129.51060087080825 0.23630705033969596 1800.0 1 L r 42027874194053260 918.0671 17.935656 1129.5226 43.023373 1438.4329 37.254063 1346.2987 65.9516 1469.5408 116.98443 nan nan nan nan nan nan nan nan nan nan nan nan 1e-07 1e-07 0.0 0.0 0.0 0.0 1
_Cos_42027874194053726 11 "HSC-SSP Public Data Release 4 (Wide)" 129.43524198857222 0.24642899778496946 1800.0 1 L r 42027874194053726 598.9878 19.409466 593.5856 38.856052 1203.7852 51.146317 1503.3999 103.216255 1539.7968 139.02505 nan nan nan nan nan nan nan nan nan nan nan nan 1e-07 1e-07 0.0 0.0 0.0 0.0 1
_Cos_42027874194054084 11 "HSC-SSP Public Data Release 4 (Wide)" 129.52278199176527 0.25380232558416843 1800.0 1 L r 42027874194054084 432.85495 17.22578 565.53375 32.617878 1046.3054 30.420683 1431.3916 58.737335 1754.0698 111.91506 nan nan nan nan nan nan nan nan nan nan nan nan 1e-07 1e-07 0.0 0.0 0.0 0.0 1
_Cos_42027874194054430 11 "HSC-SSP Public Data Release 4 (Wide)" 129.39594895125924 0.26219721159117515 1800.0 1 L r 42027874194054430 1574.9698 23.48225 1851.7363 47.65094 2579.1326 54.632805 4257.2876 103.8214 4422.8 174.00249 nan nan nan nan nan nan nan nan nan nan nan nan 1e-07 1e-07 0.0 0.0 0.0 0.0 1
_Cos_42027874194054674 11 "HSC-SSP Public Data Release 4 (Wide)" 129.44545954759673 0.2696678184970584 1800.0 1 L r 42027874194054674 854.889 21.011032 1092.2191 40.917553 1100.9983 47.284317 1338.13 75.402626 1330.4946 147.33163 nan nan nan nan nan nan nan nan nan nan nan nan 1e-07 1e-07 0.0 0.0 0.0 0.0 1
_Cos_42027874194054762 11 "HSC-SSP Public Data Release 4 (Wide)" 129.41476391936104 0.2700539943539828 1800.0 1 L r 42027874194054762 576.152 19.25253 714.5233 37.772488 995.0768 38.215557 2046.7631 90.75067 2304.27 159.55116 nan nan nan nan nan nan nan nan nan nan nan nan 1e-07 1e-07 0.0 0.0 0.0 0.0 1
_Cos_42027878488998230 11 "HSC-SSP Public Data Release 4 (Wide)" 129.36204051798404 0.280598347765491 1800.0 1 L r 42027878488998230 603.61285 32.98933 1067.934 54.404182 3464.7158 91.34329 6607.1836 156.20522 8684.745 283.91763 nan nan nan nan nan nan nan nan nan nan nan nan 1e-07 1e-07 0.0 0.0 0.0 0.0 1
_Cos_42027878488998974 11 "HSC-SSP Public Data Release 4 (Wide)" 129.47298693900277 0.29648506099935656 1800.0 1 L r 42027878488998974 1171.4987 17.478315 1536.9855 42.005394 2149.4692 49.4869 1951.372 82.57933 3515.6804 169.47813 nan nan nan nan nan nan nan nan nan nan nan nan 1e-07 1e-07 0.0 0.0 0.0 0.0 1
_Cos_42027878489000096 11 "HSC-SSP Public Data Release 4 (Wide)" 129.5094519400003 0.3224437104696539 1800.0 1 L r 42027878489000096 519.4268 23.834618 459.60977 38.8664 1142.2578 38.46705 1262.5117 68.80735 1555.7711 129.94225 nan nan nan nan nan nan nan nan nan nan nan nan 1e-07 1e-07 0.0 0.0 0.0 0.0 1
_Cos_42027878489000429 11 "HSC-SSP Public Data Release 4 (Wide)" 129.43392158657693 0.32975353804488 1800.0 1 L r 42027878489000429 712.6193 22.106773 819.16156 41.396904 1376.4056 44.508717 1697.258 82.613716 1809.9395 145.93472 nan nan nan nan nan nan nan nan nan nan nan nan 1e-07 1e-07 0.0 0.0 0.0 0.0 1
_Cos_42027878489000804 11 "HSC-SSP Public Data Release 4 (Wide)" 129.4994695322355 0.3386567312176362 1800.0 1 L r 42027878489000804 944.26514 16.897568 1180.8527 37.912724 1256.7759 30.575788 1473.9489 58.123676 1115.4122 93.48534 nan nan nan nan nan nan nan nan nan nan nan nan 1e-07 1e-07 0.0 0.0 0.0 0.0 1
_Cos_42027878489015205 11 "HSC-SSP Public Data Release 4 (Wide)" 129.42071140483887 0.2876954076138072 1800.0 1 L r 42027878489015205 1037.7185 17.417412 1444.5374 49.76389 2272.9165 40.669567 3033.6848 75.69509 3408.1313 130.71806 nan nan nan nan nan nan nan nan nan nan nan nan 1e-07 1e-07 0.0 0.0 0.0 0.0 1
_Cos_42027878489015273 11 "HSC-SSP Public Data Release 4 (Wide)" 129.4351756675343 0.28766417856635323 1800.0 1 L r 42027878489015273 1062.5225 34.859287 895.0304 69.03693 1334.5355 53.01765 1837.9218 98.20173 2384.9656 168.5217 nan nan nan nan nan nan nan nan nan nan nan nan 1e-07 1e-07 0.0 0.0 0.0 0.0 1
_Cos_42027878489015371 11 "HSC-SSP Public Data Release 4 (Wide)" 129.45331570993855 0.2908609110309847 1800.0 1 L r 42027878489015371 431.95435 23.975039 749.4964 46.34189 1326.5201 40.28969 2918.609 94.41236 3273.9207 152.84303 nan nan nan nan nan nan nan nan nan nan nan nan 1e-07 1e-07 0.0 0.0 0.0 0.0 1
_Cos_42027878489015553 11 "HSC-SSP Public Data Release 4 (Wide)" 129.3736039839884 0.2930694138934353 1800.0 1 L r 42027878489015553 905.9418 18.758827 965.75745 41.55539 1265.9747 41.821712 1087.5847 62.746742 1474.8219 133.53691 nan nan nan nan nan nan nan nan nan nan nan nan 1e-07 1e-07 0.0 0.0 0.0 0.0 1
_Cos_42027878489015940 11 "HSC-SSP Public Data Release 4 (Wide)" 129.40119542003427 0.30442240363468054 1800.0 1 L r 42027878489015940 450.0639 18.122923 675.273 45.827454 1157.5385 35.579353 1766.9047 68.62964 1897.5426 124.30384 nan nan nan nan nan nan nan nan nan nan nan nan 1e-07 1e-07 0.0 0.0 0.0 0.0 1
_Cos_42027878489016114 11 "HSC-SSP Public Data Release 4 (Wide)" 129.42698068885954 0.3061599388866904 1800.0 1 L r 42027878489016114 999.511 15.773026 1619.9922 38.07944 2170.2642 41.130253 3605.1934 74.62932 2321.736 124.75941 nan nan nan nan nan nan nan nan nan nan nan nan 1e-07 1e-07 0.0 0.0 0.0 0.0 1
_Cos_42027878489016189 11 "HSC-SSP Public Data Release 4 (Wide)" 129.44423142503186 0.308158313998805 1800.0 1 L r 42027878489016189 1213.7614 21.13647 1560.1764 49.177433 1739.0347 33.51123 2051.559 58.905674 1712.1301 121.833755 nan nan nan nan nan nan nan nan nan nan nan nan 1e-07 1e-07 0.0 0.0 0.0 0.0 1
_Cos_42027878489016552 11 "HSC-SSP Public Data Release 4 (Wide)" 129.3602926861135 0.3165361709071505 1800.0 1 L r 42027878489016552 515.1527 22.708616 704.0888 41.950428 1176.3474 49.683605 1689.6702 81.42418 1202.6788 137.92465 nan nan nan nan nan nan nan nan nan nan nan nan 1e-07 1e-07 0.0 0.0 0.0 0.0 1
_Cos_42027878489016621 11 "HSC-SSP Public Data Release 4 (Wide)" 129.4143944804111 0.3238153056713225 1800.0 1 L r 42027878489016621 707.9793 22.998177 931.83685 49.88915 1178.985 49.047924 1178.6716 76.24293 1213.9567 136.7951 nan nan nan nan nan nan nan nan nan nan nan nan 1e-07 1e-07 0.0 0.0 0.0 0.0 1
_Cos_42027878489017060 11 "HSC-SSP Public Data Release 4 (Wide)" 129.45700171957745 0.3268272926283476 1800.0 1 L r 42027878489017060 950.15936 19.410099 1233.1836 45.5329 1745.0942 45.193615 2367.9014 83.84932 3812.9314 147.78912 nan nan nan nan nan nan nan nan nan nan nan nan 1e-07 1e-07 0.0 0.0 0.0 0.0 1
_Cos_42027878489017124 11 "HSC-SSP Public Data Release 4 (Wide)" 129.38408989112796 0.3283965407426717 1800.0 1 L r 42027878489017124 425.29282 18.169878 593.01526 43.257244 956.1683 28.944113 1283.0139 53.13277 1326.9935 98.20768 nan nan nan nan nan nan nan nan nan nan nan nan 1e-07 1e-07 0.0 0.0 0.0 0.0 1
_Cos_42027878489017266 11 "HSC-SSP Public Data Release 4 (Wide)" 129.44962457944428 0.332093291943745 1800.0 1 L r 42027878489017266 1063.7628 20.545454 1445.3744 41.405415 1603.6946 41.060135 1620.0187 82.24494 2017.2263 148.38358 nan nan nan nan nan nan nan nan nan nan nan nan 1e-07 1e-07 0.0 0.0 0.0 0.0 1
_Cos_42027878489017859 11 "HSC-SSP Public Data Release 4 (Wide)" 129.41970748622563 0.34286336486444596 1800.0 1 L r 42027878489017859 1117.286 20.983488 1069.4407 41.294582 1658.8135 41.535404 1757.3357 74.914246 2836.3706 138.48486 nan nan nan nan nan nan nan nan nan nan nan nan 1e-07 1e-07 0.0 0.0 0.0 0.0 1
