output/Jan25/final/field_e_L3_visit2_final_targets.ecsv
# %ECSV 1.0
# ---
# datatype:
# - {name: ob_code, datatype: string}
# - {name: catId, datatype: int32}
# - {name: description, datatype: string}
# - {name: ra, datatype: float64}
# - {name: dec, datatype: float64}
# - {name: exptime, datatype: float64}
# - {name: priority, datatype: int32}
# - {name: resolution, datatype: string}
# - {name: reference_arm, datatype: string}
# - {name: obj_id, datatype: int64}
# - {name: g_hsc, datatype: float64}
# - {name: g_hsc_err, datatype: float64}
# - {name: r2_hsc, datatype: float64}
# - {name: r2_hsc_err, datatype: float64}
# - {name: i2_hsc, datatype: float64}
# - {name: i2_hsc_err, datatype: float64}
# - {name: z_hsc, datatype: float64}
# - {name: z_hsc_err, datatype: float64}
# - {name: y_hsc, datatype: float64}
# - {name: y_hsc_err, datatype: float64}
# - {name: epoch, datatype: float64}
# - {name: input_catalog_id, datatype: float64}
# - {name: psf_flux_g, datatype: float64}
# - {name: psf_flux_error_g, datatype: float64}
# - {name: psf_flux_r, datatype: float64}
# - {name: psf_flux_error_r, datatype: float64}
# - {name: psf_flux_i, datatype: float64}
# - {name: psf_flux_error_i, datatype: float64}
# - {name: psf_flux_z, datatype: float64}
# - {name: psf_flux_error_z, datatype: float64}
# - {name: psf_flux_y, datatype: float64}
# - {name: psf_flux_error_y, datatype: float64}
# - {name: parallax, datatype: float64}
# - {name: parallax_error, datatype: float64}
# - {name: pmra, datatype: float64}
# - {name: pmra_error, datatype: float64}
# - {name: pmdec, datatype: float64}
# - {name: pmdec_error, datatype: float64}
# - {name: target_type, datatype: int32}
# schema: astropy-2.0
ob_code catId description ra dec exptime priority resolution reference_arm obj_id g_hsc g_hsc_err r2_hsc r2_hsc_err i2_hsc i2_hsc_err z_hsc z_hsc_err y_hsc y_hsc_err epoch input_catalog_id psf_flux_g psf_flux_error_g psf_flux_r psf_flux_error_r psf_flux_i psf_flux_error_i psf_flux_z psf_flux_error_z psf_flux_y psf_flux_error_y parallax parallax_error pmra pmra_error pmdec pmdec_error target_type
[from data line 1441]
_Sky_3296434915 2007 "Sky positions from PS1" 128.9035247555939 0.9270077520600212 1800.0 1 L r 3296434915 nan nan nan nan nan nan nan nan nan nan nan nan nan nan nan nan nan nan nan nan nan nan 1e-07 1e-07 0.0 0.0 0.0 0.0 2
_Sky_3296433250 2007 "Sky positions from PS1" 128.8424759954616 0.9929440543960044 1800.0 1 L r 3296433250 nan nan nan nan nan nan nan nan nan nan nan nan nan nan nan nan nan nan nan nan nan nan 1e-07 1e-07 0.0 0.0 0.0 0.0 2
_Sky_3296440916 2007 "Sky positions from PS1" 128.87878281866534 0.968470952377768 1800.0 1 L r 3296440916 nan nan nan nan nan nan nan nan nan nan nan nan nan nan nan nan nan nan nan nan nan nan 1e-07 1e-07 0.0 0.0 0.0 0.0 2
_Sky_3296442617 2007 "Sky positions from PS1" 128.8645465027674 1.0313194556993694 1800.0 1 L r 3296442617 nan nan nan nan nan nan nan nan nan nan nan nan nan nan nan nan nan nan nan nan nan nan 1e-07 1e-07 0.0 0.0 0.0 0.0 2
_Sky_3296412600 2007 "Sky positions from PS1" 128.88946785622093 1.033459841328833 1800.0 1 L r 3296412600 nan nan nan nan nan nan nan nan nan nan nan nan nan nan nan nan nan nan nan nan nan nan 1e-07 1e-07 0.0 0.0 0.0 0.0 2
_Sky_3296439824 2007 "Sky positions from PS1" 128.9155313593327 0.9918577339509328 1800.0 1 L r 3296439824 nan nan nan nan nan nan nan nan nan nan nan nan nan nan nan nan nan nan nan nan nan nan 1e-07 1e-07 0.0 0.0 0.0 0.0 2
_Sky_3296405410 2007 "Sky positions from PS1" 128.94011963251012 0.9916702381362654 1800.0 1 L r 3296405410 nan nan nan nan nan nan nan nan nan nan nan nan nan nan nan nan nan nan nan nan nan nan 1e-07 1e-07 0.0 0.0 0.0 0.0 2
_Sky_3296434261 2007 "Sky positions from PS1" 129.00252297719706 0.8879829720603909 1800.0 1 L r 3296434261 nan nan nan nan nan nan nan nan nan nan nan nan nan nan nan nan nan nan nan nan nan nan 1e-07 1e-07 0.0 0.0 0.0 0.0 2
_Sky_3296424425 2007 "Sky positions from PS1" 128.99074828222794 0.9512342757496834 1800.0 1 L r 3296424425 nan nan nan nan nan nan nan nan nan nan nan nan nan nan nan nan nan nan nan nan nan nan 1e-07 1e-07 0.0 0.0 0.0 0.0 2
_Sky_3296420260 2007 "Sky positions from PS1" 129.00236206022234 0.9264441682116216 1800.0 1 L r 3296420260 nan nan nan nan nan nan nan nan nan nan nan nan nan nan nan nan nan nan nan nan nan nan 1e-07 1e-07 0.0 0.0 0.0 0.0 2
_Sky_3296425600 2007 "Sky positions from PS1" 129.06273194130304 0.9513598494651756 1800.0 1 L r 3296425600 nan nan nan nan nan nan nan nan nan nan nan nan nan nan nan nan nan nan nan nan nan nan 1e-07 1e-07 0.0 0.0 0.0 0.0 2
_Sky_3296429440 2007 "Sky positions from PS1" 129.0150313855588 0.9925522182863304 1800.0 1 L r 3296429440 nan nan nan nan nan nan nan nan nan nan nan nan nan nan nan nan nan nan nan nan nan nan 1e-07 1e-07 0.0 0.0 0.0 0.0 2
_Sky_3296443169 2007 "Sky positions from PS1" 128.9752624533716 1.010648531566845 1800.0 1 L r 3296443169 nan nan nan nan nan nan nan nan nan nan nan nan nan nan nan nan nan nan nan nan nan nan 1e-07 1e-07 0.0 0.0 0.0 0.0 2
_Sky_3296430968 2007 "Sky positions from PS1" 129.08909430936353 0.9905745438727752 1800.0 1 L r 3296430968 nan nan nan nan nan nan nan nan nan nan nan nan nan nan nan nan nan nan nan nan nan nan 1e-07 1e-07 0.0 0.0 0.0 0.0 2
_Sky_3296410728 2007 "Sky positions from PS1" 129.0886889796002 1.0325817335259453 1800.0 1 L r 3296410728 nan nan nan nan nan nan nan nan nan nan nan nan nan nan nan nan nan nan nan nan nan nan 1e-07 1e-07 0.0 0.0 0.0 0.0 2
_Sky_3296405056 2007 "Sky positions from PS1" 128.58282814968513 1.058622805393587 1800.0 1 L r 3296405056 nan nan nan nan nan nan nan nan nan nan nan nan nan nan nan nan nan nan nan nan nan nan 1e-07 1e-07 0.0 0.0 0.0 0.0 2
_Sky_3296421629 2007 "Sky positions from PS1" 128.61827510018304 1.0785049141217076 1800.0 1 L r 3296421629 nan nan nan nan nan nan nan nan nan nan nan nan nan nan nan nan nan nan nan nan nan nan 1e-07 1e-07 0.0 0.0 0.0 0.0 2
_Sky_3296421616 2007 "Sky positions from PS1" 128.6560982079588 1.0972215195411967 1800.0 1 L r 3296421616 nan nan nan nan nan nan nan nan nan nan nan nan nan nan nan nan nan nan nan nan nan nan 1e-07 1e-07 0.0 0.0 0.0 0.0 2
_Sky_3296423180 2007 "Sky positions from PS1" 128.66799356967394 1.1184678780916033 1800.0 1 L r 3296423180 nan nan nan nan nan nan nan nan nan nan nan nan nan nan nan nan nan nan nan nan nan nan 1e-07 1e-07 0.0 0.0 0.0 0.0 2
_Sky_3296420937 2007 "Sky positions from PS1" 128.5693294369086 1.2070337591361016 1800.0 1 L r 3296420937 nan nan nan nan nan nan nan nan nan nan nan nan nan nan nan nan nan nan nan nan nan nan 1e-07 1e-07 0.0 0.0 0.0 0.0 2
_Sky_3296415364 2007 "Sky positions from PS1" 128.61603609742656 1.2054255199262098 1800.0 1 L r 3296415364 nan nan nan nan nan nan nan nan nan nan nan nan nan nan nan nan nan nan nan nan nan nan 1e-07 1e-07 0.0 0.0 0.0 0.0 2
_Sky_3296440891 2007 "Sky positions from PS1" 128.6537180757851 1.1841651594196023 1800.0 1 L r 3296440891 nan nan nan nan nan nan nan nan nan nan nan nan nan nan nan nan nan nan nan nan nan nan 1e-07 1e-07 0.0 0.0 0.0 0.0 2
_Sky_3296407271 2007 "Sky positions from PS1" 128.70538001401002 1.0553901799814476 1800.0 1 L r 3296407271 nan nan nan nan nan nan nan nan nan nan nan nan nan nan nan nan nan nan nan nan nan nan 1e-07 1e-07 0.0 0.0 0.0 0.0 2
_Sky_3296427318 2007 "Sky positions from PS1" 128.717617662105 1.0764254957999273 1800.0 1 L r 3296427318 nan nan nan nan nan nan nan nan nan nan nan nan nan nan nan nan nan nan nan nan nan nan 1e-07 1e-07 0.0 0.0 0.0 0.0 2
_Sky_3296444124 2007 "Sky positions from PS1" 128.72820224085808 1.0568693519477963 1800.0 1 L r 3296444124 nan nan nan nan nan nan nan nan nan nan nan nan nan nan nan nan nan nan nan nan nan nan 1e-07 1e-07 0.0 0.0 0.0 0.0 2
_Sky_3296428670 2007 "Sky positions from PS1" 128.69157007569612 1.1213976250920068 1800.0 1 L r 3296428670 nan nan nan nan nan nan nan nan nan nan nan nan nan nan nan nan nan nan nan nan nan nan 1e-07 1e-07 0.0 0.0 0.0 0.0 2
_Sky_3296443518 2007 "Sky positions from PS1" 128.75379421579925 1.0991359780494905 1800.0 1 L r 3296443518 nan nan nan nan nan nan nan nan nan nan nan nan nan nan nan nan nan nan nan nan nan nan 1e-07 1e-07 0.0 0.0 0.0 0.0 2
_Sky_3296414700 2007 "Sky positions from PS1" 128.79182198044256 1.1198807219961284 1800.0 1 L r 3296414700 nan nan nan nan nan nan nan nan nan nan nan nan nan nan nan nan nan nan nan nan nan nan 1e-07 1e-07 0.0 0.0 0.0 0.0 2
_Sky_3296437461 2007 "Sky positions from PS1" 128.75448720618252 1.1413292407694695 1800.0 1 L r 3296437461 nan nan nan nan nan nan nan nan nan nan nan nan nan nan nan nan nan nan nan nan nan nan 1e-07 1e-07 0.0 0.0 0.0 0.0 2
_Sky_3296427592 2007 "Sky positions from PS1" 128.7416464879807 1.162202822536908 1800.0 1 L r 3296427592 nan nan nan nan nan nan nan nan nan nan nan nan nan nan nan nan nan nan nan nan nan nan 1e-07 1e-07 0.0 0.0 0.0 0.0 2
_Sky_3296421844 2007 "Sky positions from PS1" 128.7759622600817 1.1419504568694014 1800.0 1 L r 3296421844 nan nan nan nan nan nan nan nan nan nan nan nan nan nan nan nan nan nan nan nan nan nan 1e-07 1e-07 0.0 0.0 0.0 0.0 2
_Sky_3296421442 2007 "Sky positions from PS1" 128.78936872198378 1.2065972379538603 1800.0 1 L r 3296421442 nan nan nan nan nan nan nan nan nan nan nan nan nan nan nan nan nan nan nan nan nan nan 1e-07 1e-07 0.0 0.0 0.0 0.0 2
_Sky_3296416487 2007 "Sky positions from PS1" 128.60552110607713 1.2283910295650535 1800.0 1 L r 3296416487 nan nan nan nan nan nan nan nan nan nan nan nan nan nan nan nan nan nan nan nan nan nan 1e-07 1e-07 0.0 0.0 0.0 0.0 2
_Sky_3296413466 2007 "Sky positions from PS1" 128.62846451882447 1.2720857484034152 1800.0 1 L r 3296413466 nan nan nan nan nan nan nan nan nan nan nan nan nan nan nan nan nan nan nan nan nan nan 1e-07 1e-07 0.0 0.0 0.0 0.0 2
_Sky_3296436631 2007 "Sky positions from PS1" 128.65319383520733 1.270007801534749 1800.0 1 L r 3296436631 nan nan nan nan nan nan nan nan nan nan nan nan nan nan nan nan nan nan nan nan nan nan 1e-07 1e-07 0.0 0.0 0.0 0.0 2
_Sky_3296407935 2007 "Sky positions from PS1" 128.58047346300015 1.3138404216564938 1800.0 1 L r 3296407935 nan nan nan nan nan nan nan nan nan nan nan nan nan nan nan nan nan nan nan nan nan nan 1e-07 1e-07 0.0 0.0 0.0 0.0 2
_Sky_3296434917 2007 "Sky positions from PS1" 128.5672182641228 1.3344281592374383 1800.0 1 L r 3296434917 nan nan nan nan nan nan nan nan nan nan nan nan nan nan nan nan nan nan nan nan nan nan 1e-07 1e-07 0.0 0.0 0.0 0.0 2
_Sky_3296415015 2007 "Sky positions from PS1" 128.66547885545268 1.3783358524280749 1800.0 1 L r 3296415015 nan nan nan nan nan nan nan nan nan nan nan nan nan nan nan nan nan nan nan nan nan nan 1e-07 1e-07 0.0 0.0 0.0 0.0 2
_Sky_3296436259 2007 "Sky positions from PS1" 128.7021578447841 1.2685695025060877 1800.0 1 L r 3296436259 nan nan nan nan nan nan nan nan nan nan nan nan nan nan nan nan nan nan nan nan nan nan 1e-07 1e-07 0.0 0.0 0.0 0.0 2
_Sky_3296426954 2007 "Sky positions from PS1" 128.765481008801 1.2490098019307625 1800.0 1 L r 3296426954 nan nan nan nan nan nan nan nan nan nan nan nan nan nan nan nan nan nan nan nan nan nan 1e-07 1e-07 0.0 0.0 0.0 0.0 2
_Sky_3296436432 2007 "Sky positions from PS1" 128.7631391359671 1.2907462492693695 1800.0 1 L r 3296436432 nan nan nan nan nan nan nan nan nan nan nan nan nan nan nan nan nan nan nan nan nan nan 1e-07 1e-07 0.0 0.0 0.0 0.0 2
_Sky_3296412158 2007 "Sky positions from PS1" 128.72701152619962 1.3112590635778736 1800.0 1 L r 3296412158 nan nan nan nan nan nan nan nan nan nan nan nan nan nan nan nan nan nan nan nan nan nan 1e-07 1e-07 0.0 0.0 0.0 0.0 2
_Sky_3296418359 2007 "Sky positions from PS1" 128.74076619107583 1.333891815145703 1800.0 1 L r 3296418359 nan nan nan nan nan nan nan nan nan nan nan nan nan nan nan nan nan nan nan nan nan nan 1e-07 1e-07 0.0 0.0 0.0 0.0 2
_Sky_3296438508 2007 "Sky positions from PS1" 128.7011879376009 1.356137218660803 1800.0 1 L r 3296438508 nan nan nan nan nan nan nan nan nan nan nan nan nan nan nan nan nan nan nan nan nan nan 1e-07 1e-07 0.0 0.0 0.0 0.0 2
_Sky_3296423369 2007 "Sky positions from PS1" 128.68759300553117 1.3792091519561394 1800.0 1 L r 3296423369 nan nan nan nan nan nan nan nan nan nan nan nan nan nan nan nan nan nan nan nan nan nan 1e-07 1e-07 0.0 0.0 0.0 0.0 2
_Sky_3296416043 2007 "Sky positions from PS1" 128.71397343010958 1.3789950017557655 1800.0 1 L r 3296416043 nan nan nan nan nan nan nan nan nan nan nan nan nan nan nan nan nan nan nan nan nan nan 1e-07 1e-07 0.0 0.0 0.0 0.0 2
_Sky_3296435035 2007 "Sky positions from PS1" 128.76322544546397 1.3345152961606015 1800.0 1 L r 3296435035 nan nan nan nan nan nan nan nan nan nan nan nan nan nan nan nan nan nan nan nan nan nan 1e-07 1e-07 0.0 0.0 0.0 0.0 2
_Sky_3296406292 2007 "Sky positions from PS1" 128.81257977910184 1.3780830135817526 1800.0 1 L r 3296406292 nan nan nan nan nan nan nan nan nan nan nan nan nan nan nan nan nan nan nan nan nan nan 1e-07 1e-07 0.0 0.0 0.0 0.0 2
_Sky_3296406498 2007 "Sky positions from PS1" 128.82710774985793 1.0539668044579298 1800.0 1 L r 3296406498 nan nan nan nan nan nan nan nan nan nan nan nan nan nan nan nan nan nan nan nan nan nan 1e-07 1e-07 0.0 0.0 0.0 0.0 2
_Sky_3296428836 2007 "Sky positions from PS1" 128.8388894367546 1.0772683260909923 1800.0 1 L r 3296428836 nan nan nan nan nan nan nan nan nan nan nan nan nan nan nan nan nan nan nan nan nan nan 1e-07 1e-07 0.0 0.0 0.0 0.0 2
_Sky_3296420761 2007 "Sky positions from PS1" 128.86426972346342 1.1205205484539786 1800.0 1 L r 3296420761 nan nan nan nan nan nan nan nan nan nan nan nan nan nan nan nan nan nan nan nan nan nan 1e-07 1e-07 0.0 0.0 0.0 0.0 2
_Sky_3296410040 2007 "Sky positions from PS1" 128.91395399425403 1.0763150589301649 1800.0 1 L r 3296410040 nan nan nan nan nan nan nan nan nan nan nan nan nan nan nan nan nan nan nan nan nan nan 1e-07 1e-07 0.0 0.0 0.0 0.0 2
_Sky_3296412348 2007 "Sky positions from PS1" 128.92617585964655 1.0567094233665246 1800.0 1 L r 3296412348 nan nan nan nan nan nan nan nan nan nan nan nan nan nan nan nan nan nan nan nan nan nan 1e-07 1e-07 0.0 0.0 0.0 0.0 2
_Sky_3296438030 2007 "Sky positions from PS1" 128.95266425363394 1.0536099546900055 1800.0 1 L r 3296438030 nan nan nan nan nan nan nan nan nan nan nan nan nan nan nan nan nan nan nan nan nan nan 1e-07 1e-07 0.0 0.0 0.0 0.0 2
_Sky_3296431219 2007 "Sky positions from PS1" 128.93857891279188 1.0758390754102007 1800.0 1 L r 3296431219 nan nan nan nan nan nan nan nan nan nan nan nan nan nan nan nan nan nan nan nan nan nan 1e-07 1e-07 0.0 0.0 0.0 0.0 2
_Sky_3296423191 2007 "Sky positions from PS1" 128.83736955090197 1.2043013243598968 1800.0 1 L r 3296423191 nan nan nan nan nan nan nan nan nan nan nan nan nan nan nan nan nan nan nan nan nan nan 1e-07 1e-07 0.0 0.0 0.0 0.0 2
_Sky_3296408277 2007 "Sky positions from PS1" 129.00279269143135 1.0555882674101733 1800.0 1 L r 3296408277 nan nan nan nan nan nan nan nan nan nan nan nan nan nan nan nan nan nan nan nan nan nan 1e-07 1e-07 0.0 0.0 0.0 0.0 2
_Sky_3296406404 2007 "Sky positions from PS1" 129.0397692446914 1.0779828417990345 1800.0 1 L r 3296406404 nan nan nan nan nan nan nan nan nan nan nan nan nan nan nan nan nan nan nan nan nan nan 1e-07 1e-07 0.0 0.0 0.0 0.0 2
_Sky_3296431987 2007 "Sky positions from PS1" 129.0762697192727 1.0531116216838916 1800.0 1 L r 3296431987 nan nan nan nan nan nan nan nan nan nan nan nan nan nan nan nan nan nan nan nan nan nan 1e-07 1e-07 0.0 0.0 0.0 0.0 2
_Sky_3296422766 2007 "Sky positions from PS1" 129.06360711208822 1.119586856632982 1800.0 1 L r 3296422766 nan nan nan nan nan nan nan nan nan nan nan nan nan nan nan nan nan nan nan nan nan nan 1e-07 1e-07 0.0 0.0 0.0 0.0 2
_Sky_3296439642 2007 "Sky positions from PS1" 129.00194776119986 1.1392982114264734 1800.0 1 L r 3296439642 nan nan nan nan nan nan nan nan nan nan nan nan nan nan nan nan nan nan nan nan nan nan 1e-07 1e-07 0.0 0.0 0.0 0.0 2
_Sky_3296409892 2007 "Sky positions from PS1" 128.98894107639416 1.2044874622149524 1800.0 1 L r 3296409892 nan nan nan nan nan nan nan nan nan nan nan nan nan nan nan nan nan nan nan nan nan nan 1e-07 1e-07 0.0 0.0 0.0 0.0 2
_Sky_3296435934 2007 "Sky positions from PS1" 129.0392563383825 1.1609723590985352 1800.0 1 L r 3296435934 nan nan nan nan nan nan nan nan nan nan nan nan nan nan nan nan nan nan nan nan nan nan 1e-07 1e-07 0.0 0.0 0.0 0.0 2
_Sky_3296426972 2007 "Sky positions from PS1" 129.07465976107983 1.1848305070591 1800.0 1 L r 3296426972 nan nan nan nan nan nan nan nan nan nan nan nan nan nan nan nan nan nan nan nan nan nan 1e-07 1e-07 0.0 0.0 0.0 0.0 2
_Sky_3296437565 2007 "Sky positions from PS1" 129.0625591731855 1.204954917490244 1800.0 1 L r 3296437565 nan nan nan nan nan nan nan nan nan nan nan nan nan nan nan nan nan nan nan nan nan nan 1e-07 1e-07 0.0 0.0 0.0 0.0 2
_Sky_3296438823 2007 "Sky positions from PS1" 128.82451368403764 1.225469170018276 1800.0 1 L r 3296438823 nan nan nan nan nan nan nan nan nan nan nan nan nan nan nan nan nan nan nan nan nan nan 1e-07 1e-07 0.0 0.0 0.0 0.0 2
_Sky_3296413712 2007 "Sky positions from PS1" 128.8753015622624 1.2274954266942515 1800.0 1 L r 3296413712 nan nan nan nan nan nan nan nan nan nan nan nan nan nan nan nan nan nan nan nan nan nan 1e-07 1e-07 0.0 0.0 0.0 0.0 2
_Sky_3296411850 2007 "Sky positions from PS1" 128.82739907138682 1.268613472685496 1800.0 1 L r 3296411850 nan nan nan nan nan nan nan nan nan nan nan nan nan nan nan nan nan nan nan nan nan nan 1e-07 1e-07 0.0 0.0 0.0 0.0 2
_Sky_3296415418 2007 "Sky positions from PS1" 128.82595509706016 1.3106516812152778 1800.0 1 L r 3296415418 nan nan nan nan nan nan nan nan nan nan nan nan nan nan nan nan nan nan nan nan nan nan 1e-07 1e-07 0.0 0.0 0.0 0.0 2
_Sky_3296441353 2007 "Sky positions from PS1" 128.87474113416525 1.3122299965498332 1800.0 1 L r 3296441353 nan nan nan nan nan nan nan nan nan nan nan nan nan nan nan nan nan nan nan nan nan nan 1e-07 1e-07 0.0 0.0 0.0 0.0 2
