output/Jan25/final_nf_input/field_e_L4_visit2_final_targets.ecsv
# %ECSV 1.0
# ---
# datatype:
# - {name: ob_code, datatype: string}
# - {name: catId, datatype: int32}
# - {name: description, datatype: string}
# - {name: R.A., datatype: float64}
# - {name: Dec., datatype: float64}
# - {name: Exposure Time, datatype: float64}
# - {name: Priority, datatype: int32}
# - {name: resolution, datatype: string}
# - {name: reference_arm, datatype: string}
# - {name: ID, datatype: int64}
# - {name: g_hsc, datatype: float64}
# - {name: g_hsc_err, datatype: float64}
# - {name: r2_hsc, datatype: float64}
# - {name: r2_hsc_err, datatype: float64}
# - {name: i2_hsc, datatype: float64}
# - {name: i2_hsc_err, datatype: float64}
# - {name: z_hsc, datatype: float64}
# - {name: z_hsc_err, datatype: float64}
# - {name: y_hsc, datatype: float64}
# - {name: y_hsc_err, datatype: float64}
# - {name: epoch, datatype: float64}
# - {name: input_catalog_id, datatype: float64}
# - {name: psf_flux_g, datatype: float64}
# - {name: psf_flux_error_g, datatype: float64}
# - {name: psf_flux_r, datatype: float64}
# - {name: psf_flux_error_r, datatype: float64}
# - {name: psf_flux_i, datatype: float64}
# - {name: psf_flux_error_i, datatype: float64}
# - {name: psf_flux_z, datatype: float64}
# - {name: psf_flux_error_z, datatype: float64}
# - {name: psf_flux_y, datatype: float64}
# - {name: psf_flux_error_y, datatype: float64}
# - {name: parallax, datatype: float64}
# - {name: parallax_error, datatype: float64}
# - {name: pmra, datatype: float64}
# - {name: pmra_error, datatype: float64}
# - {name: pmdec, datatype: float64}
# - {name: pmdec_error, datatype: float64}
# - {name: target_type, datatype: int32}
# - {name: stage, datatype: int32}
# schema: astropy-2.0
ob_code catId description R.A. Dec. "Exposure Time" Priority resolution reference_arm ID g_hsc g_hsc_err r2_hsc r2_hsc_err i2_hsc i2_hsc_err z_hsc z_hsc_err y_hsc y_hsc_err epoch input_catalog_id psf_flux_g psf_flux_error_g psf_flux_r psf_flux_error_r psf_flux_i psf_flux_error_i psf_flux_z psf_flux_error_z psf_flux_y psf_flux_error_y parallax parallax_error pmra pmra_error pmdec pmdec_error target_type stage
[from data line 103]
_Cos_40959161776757458 11 "HSC-SSP Public Data Release 4 (Wide)" 129.3929917896071 -0.6752161600777192 1800.0 1 L r 40959161776757458 936.977 19.086672 1060.6672 33.37555 1047.005 33.167904 1189.1445 79.279205 1167.6615 147.81929 nan nan nan nan nan nan nan nan nan nan nan nan 1e-07 1e-07 0.0 0.0 0.0 0.0 1 0
_Cos_40959161776757859 11 "HSC-SSP Public Data Release 4 (Wide)" 129.48458242303613 -0.6636710209838248 1800.0 1 L r 40959161776757859 756.2119 21.596182 980.2797 39.94802 1229.9921 30.296038 1864.3641 65.79983 2935.9211 150.06033 nan nan nan nan nan nan nan nan nan nan nan nan 1e-07 1e-07 0.0 0.0 0.0 0.0 1 0
_Cos_40959161776757980 11 "HSC-SSP Public Data Release 4 (Wide)" 129.5324650330656 -0.6656244354624418 1800.0 1 L r 40959161776757980 413.78674 19.759735 644.58057 29.047731 3083.2705 51.626194 7468.086 124.34163 6925.5674 195.97084 nan nan nan nan nan nan nan nan nan nan nan nan 1e-07 1e-07 0.0 0.0 0.0 0.0 1 0
_Cos_40959161776758624 11 "HSC-SSP Public Data Release 4 (Wide)" 129.36448967080747 -0.6522095757278499 1800.0 1 L r 40959161776758624 424.3174 32.729107 582.36316 56.094036 1232.7264 54.500267 1463.5688 99.85309 2184.3154 230.4498 nan nan nan nan nan nan nan nan nan nan nan nan 1e-07 1e-07 0.0 0.0 0.0 0.0 1 0
_Cos_40959166071702570 11 "HSC-SSP Public Data Release 4 (Wide)" 129.46075349969712 -0.6314491909862443 1800.0 1 L r 40959166071702570 1633.1346 27.956661 2151.0593 46.869217 3513.0908 47.672115 4385.711 112.305466 6036.04 282.7585 nan nan nan nan nan nan nan nan nan nan nan nan 1e-07 1e-07 0.0 0.0 0.0 0.0 1 0
_Cos_40959166071704762 11 "HSC-SSP Public Data Release 4 (Wide)" 129.3602370401227 -0.5856749011155786 1800.0 1 L r 40959166071704762 1245.3442 23.195152 1245.4894 40.138485 1519.407 34.084743 1777.3556 78.841736 1809.5531 168.53638 nan nan nan nan nan nan nan nan nan nan nan nan 1e-07 1e-07 0.0 0.0 0.0 0.0 1 0
_Cos_40959166071705716 11 "HSC-SSP Public Data Release 4 (Wide)" 129.3940305288768 -0.5662507682504098 1800.0 1 L r 40959166071705716 509.3774 20.530886 715.15796 54.963196 1090.48 33.11697 1372.2758 68.416176 1517.6875 183.89374 nan nan nan nan nan nan nan nan nan nan nan nan 1e-07 1e-07 0.0 0.0 0.0 0.0 1 0
_Cos_40959166071706699 11 "HSC-SSP Public Data Release 4 (Wide)" 129.39598557329413 -0.5439761437460173 1800.0 1 L r 40959166071706699 1078.8605 41.984287 1094.413 67.13624 1502.6616 51.106865 2271.0781 104.5925 2878.8381 152.61311 nan nan nan nan nan nan nan nan nan nan nan nan 1e-07 1e-07 0.0 0.0 0.0 0.0 1 0
_Cos_40959166071706828 11 "HSC-SSP Public Data Release 4 (Wide)" 129.4915017300014 -0.5410505213769611 1800.0 1 L r 40959166071706828 472.9327 21.69121 550.90204 35.437557 1232.3524 31.585697 1621.8195 62.29932 2338.4534 132.90546 nan nan nan nan nan nan nan nan nan nan nan nan 1e-07 1e-07 0.0 0.0 0.0 0.0 1 0
_Cos_40959166071707619 11 "HSC-SSP Public Data Release 4 (Wide)" 129.39978900090048 -0.524628501659443 1800.0 1 L r 40959166071707619 866.1302 23.120089 835.2142 53.70569 949.0706 33.876225 1103.6566 68.64644 1881.0754 148.49089 nan nan nan nan nan nan nan nan nan nan nan nan 1e-07 1e-07 0.0 0.0 0.0 0.0 1 0
_Cos_40959166071709654 11 "HSC-SSP Public Data Release 4 (Wide)" 129.46570022227002 -0.4803421963577231 1800.0 1 L r 40959166071709654 617.68884 40.706844 713.1382 64.34633 2635.8396 163.24062 1811.393 206.48917 811.4436 188.75511 nan nan nan nan nan nan nan nan nan nan nan nan 1e-07 1e-07 0.0 0.0 0.0 0.0 1 0
_Cos_40959166071719861 11 "HSC-SSP Public Data Release 4 (Wide)" 129.4443022480584 -0.6468148609228991 1800.0 1 L r 40959166071719861 580.656 27.561232 755.38306 44.976913 1945.5671 44.686684 2407.8684 98.86847 3107.0396 203.15614 nan nan nan nan nan nan nan nan nan nan nan nan 1e-07 1e-07 0.0 0.0 0.0 0.0 1 0
_Cos_40959166071720058 11 "HSC-SSP Public Data Release 4 (Wide)" 129.53273853105537 -0.6436319053475218 1800.0 1 L r 40959166071720058 1015.0684 19.347223 1147.9078 36.112938 1245.0289 35.408775 1593.2905 66.10736 2443.5256 163.26605 nan nan nan nan nan nan nan nan nan nan nan nan 1e-07 1e-07 0.0 0.0 0.0 0.0 1 0
_Cos_40959166071720615 11 "HSC-SSP Public Data Release 4 (Wide)" 129.3878421988718 -0.6333977342991344 1800.0 1 L r 40959166071720615 592.4903 18.85427 921.79065 47.889065 1180.93 38.809372 1865.523 86.60291 3464.798 247.17946 nan nan nan nan nan nan nan nan nan nan nan nan 1e-07 1e-07 0.0 0.0 0.0 0.0 1 0
_Cos_40959166071721038 11 "HSC-SSP Public Data Release 4 (Wide)" 129.3909737162138 -0.6265674201140716 1800.0 1 L r 40959166071721038 1011.4676 28.351316 1405.6492 63.646267 2022.592 58.07456 2796.786 160.67 1510.0856 175.56161 nan nan nan nan nan nan nan nan nan nan nan nan 1e-07 1e-07 0.0 0.0 0.0 0.0 1 0
_Cos_40959166071721107 11 "HSC-SSP Public Data Release 4 (Wide)" 129.37205178249212 -0.6235811576083928 1800.0 1 L r 40959166071721107 1248.7174 22.37933 1456.7317 47.924942 1811.0162 27.560837 1842.4066 60.095337 2286.8396 128.38342 nan nan nan nan nan nan nan nan nan nan nan nan 1e-07 1e-07 0.0 0.0 0.0 0.0 1 0
_Cos_40959166071721859 11 "HSC-SSP Public Data Release 4 (Wide)" 129.41127326852887 -0.6118561779635744 1800.0 1 L r 40959166071721859 750.67145 28.69826 1227.8882 37.837574 3085.7622 34.22568 5723.297 72.59157 8191.9194 156.87718 nan nan nan nan nan nan nan nan nan nan nan nan 1e-07 1e-07 0.0 0.0 0.0 0.0 1 0
_Cos_40959166071722042 11 "HSC-SSP Public Data Release 4 (Wide)" 129.53372658216253 -0.6101562276496136 1800.0 1 L r 40959166071722042 836.70734 18.003515 1394.3496 40.194996 993.2407 25.170185 1797.7976 69.07531 2389.1526 138.49826 nan nan nan nan nan nan nan nan nan nan nan nan 1e-07 1e-07 0.0 0.0 0.0 0.0 1 0
_Cos_40959166071722053 11 "HSC-SSP Public Data Release 4 (Wide)" 129.4395115637091 -0.6083459344449275 1800.0 1 L r 40959166071722053 1500.5398 27.328222 1229.109 42.058853 3437.266 69.370415 2296.99 73.87797 3150.1396 164.9376 nan nan nan nan nan nan nan nan nan nan nan nan 1e-07 1e-07 0.0 0.0 0.0 0.0 1 0
_Cos_40959166071722230 11 "HSC-SSP Public Data Release 4 (Wide)" 129.4105658262377 -0.6054760307713142 1800.0 1 L r 40959166071722230 361.57376 29.792946 253.26245 42.480083 1309.8772 73.00519 807.93665 81.384 1533.365 204.63965 nan nan nan nan nan nan nan nan nan nan nan nan 1e-07 1e-07 0.0 0.0 0.0 0.0 1 0
_Cos_40959166071722278 11 "HSC-SSP Public Data Release 4 (Wide)" 129.49492345410133 -0.6043448457729734 1800.0 1 L r 40959166071722278 782.2541 20.027176 1076.7076 41.84962 1461.7319 27.596567 2116.9602 64.36347 3193.776 170.47842 nan nan nan nan nan nan nan nan nan nan nan nan 1e-07 1e-07 0.0 0.0 0.0 0.0 1 0
_Cos_40959166071722945 11 "HSC-SSP Public Data Release 4 (Wide)" 129.53933137372502 -0.591731186148195 1800.0 1 L r 40959166071722945 1862.8293 24.773338 2038.9379 42.80188 2942.7417 33.515602 3479.962 70.99578 3604.0732 130.30127 nan nan nan nan nan nan nan nan nan nan nan nan 1e-07 1e-07 0.0 0.0 0.0 0.0 1 0
_Cos_40959166071723061 11 "HSC-SSP Public Data Release 4 (Wide)" 129.36635119205093 -0.5910555331811239 1800.0 1 L r 40959166071723061 1183.5848 28.884146 1364.5948 49.143127 2214.994 30.342176 3585.4153 69.12116 4545.788 159.06932 nan nan nan nan nan nan nan nan nan nan nan nan 1e-07 1e-07 0.0 0.0 0.0 0.0 1 0
_Cos_40959166071723409 11 "HSC-SSP Public Data Release 4 (Wide)" 129.53350157008973 -0.5845769954559223 1800.0 1 L r 40959166071723409 1528.8235 20.266495 2081.88 43.217377 2498.711 30.437817 2774.693 64.01812 2591.7622 119.589424 nan nan nan nan nan nan nan nan nan nan nan nan 1e-07 1e-07 0.0 0.0 0.0 0.0 1 0
_Cos_40959166071724192 11 "HSC-SSP Public Data Release 4 (Wide)" 129.4670457150083 -0.5714254830886873 1800.0 1 L r 40959166071724192 514.0209 25.312998 722.5717 40.42335 1351.7422 39.992455 2407.1008 81.00422 3094.6174 174.94717 nan nan nan nan nan nan nan nan nan nan nan nan 1e-07 1e-07 0.0 0.0 0.0 0.0 1 0
_Cos_40959166071724387 11 "HSC-SSP Public Data Release 4 (Wide)" 129.52201968092567 -0.5699540055995066 1800.0 1 L r 40959166071724387 706.8305 22.135305 877.38696 44.157013 1060.5903 33.573475 1228.4755 63.313908 1551.5063 140.77278 nan nan nan nan nan nan nan nan nan nan nan nan 1e-07 1e-07 0.0 0.0 0.0 0.0 1 0
_Cos_40959166071724453 11 "HSC-SSP Public Data Release 4 (Wide)" 129.4423068534024 -0.5687130626877498 1800.0 1 L r 40959166071724453 606.10065 22.891186 721.6886 44.96043 1199.1519 31.917006 2073.4734 75.530464 2517.2373 152.83923 nan nan nan nan nan nan nan nan nan nan nan nan 1e-07 1e-07 0.0 0.0 0.0 0.0 1 0
_Cos_40959166071725358 11 "HSC-SSP Public Data Release 4 (Wide)" 129.41437559975915 -0.5552571939906723 1800.0 1 L r 40959166071725358 523.94147 27.740347 668.83923 42.282993 1349.5085 29.620195 1906.0642 57.353146 3330.1099 127.91133 nan nan nan nan nan nan nan nan nan nan nan nan 1e-07 1e-07 0.0 0.0 0.0 0.0 1 0
_Cos_40959166071726108 11 "HSC-SSP Public Data Release 4 (Wide)" 129.3712240438689 -0.5401943679578166 1800.0 1 L r 40959166071726108 1224.2642 32.773285 1683.5964 63.3801 3189.547 34.207947 3975.5508 71.070816 3576.016 132.48335 nan nan nan nan nan nan nan nan nan nan nan nan 1e-07 1e-07 0.0 0.0 0.0 0.0 1 0
_Cos_40959166071726132 11 "HSC-SSP Public Data Release 4 (Wide)" 129.52779878386173 -0.5391665541284574 1800.0 1 L r 40959166071726132 703.31476 23.821342 906.0993 42.960907 1377.3776 36.15997 2211.5452 71.154755 3086.6345 143.9355 nan nan nan nan nan nan nan nan nan nan nan nan 1e-07 1e-07 0.0 0.0 0.0 0.0 1 0
_Cos_40959166071726879 11 "HSC-SSP Public Data Release 4 (Wide)" 129.45680303499466 -0.5238992420250381 1800.0 1 L r 40959166071726879 637.9373 23.293423 767.1794 45.208588 1145.7732 32.179466 1399.6127 60.670692 1805.73 142.13474 nan nan nan nan nan nan nan nan nan nan nan nan 1e-07 1e-07 0.0 0.0 0.0 0.0 1 0
_Cos_40959166071726999 11 "HSC-SSP Public Data Release 4 (Wide)" 129.47720775179224 -0.5246826764328574 1800.0 1 L r 40959166071726999 879.6628 28.293861 1273.099 66.37281 1642.3894 41.648666 2230.8118 98.7876 2269.3677 167.58705 nan nan nan nan nan nan nan nan nan nan nan nan 1e-07 1e-07 0.0 0.0 0.0 0.0 1 0
_Cos_40959166071727354 11 "HSC-SSP Public Data Release 4 (Wide)" 129.45459445162024 -0.5169413802232503 1800.0 1 L r 40959166071727354 716.32214 26.822046 843.1929 57.844467 1128.7577 41.366966 1426.3251 76.97953 1623.8569 172.89427 nan nan nan nan nan nan nan nan nan nan nan nan 1e-07 1e-07 0.0 0.0 0.0 0.0 1 0
_Cos_40959166071727422 11 "HSC-SSP Public Data Release 4 (Wide)" 129.37104917621477 -0.5160229505086843 1800.0 1 L r 40959166071727422 1035.1078 35.772015 983.7754 68.23353 1531.2676 53.058346 2258.0923 114.68663 2330.327 171.64844 nan nan nan nan nan nan nan nan nan nan nan nan 1e-07 1e-07 0.0 0.0 0.0 0.0 1 0
_Cos_40959166071728008 11 "HSC-SSP Public Data Release 4 (Wide)" 129.3866053497065 -0.5045619080766302 1800.0 1 L r 40959166071728008 902.515 26.561207 921.22614 59.709393 1397.6604 50.14489 2069.2476 99.10053 2014.9396 174.22539 nan nan nan nan nan nan nan nan nan nan nan nan 1e-07 1e-07 0.0 0.0 0.0 0.0 1 0
_Cos_40959166071728258 11 "HSC-SSP Public Data Release 4 (Wide)" 129.46822392406494 -0.501592772736105 1800.0 1 L r 40959166071728258 1132.8557 27.876476 1565.3744 45.564896 2458.6233 38.037807 3043.981 98.74329 4440.7466 201.47466 nan nan nan nan nan nan nan nan nan nan nan nan 1e-07 1e-07 0.0 0.0 0.0 0.0 1 0
_Cos_40959166071729772 11 "HSC-SSP Public Data Release 4 (Wide)" 129.53880428982438 -0.47096885092311724 1800.0 1 L r 40959166071729772 713.07745 31.06406 978.0562 50.128807 1624.8615 46.908566 3095.141 89.67821 4150.852 195.97125 nan nan nan nan nan nan nan nan nan nan nan nan 1e-07 1e-07 0.0 0.0 0.0 0.0 1 0
_Cos_40959166071729870 11 "HSC-SSP Public Data Release 4 (Wide)" 129.47081732418343 -0.46957130758201426 1800.0 1 L r 40959166071729870 1626.2518 19.391281 1929.0533 40.93569 2862.5237 34.867386 3938.0547 74.89847 4093.5623 147.60318 nan nan nan nan nan nan nan nan nan nan nan nan 1e-07 1e-07 0.0 0.0 0.0 0.0 1 0
_Cos_40959170366672126 11 "HSC-SSP Public Data Release 4 (Wide)" 129.49432560794563 -0.3859441015942129 1800.0 1 L r 40959170366672126 384.46188 21.822784 441.90338 42.840862 987.9344 38.751827 1234.468 75.75831 1361.1987 137.18004 nan nan nan nan nan nan nan nan nan nan nan nan 1e-07 1e-07 0.0 0.0 0.0 0.0 1 0
_Cos_40959170366673305 11 "HSC-SSP Public Data Release 4 (Wide)" 129.47594222134364 -0.35659180762632225 1800.0 1 L r 40959170366673305 1027.0624 28.355722 1108.0363 70.55647 2487.8538 35.8097 3415.6975 87.34725 3468.933 137.25601 nan nan nan nan nan nan nan nan nan nan nan nan 1e-07 1e-07 0.0 0.0 0.0 0.0 1 0
_Cos_40959170366673360 11 "HSC-SSP Public Data Release 4 (Wide)" 129.43287951613436 -0.35525263739922036 1800.0 1 L r 40959170366673360 423.06998 22.463007 655.84753 54.637478 937.19684 40.71813 2087.6833 82.67121 720.16583 128.16074 nan nan nan nan nan nan nan nan nan nan nan nan 1e-07 1e-07 0.0 0.0 0.0 0.0 1 0
_Cos_40959170366673864 11 "HSC-SSP Public Data Release 4 (Wide)" 129.3590385563859 -0.3420533685287277 1800.0 1 L r 40959170366673864 384.00107 16.183203 415.63208 32.82726 963.41144 28.451435 1444.014 71.583916 1594.7295 139.26834 nan nan nan nan nan nan nan nan nan nan nan nan 1e-07 1e-07 0.0 0.0 0.0 0.0 1 0
_Cos_40959170366674822 11 "HSC-SSP Public Data Release 4 (Wide)" 129.4730688986361 -0.317197925700398 1800.0 1 L r 40959170366674822 1371.6481 29.028801 1694.3828 55.53809 3592.021 51.659485 4390.7183 108.93499 4964.9688 182.48537 nan nan nan nan nan nan nan nan nan nan nan nan 1e-07 1e-07 0.0 0.0 0.0 0.0 1 0
_Cos_40959170366675512 11 "HSC-SSP Public Data Release 4 (Wide)" 129.41703052043835 -0.3002315845009796 1800.0 1 L r 40959170366675512 367.02176 21.786669 505.54245 41.004387 925.6015 33.67476 1564.8237 75.767494 2622.154 144.31726 nan nan nan nan nan nan nan nan nan nan nan nan 1e-07 1e-07 0.0 0.0 0.0 0.0 1 0
_Cos_40959170366675645 11 "HSC-SSP Public Data Release 4 (Wide)" 129.3782896739234 -0.2964438533540643 1800.0 1 L r 40959170366675645 597.50586 21.78236 726.75165 40.463444 1155.4137 43.61474 1261.089 79.59995 1857.5938 136.2228 nan nan nan nan nan nan nan nan nan nan nan nan 1e-07 1e-07 0.0 0.0 0.0 0.0 1 0
_Cos_40959170366684275 11 "HSC-SSP Public Data Release 4 (Wide)" 129.53275888249073 -0.4632899542785271 1800.0 1 L r 40959170366684275 741.473 23.535496 1078.2458 52.8856 1552.9639 42.48745 2195.396 81.01445 2299.9087 122.30682 nan nan nan nan nan nan nan nan nan nan nan nan 1e-07 1e-07 0.0 0.0 0.0 0.0 1 0
_Cos_40959170366684842 11 "HSC-SSP Public Data Release 4 (Wide)" 129.45080610778246 -0.4539186224359185 1800.0 1 L r 40959170366684842 817.3694 48.426224 798.0857 52.200436 1129.9958 47.298946 1343.7395 102.681656 2319.8164 211.4677 nan nan nan nan nan nan nan nan nan nan nan nan 1e-07 1e-07 0.0 0.0 0.0 0.0 1 0
_Cos_40959170366685655 11 "HSC-SSP Public Data Release 4 (Wide)" 129.5052306514696 -0.4318151320345238 1800.0 1 L r 40959170366685655 1131.9973 22.562977 1531.9324 42.11273 2006.826 31.453535 3180.3298 62.599632 2150.584 120.98519 nan nan nan nan nan nan nan nan nan nan nan nan 1e-07 1e-07 0.0 0.0 0.0 0.0 1 0
_Cos_40959170366685842 11 "HSC-SSP Public Data Release 4 (Wide)" 129.45525589518346 -0.4259089217899202 1800.0 1 L r 40959170366685842 428.07468 29.988848 396.9468 56.13056 1287.1407 64.33056 1348.4905 97.00132 1373.6364 185.45398 nan nan nan nan nan nan nan nan nan nan nan nan 1e-07 1e-07 0.0 0.0 0.0 0.0 1 0
_Cos_40959170366685976 11 "HSC-SSP Public Data Release 4 (Wide)" 129.5129913426126 -0.42206507198947485 1800.0 1 L r 40959170366685976 546.19135 26.90352 603.7546 45.491856 1102.6978 37.48814 1535.265 81.82463 2070.0078 170.94362 nan nan nan nan nan nan nan nan nan nan nan nan 1e-07 1e-07 0.0 0.0 0.0 0.0 1 0
_Cos_40959170366686239 11 "HSC-SSP Public Data Release 4 (Wide)" 129.46468001546683 -0.4142057766905059 1800.0 1 L r 40959170366686239 781.5867 23.135815 999.6796 47.04527 1454.7579 37.49217 2031.9047 83.79271 2892.5796 147.39075 nan nan nan nan nan nan nan nan nan nan nan nan 1e-07 1e-07 0.0 0.0 0.0 0.0 1 0
