output/Jan25/final_nf_input/field_b_L1_visit2_final_targets.ecsv
# %ECSV 1.0
# ---
# datatype:
# - {name: ob_code, datatype: string}
# - {name: catId, datatype: int32}
# - {name: description, datatype: string}
# - {name: R.A., datatype: float64}
# - {name: Dec., datatype: float64}
# - {name: Exposure Time, datatype: float64}
# - {name: Priority, datatype: int32}
# - {name: resolution, datatype: string}
# - {name: reference_arm, datatype: string}
# - {name: ID, datatype: int64}
# - {name: g_hsc, datatype: float64}
# - {name: g_hsc_err, datatype: float64}
# - {name: r2_hsc, datatype: float64}
# - {name: r2_hsc_err, datatype: float64}
# - {name: i2_hsc, datatype: float64}
# - {name: i2_hsc_err, datatype: float64}
# - {name: z_hsc, datatype: float64}
# - {name: z_hsc_err, datatype: float64}
# - {name: y_hsc, datatype: float64}
# - {name: y_hsc_err, datatype: float64}
# - {name: epoch, datatype: float64}
# - {name: input_catalog_id, datatype: float64}
# - {name: psf_flux_g, datatype: float64}
# - {name: psf_flux_error_g, datatype: float64}
# - {name: psf_flux_r, datatype: float64}
# - {name: psf_flux_error_r, datatype: float64}
# - {name: psf_flux_i, datatype: float64}
# - {name: psf_flux_error_i, datatype: float64}
# - {name: psf_flux_z, datatype: float64}
# - {name: psf_flux_error_z, datatype: float64}
# - {name: psf_flux_y, datatype: float64}
# - {name: psf_flux_error_y, datatype: float64}
# - {name: parallax, datatype: float64}
# - {name: parallax_error, datatype: float64}
# - {name: pmra, datatype: float64}
# - {name: pmra_error, datatype: float64}
# - {name: pmdec, datatype: float64}
# - {name: pmdec_error, datatype: float64}
# - {name: target_type, datatype: int32}
# - {name: stage, datatype: int32}
# schema: astropy-2.0
ob_code catId description R.A. Dec. "Exposure Time" Priority resolution reference_arm ID g_hsc g_hsc_err r2_hsc r2_hsc_err i2_hsc i2_hsc_err z_hsc z_hsc_err y_hsc y_hsc_err epoch input_catalog_id psf_flux_g psf_flux_error_g psf_flux_r psf_flux_error_r psf_flux_i psf_flux_error_i psf_flux_z psf_flux_error_z psf_flux_y psf_flux_error_y parallax parallax_error pmra pmra_error pmdec pmdec_error target_type stage
[from data line 103]
_Cos_40690893824477833 11 "HSC-SSP Public Data Release 4 (Wide)" 39.10956159347897 -0.17548214231458836 1800.0 1 L r 40690893824477833 848.71497 29.582272 1403.432 57.62828 1254.9197 50.364586 2644.8984 128.96788 4412.0034 352.7588 nan nan nan nan nan nan nan nan nan nan nan nan 1e-07 1e-07 0.0 0.0 0.0 0.0 1 0
_Cos_40690893824477880 11 "HSC-SSP Public Data Release 4 (Wide)" 39.0014675590871 -0.175295903645298 1800.0 1 L r 40690893824477880 743.5373 25.600693 956.6602 37.865494 962.97015 48.148327 1089.9119 135.54346 976.6437 336.40195 nan nan nan nan nan nan nan nan nan nan nan nan 1e-07 1e-07 0.0 0.0 0.0 0.0 1 0
_Cos_40690893824477968 11 "HSC-SSP Public Data Release 4 (Wide)" 39.16253052993403 -0.17219181265550904 1800.0 1 L r 40690893824477968 1243.704 23.545107 1287.0864 40.253963 1599.0692 43.587425 1720.8177 90.100784 4323.575 414.8008 nan nan nan nan nan nan nan nan nan nan nan nan 1e-07 1e-07 0.0 0.0 0.0 0.0 1 0
_Cos_40690893824478317 11 "HSC-SSP Public Data Release 4 (Wide)" 39.0202377652853 -0.16415721480254403 1800.0 1 L r 40690893824478317 755.8594 23.766357 1007.056 35.89722 1753.586 37.90191 2652.2295 99.17956 2745.647 173.01091 nan nan nan nan nan nan nan nan nan nan nan nan 1e-07 1e-07 0.0 0.0 0.0 0.0 1 0
_Cos_40690893824478652 11 "HSC-SSP Public Data Release 4 (Wide)" 39.124930557926405 -0.15277997164998636 1800.0 1 L r 40690893824478652 340.81555 28.02296 459.3814 45.72283 1140.7888 72.79942 1350.8704 126.30035 1558.2046 319.306 nan nan nan nan nan nan nan nan nan nan nan nan 1e-07 1e-07 0.0 0.0 0.0 0.0 1 0
_Cos_40690893824478687 11 "HSC-SSP Public Data Release 4 (Wide)" 39.03719716029174 -0.15244500838683345 1800.0 1 L r 40690893824478687 836.66626 23.37771 1029.0688 39.835533 1358.6442 42.418922 1677.2463 145.17058 2015.5374 414.90186 nan nan nan nan nan nan nan nan nan nan nan nan 1e-07 1e-07 0.0 0.0 0.0 0.0 1 0
_Cos_40690893824479144 11 "HSC-SSP Public Data Release 4 (Wide)" 39.071755673630015 -0.14020761604873466 1800.0 1 L r 40690893824479144 1131.5442 21.527637 1273.7188 36.98306 1737.6514 40.16958 1926.4758 95.17036 2653.6223 204.4484 nan nan nan nan nan nan nan nan nan nan nan nan 1e-07 1e-07 0.0 0.0 0.0 0.0 1 0
_Cos_40690893824479226 11 "HSC-SSP Public Data Release 4 (Wide)" 39.009754603915034 -0.13883528831052067 1800.0 1 L r 40690893824479226 805.27997 19.711994 888.1104 26.654703 1774.132 38.74241 1907.0067 100.40645 1797.3715 152.251 nan nan nan nan nan nan nan nan nan nan nan nan 1e-07 1e-07 0.0 0.0 0.0 0.0 1 0
_Cos_40690893824479345 11 "HSC-SSP Public Data Release 4 (Wide)" 38.99693743516599 -0.13336022436862546 1800.0 1 L r 40690893824479345 550.5001 20.16824 722.6054 24.378853 1148.7084 40.322464 1332.0441 85.196754 1273.4364 167.32709 nan nan nan nan nan nan nan nan nan nan nan nan 1e-07 1e-07 0.0 0.0 0.0 0.0 1 0
_Cos_40690893824479393 11 "HSC-SSP Public Data Release 4 (Wide)" 39.094948633972585 -0.13386517986116045 1800.0 1 L r 40690893824479393 799.94354 35.003345 1028.2999 108.847176 991.07635 54.7554 865.07684 83.567406 1163.2878 229.05544 nan nan nan nan nan nan nan nan nan nan nan nan 1e-07 1e-07 0.0 0.0 0.0 0.0 1 0
_Cos_40690893824479434 11 "HSC-SSP Public Data Release 4 (Wide)" 39.13566434181894 -0.13273611746469255 1800.0 1 L r 40690893824479434 425.53787 20.886433 513.44867 31.195896 1011.7866 35.10351 2026.4318 122.283005 1259.9939 170.18333 nan nan nan nan nan nan nan nan nan nan nan nan 1e-07 1e-07 0.0 0.0 0.0 0.0 1 0
_Cos_40690893824479567 11 "HSC-SSP Public Data Release 4 (Wide)" 39.04819538117468 -0.1305721903338811 1800.0 1 L r 40690893824479567 1118.6517 21.400692 1211.9036 34.83714 2156.792 40.195885 2695.9275 91.29425 2601.1443 183.19568 nan nan nan nan nan nan nan nan nan nan nan nan 1e-07 1e-07 0.0 0.0 0.0 0.0 1 0
_Cos_40690893824479902 11 "HSC-SSP Public Data Release 4 (Wide)" 39.14054732786769 -0.12268314079202287 1800.0 1 L r 40690893824479902 1305.8103 33.95581 1431.8683 54.923927 1724.3187 51.25449 1857.777 109.34387 1708.121 229.13544 nan nan nan nan nan nan nan nan nan nan nan nan 1e-07 1e-07 0.0 0.0 0.0 0.0 1 0
_Cos_40690893824480063 11 "HSC-SSP Public Data Release 4 (Wide)" 39.11666634977545 -0.11792902036428429 1800.0 1 L r 40690893824480063 549.906 21.09748 801.8361 42.588207 1010.95325 40.82962 1335.6068 92.10314 1554.7351 211.19147 nan nan nan nan nan nan nan nan nan nan nan nan 1e-07 1e-07 0.0 0.0 0.0 0.0 1 0
_Cos_40690893824480267 11 "HSC-SSP Public Data Release 4 (Wide)" 39.16766673277947 -0.11335464972398249 1800.0 1 L r 40690893824480267 1641.7186 31.942415 1990.7195 93.22491 2001.2568 52.4346 3442.6426 121.69923 4866.313 316.90784 nan nan nan nan nan nan nan nan nan nan nan nan 1e-07 1e-07 0.0 0.0 0.0 0.0 1 0
_Cos_40690893824480427 11 "HSC-SSP Public Data Release 4 (Wide)" 39.05903350661215 -0.10926577717561269 1800.0 1 L r 40690893824480427 529.42975 26.635227 598.22174 37.881554 1009.9486 58.617336 720.2715 101.582596 1002.2897 221.90623 nan nan nan nan nan nan nan nan nan nan nan nan 1e-07 1e-07 0.0 0.0 0.0 0.0 1 0
_Cos_40690893824480504 11 "HSC-SSP Public Data Release 4 (Wide)" 38.99690829962411 -0.10695663873392935 1800.0 1 L r 40690893824480504 578.57904 22.239897 640.419 28.726412 1474.347 46.364212 1659.117 93.352684 1961.8586 206.41325 nan nan nan nan nan nan nan nan nan nan nan nan 1e-07 1e-07 0.0 0.0 0.0 0.0 1 0
_Cos_40690898119426432 11 "HSC-SSP Public Data Release 4 (Wide)" 39.15507542732964 -0.08548372130725208 1800.0 1 L r 40690898119426432 361.57648 21.869347 326.25116 29.907051 1516.0496 106.75016 1662.58 139.58046 594.924 398.7615 nan nan nan nan nan nan nan nan nan nan nan nan 1e-07 1e-07 0.0 0.0 0.0 0.0 1 0
_Cos_40690898119427557 11 "HSC-SSP Public Data Release 4 (Wide)" 39.07903133467342 -0.05509118966574512 1800.0 1 L r 40690898119427557 660.8129 28.353012 942.2443 50.38451 936.7936 53.692905 1757.7198 189.75899 1486.1395 212.14163 nan nan nan nan nan nan nan nan nan nan nan nan 1e-07 1e-07 0.0 0.0 0.0 0.0 1 0
_Cos_40690898119428204 11 "HSC-SSP Public Data Release 4 (Wide)" 39.1280347907514 -0.03699884787651676 1800.0 1 L r 40690898119428204 417.16904 21.593035 506.98325 29.852543 1059.9877 40.457638 1401.7795 86.67926 1190.0538 206.73396 nan nan nan nan nan nan nan nan nan nan nan nan 1e-07 1e-07 0.0 0.0 0.0 0.0 1 0
_Cos_40690898119428858 11 "HSC-SSP Public Data Release 4 (Wide)" 39.15461232916837 -0.01837372670003052 1800.0 1 L r 40690898119428858 617.94696 28.97358 702.25806 44.160038 1095.2184 72.39751 1873.5226 135.568 992.6274 329.3644 nan nan nan nan nan nan nan nan nan nan nan nan 1e-07 1e-07 0.0 0.0 0.0 0.0 1 0
_Cos_40690898119429278 11 "HSC-SSP Public Data Release 4 (Wide)" 39.02058880806791 -0.005722827285901577 1800.0 1 L r 40690898119429278 1616.6467 27.249163 1510.4116 32.531277 2144.4153 37.16949 2801.0776 100.8286 3485.8774 223.91586 nan nan nan nan nan nan nan nan nan nan nan nan 1e-07 1e-07 0.0 0.0 0.0 0.0 1 0
_Cos_40690898119442128 11 "HSC-SSP Public Data Release 4 (Wide)" 39.03171976680968 -0.08608809988421742 1800.0 1 L r 40690898119442128 942.18695 20.622437 1436.1785 34.75205 2084.6958 34.552853 3188.3503 90.93875 2324.4556 162.83104 nan nan nan nan nan nan nan nan nan nan nan nan 1e-07 1e-07 0.0 0.0 0.0 0.0 1 0
_Cos_40690898119442297 11 "HSC-SSP Public Data Release 4 (Wide)" 39.076675948604574 -0.08147125615180577 1800.0 1 L r 40690898119442297 946.3475 23.534744 1051.6749 42.684135 1045.0518 47.39481 1461.1997 107.7474 1956.0582 205.08969 nan nan nan nan nan nan nan nan nan nan nan nan 1e-07 1e-07 0.0 0.0 0.0 0.0 1 0
_Cos_40690898119442369 11 "HSC-SSP Public Data Release 4 (Wide)" 39.04092816723409 -0.07855753324052925 1800.0 1 L r 40690898119442369 1652.3699 23.950247 1840.9951 39.4187 1815.9438 49.632595 1928.7903 111.29618 2126.5054 227.95137 nan nan nan nan nan nan nan nan nan nan nan nan 1e-07 1e-07 0.0 0.0 0.0 0.0 1 0
_Cos_40690898119442578 11 "HSC-SSP Public Data Release 4 (Wide)" 39.128222615224544 -0.07419403376229827 1800.0 1 L r 40690898119442578 377.44366 32.291115 440.9452 31.066828 1498.0892 45.210766 2416.1335 114.145805 3213.2263 275.13388 nan nan nan nan nan nan nan nan nan nan nan nan 1e-07 1e-07 0.0 0.0 0.0 0.0 1 0
_Cos_40690898119443067 11 "HSC-SSP Public Data Release 4 (Wide)" 38.986244785240395 -0.0639311608333269 1800.0 1 L r 40690898119443067 773.452 23.36279 905.25464 29.68068 934.1845 30.974892 934.7432 73.110725 956.44653 155.84969 nan nan nan nan nan nan nan nan nan nan nan nan 1e-07 1e-07 0.0 0.0 0.0 0.0 1 0
_Cos_40690898119443149 11 "HSC-SSP Public Data Release 4 (Wide)" 39.0019039520486 -0.06134888274193832 1800.0 1 L r 40690898119443149 813.1697 26.252487 1033.4753 46.04144 1193.1293 62.546753 1482.6356 138.27492 1052.1449 234.96031 nan nan nan nan nan nan nan nan nan nan nan nan 1e-07 1e-07 0.0 0.0 0.0 0.0 1 0
_Cos_40690898119443582 11 "HSC-SSP Public Data Release 4 (Wide)" 39.0418161881541 -0.05025839535573706 1800.0 1 L r 40690898119443582 815.844 23.521606 1019.3911 36.8924 1530.4269 52.540905 1631.9974 109.85013 2269.017 240.68079 nan nan nan nan nan nan nan nan nan nan nan nan 1e-07 1e-07 0.0 0.0 0.0 0.0 1 0
_Cos_40690898119443624 11 "HSC-SSP Public Data Release 4 (Wide)" 39.16421604527551 -0.04848519584510687 1800.0 1 L r 40690898119443624 693.7662 33.467697 956.9534 82.49519 1297.6853 58.0621 2111.0115 123.027916 3292.5134 302.82162 nan nan nan nan nan nan nan nan nan nan nan nan 1e-07 1e-07 0.0 0.0 0.0 0.0 1 0
_Cos_40690898119443979 11 "HSC-SSP Public Data Release 4 (Wide)" 39.135944913443076 -0.04207096067138727 1800.0 1 L r 40690898119443979 605.68036 34.249706 465.91757 53.77404 1022.0317 73.99521 1280.6464 183.16325 1419.8488 441.29697 nan nan nan nan nan nan nan nan nan nan nan nan 1e-07 1e-07 0.0 0.0 0.0 0.0 1 0
_Cos_40690898119444087 11 "HSC-SSP Public Data Release 4 (Wide)" 39.09807701589906 -0.03944831578554207 1800.0 1 L r 40690898119444087 991.694 29.230892 1428.723 43.660484 2358.14 40.62878 3437.004 98.95374 4532.5615 284.23364 nan nan nan nan nan nan nan nan nan nan nan nan 1e-07 1e-07 0.0 0.0 0.0 0.0 1 0
_Cos_40690898119444162 11 "HSC-SSP Public Data Release 4 (Wide)" 39.04234367653271 -0.03745359075159193 1800.0 1 L r 40690898119444162 824.0852 24.637444 1101.2068 37.325752 1450.3489 45.671497 2803.493 114.44973 2974.811 239.2143 nan nan nan nan nan nan nan nan nan nan nan nan 1e-07 1e-07 0.0 0.0 0.0 0.0 1 0
_Cos_40690898119444203 11 "HSC-SSP Public Data Release 4 (Wide)" 39.07489419543822 -0.03690429865353699 1800.0 1 L r 40690898119444203 1258.5021 30.692446 1682.3301 58.984226 2559.2598 54.75993 3449.6282 132.477 4210.13 252.77231 nan nan nan nan nan nan nan nan nan nan nan nan 1e-07 1e-07 0.0 0.0 0.0 0.0 1 0
_Cos_40690898119444278 11 "HSC-SSP Public Data Release 4 (Wide)" 39.004534052778205 -0.032633214647294705 1800.0 1 L r 40690898119444278 786.8589 25.624083 971.4882 38.967182 1328.0878 43.180977 1872.8057 112.828255 2225.6643 225.1257 nan nan nan nan nan nan nan nan nan nan nan nan 1e-07 1e-07 0.0 0.0 0.0 0.0 1 0
_Cos_40690898119445085 11 "HSC-SSP Public Data Release 4 (Wide)" 39.1327418551829 -0.0106559880563941 1800.0 1 L r 40690898119445085 2152.5684 64.94001 1983.1627 94.90264 3477.9277 79.66087 3402.2898 129.00981 8369.6 479.87646 nan nan nan nan nan nan nan nan nan nan nan nan 1e-07 1e-07 0.0 0.0 0.0 0.0 1 0
_Cos_40690898119445355 11 "HSC-SSP Public Data Release 4 (Wide)" 39.117538213751 -0.002500914013668527 1800.0 1 L r 40690898119445355 968.3458 44.204967 1437.8455 99.10898 1727.8289 97.85687 2549.5664 222.00293 2014.1392 310.4761 nan nan nan nan nan nan nan nan nan nan nan nan 1e-07 1e-07 0.0 0.0 0.0 0.0 1 0
_Cos_40690898119445433 11 "HSC-SSP Public Data Release 4 (Wide)" 39.06492340997895 -0.0005853636289406088 1800.0 1 L r 40690898119445433 1146.4017 25.858702 1641.1161 39.737488 2073.1426 42.945976 3619.2456 100.59128 4017.239 211.46124 nan nan nan nan nan nan nan nan nan nan nan nan 1e-07 1e-07 0.0 0.0 0.0 0.0 1 0
_Cos_40691022673501576 11 "HSC-SSP Public Data Release 4 (Wide)" 38.84864087454047 -0.5078536794930425 1800.0 1 L r 40691022673501576 572.34216 20.779581 709.2577 24.156752 958.2485 41.03003 1111.5631 107.701675 1014.26764 134.39825 nan nan nan nan nan nan nan nan nan nan nan nan 1e-07 1e-07 0.0 0.0 0.0 0.0 1 0
_Cos_40691022673501619 11 "HSC-SSP Public Data Release 4 (Wide)" 38.8945128979275 -0.5055357415232321 1800.0 1 L r 40691022673501619 822.9093 29.271748 890.89575 35.80871 1397.5272 48.028477 1532.6036 92.11464 2218.8533 218.19362 nan nan nan nan nan nan nan nan nan nan nan nan 1e-07 1e-07 0.0 0.0 0.0 0.0 1 0
_Cos_40691022673502457 11 "HSC-SSP Public Data Release 4 (Wide)" 38.86211301606329 -0.4906323431894872 1800.0 1 L r 40691022673502457 506.02847 22.887043 735.8417 34.812885 1682.9437 53.136757 2440.9023 122.23131 2211.7556 210.56836 nan nan nan nan nan nan nan nan nan nan nan nan 1e-07 1e-07 0.0 0.0 0.0 0.0 1 0
_Cos_40691022673502566 11 "HSC-SSP Public Data Release 4 (Wide)" 38.93662910150836 -0.4859249322896514 1800.0 1 L r 40691022673502566 545.0859 41.473114 645.373 43.699146 1236.8634 53.028072 1447.638 103.74921 2103.9392 245.53966 nan nan nan nan nan nan nan nan nan nan nan nan 1e-07 1e-07 0.0 0.0 0.0 0.0 1 0
_Cos_40691022673503199 11 "HSC-SSP Public Data Release 4 (Wide)" 38.92152370599908 -0.4739529151956343 1800.0 1 L r 40691022673503199 891.169 29.48342 372.23682 27.169502 1987.7483 75.27767 757.2902 89.69197 1723.4768 222.59138 nan nan nan nan nan nan nan nan nan nan nan nan 1e-07 1e-07 0.0 0.0 0.0 0.0 1 0
_Cos_40691022673503315 11 "HSC-SSP Public Data Release 4 (Wide)" 38.95447159729824 -0.47072325634369394 1800.0 1 L r 40691022673503315 860.5894 31.288557 876.67896 38.072872 1573.7921 50.659683 1440.4445 105.77136 1868.8567 223.07094 nan nan nan nan nan nan nan nan nan nan nan nan 1e-07 1e-07 0.0 0.0 0.0 0.0 1 0
_Cos_40691022673503355 11 "HSC-SSP Public Data Release 4 (Wide)" 38.86313236079156 -0.4706874887290413 1800.0 1 L r 40691022673503355 1069.8159 22.24364 1101.5844 26.30444 1463.4525 37.763474 1413.0769 85.88445 1881.0939 168.7795 nan nan nan nan nan nan nan nan nan nan nan nan 1e-07 1e-07 0.0 0.0 0.0 0.0 1 0
_Cos_40691026968445298 11 "HSC-SSP Public Data Release 4 (Wide)" 38.813611044933104 -0.4598909004395316 1800.0 1 L r 40691026968445298 643.9135 28.230045 710.5422 35.924316 1084.4836 47.985207 1231.1664 87.90365 1536.4772 237.26324 nan nan nan nan nan nan nan nan nan nan nan nan 1e-07 1e-07 0.0 0.0 0.0 0.0 1 0
_Cos_40691026968445809 11 "HSC-SSP Public Data Release 4 (Wide)" 38.88076656922785 -0.4486338041765685 1800.0 1 L r 40691026968445809 455.53073 35.878017 615.26337 69.847336 1287.069 49.898113 1758.3076 108.82703 2322.6228 259.6965 nan nan nan nan nan nan nan nan nan nan nan nan 1e-07 1e-07 0.0 0.0 0.0 0.0 1 0
_Cos_40691026968446175 11 "HSC-SSP Public Data Release 4 (Wide)" 38.978188265621434 -0.4399150927559636 1800.0 1 L r 40691026968446175 1051.7648 26.530714 1187.9564 35.51787 1408.17 50.77925 1834.7623 119.13301 2821.8071 240.74007 nan nan nan nan nan nan nan nan nan nan nan nan 1e-07 1e-07 0.0 0.0 0.0 0.0 1 0
_Cos_40691026968446579 11 "HSC-SSP Public Data Release 4 (Wide)" 38.85085204561219 -0.4302919163589733 1800.0 1 L r 40691026968446579 469.352 26.566288 633.706 40.356823 989.00635 64.210075 837.02856 108.39299 829.88586 205.10034 nan nan nan nan nan nan nan nan nan nan nan nan 1e-07 1e-07 0.0 0.0 0.0 0.0 1 0
_Cos_40691026968448640 11 "HSC-SSP Public Data Release 4 (Wide)" 38.88533034669749 -0.38343358233375485 1800.0 1 L r 40691026968448640 735.3186 29.907381 915.1261 72.306915 1378.119 54.21635 1705.8204 117.45077 1537.2263 263.3683 nan nan nan nan nan nan nan nan nan nan nan nan 1e-07 1e-07 0.0 0.0 0.0 0.0 1 0
_Cos_40691026968448875 11 "HSC-SSP Public Data Release 4 (Wide)" 38.85492945676861 -0.37811240920132794 1800.0 1 L r 40691026968448875 1809.064 27.190975 2013.3805 55.1425 1977.3868 45.643246 2685.0947 105.56433 1921.6029 200.31444 nan nan nan nan nan nan nan nan nan nan nan nan 1e-07 1e-07 0.0 0.0 0.0 0.0 1 0
