output/Jan25/final_nf_input/field_e_L1_visit1_final_targets.ecsv
# %ECSV 1.0
# ---
# datatype:
# - {name: ob_code, datatype: string}
# - {name: catId, datatype: int32}
# - {name: description, datatype: string}
# - {name: R.A., datatype: float64}
# - {name: Dec., datatype: float64}
# - {name: Exposure Time, datatype: float64}
# - {name: Priority, datatype: int32}
# - {name: resolution, datatype: string}
# - {name: reference_arm, datatype: string}
# - {name: ID, datatype: int64}
# - {name: g_hsc, datatype: float64}
# - {name: g_hsc_err, datatype: float64}
# - {name: r2_hsc, datatype: float64}
# - {name: r2_hsc_err, datatype: float64}
# - {name: i2_hsc, datatype: float64}
# - {name: i2_hsc_err, datatype: float64}
# - {name: z_hsc, datatype: float64}
# - {name: z_hsc_err, datatype: float64}
# - {name: y_hsc, datatype: float64}
# - {name: y_hsc_err, datatype: float64}
# - {name: epoch, datatype: float64}
# - {name: input_catalog_id, datatype: float64}
# - {name: psf_flux_g, datatype: float64}
# - {name: psf_flux_error_g, datatype: float64}
# - {name: psf_flux_r, datatype: float64}
# - {name: psf_flux_error_r, datatype: float64}
# - {name: psf_flux_i, datatype: float64}
# - {name: psf_flux_error_i, datatype: float64}
# - {name: psf_flux_z, datatype: float64}
# - {name: psf_flux_error_z, datatype: float64}
# - {name: psf_flux_y, datatype: float64}
# - {name: psf_flux_error_y, datatype: float64}
# - {name: parallax, datatype: float64}
# - {name: parallax_error, datatype: float64}
# - {name: pmra, datatype: float64}
# - {name: pmra_error, datatype: float64}
# - {name: pmdec, datatype: float64}
# - {name: pmdec_error, datatype: float64}
# - {name: target_type, datatype: int32}
# - {name: stage, datatype: int32}
# schema: astropy-2.0
ob_code catId description R.A. Dec. "Exposure Time" Priority resolution reference_arm ID g_hsc g_hsc_err r2_hsc r2_hsc_err i2_hsc i2_hsc_err z_hsc z_hsc_err y_hsc y_hsc_err epoch input_catalog_id psf_flux_g psf_flux_error_g psf_flux_r psf_flux_error_r psf_flux_i psf_flux_error_i psf_flux_z psf_flux_error_z psf_flux_y psf_flux_error_y parallax parallax_error pmra pmra_error pmdec pmdec_error target_type stage
[from data line 1858]
_Sky_3296500320 2007 "Sky positions from PS1" 132.35144234744686 1.2703309335192865 1800.0 1 L r 20044587052 nan nan nan nan nan nan nan nan nan nan nan nan nan nan nan nan nan nan nan nan nan nan 1e-07 1e-07 0.0 0.0 0.0 0.0 2 0
_Sky_3296496503 2007 "Sky positions from PS1" 132.3625319657243 1.2921969481260531 1800.0 1 L r 20044583235 nan nan nan nan nan nan nan nan nan nan nan nan nan nan nan nan nan nan nan nan nan nan 1e-07 1e-07 0.0 0.0 0.0 0.0 2 0
_Sky_3296492637 2007 "Sky positions from PS1" 132.5264142094964 1.0988723608120672 1800.0 1 L r 20044579369 nan nan nan nan nan nan nan nan nan nan nan nan nan nan nan nan nan nan nan nan nan nan 1e-07 1e-07 0.0 0.0 0.0 0.0 2 0
_Sky_3296508885 2007 "Sky positions from PS1" 132.56330600441194 0.990364619455524 1800.0 1 L r 20044595617 nan nan nan nan nan nan nan nan nan nan nan nan nan nan nan nan nan nan nan nan nan nan 1e-07 1e-07 0.0 0.0 0.0 0.0 2 0
_Sky_3296529649 2007 "Sky positions from PS1" 132.57671566682276 1.0552420442007406 1800.0 1 L r 20044616381 nan nan nan nan nan nan nan nan nan nan nan nan nan nan nan nan nan nan nan nan nan nan 1e-07 1e-07 0.0 0.0 0.0 0.0 2 0
_Sky_3296574658 2007 "Sky positions from PS1" 132.61463677754608 0.9910141633674808 1800.0 1 L r 20046712811 nan nan nan nan nan nan nan nan nan nan nan nan nan nan nan nan nan nan nan nan nan nan 1e-07 1e-07 0.0 0.0 0.0 0.0 2 0
_Sky_3296545325 2007 "Sky positions from PS1" 132.6372666278855 1.0333330103747471 1800.0 1 L r 20046683478 nan nan nan nan nan nan nan nan nan nan nan nan nan nan nan nan nan nan nan nan nan nan 1e-07 1e-07 0.0 0.0 0.0 0.0 2 0
_Sky_3296512440 2007 "Sky positions from PS1" 132.55110608507218 1.0968183887052452 1800.0 1 L r 20044599172 nan nan nan nan nan nan nan nan nan nan nan nan nan nan nan nan nan nan nan nan nan nan 1e-07 1e-07 0.0 0.0 0.0 0.0 2 0
_Sky_3296494944 2007 "Sky positions from PS1" 132.5753303632366 1.098619849103329 1800.0 1 L r 20044581676 nan nan nan nan nan nan nan nan nan nan nan nan nan nan nan nan nan nan nan nan nan nan 1e-07 1e-07 0.0 0.0 0.0 0.0 2 0
_Sky_3296547236 2007 "Sky positions from PS1" 132.59023305741343 1.0774265350084398 1800.0 1 L r 20046685389 nan nan nan nan nan nan nan nan nan nan nan nan nan nan nan nan nan nan nan nan nan nan 1e-07 1e-07 0.0 0.0 0.0 0.0 2 0
_Sky_3296580990 2007 "Sky positions from PS1" 132.60169569197225 1.1399306086205063 1800.0 1 L r 20046719143 nan nan nan nan nan nan nan nan nan nan nan nan nan nan nan nan nan nan nan nan nan nan 1e-07 1e-07 0.0 0.0 0.0 0.0 2 0
_Sky_3296501568 2007 "Sky positions from PS1" 132.46524869659785 1.162193078495677 1800.0 1 L r 20044588300 nan nan nan nan nan nan nan nan nan nan nan nan nan nan nan nan nan nan nan nan nan nan 1e-07 1e-07 0.0 0.0 0.0 0.0 2 0
_Sky_3296522955 2007 "Sky positions from PS1" 132.47739064689964 1.184273979673812 1800.0 1 L r 20044609687 nan nan nan nan nan nan nan nan nan nan nan nan nan nan nan nan nan nan nan nan nan nan 1e-07 1e-07 0.0 0.0 0.0 0.0 2 0
_Sky_3296494365 2007 "Sky positions from PS1" 132.46346732396808 1.2067811646752609 1800.0 1 L r 20044581097 nan nan nan nan nan nan nan nan nan nan nan nan nan nan nan nan nan nan nan nan nan nan 1e-07 1e-07 0.0 0.0 0.0 0.0 2 0
_Sky_3296528978 2007 "Sky positions from PS1" 132.50160550718553 1.183950591136998 1800.0 1 L r 20044615710 nan nan nan nan nan nan nan nan nan nan nan nan nan nan nan nan nan nan nan nan nan nan 1e-07 1e-07 0.0 0.0 0.0 0.0 2 0
_Sky_3296524791 2007 "Sky positions from PS1" 132.53970654865398 1.204568402378973 1800.0 1 L r 20044611523 nan nan nan nan nan nan nan nan nan nan nan nan nan nan nan nan nan nan nan nan nan nan 1e-07 1e-07 0.0 0.0 0.0 0.0 2 0
_Sky_3296518259 2007 "Sky positions from PS1" 132.5506470167916 1.225584549374615 1800.0 1 L r 20044604991 nan nan nan nan nan nan nan nan nan nan nan nan nan nan nan nan nan nan nan nan nan nan 1e-07 1e-07 0.0 0.0 0.0 0.0 2 0
_Sky_3296515771 2007 "Sky positions from PS1" 132.44998884292812 1.2683120521336488 1800.0 1 L r 20044602503 nan nan nan nan nan nan nan nan nan nan nan nan nan nan nan nan nan nan nan nan nan nan 1e-07 1e-07 0.0 0.0 0.0 0.0 2 0
_Sky_3296498653 2007 "Sky positions from PS1" 132.48934864996733 1.2920237160037655 1800.0 1 L r 20044585385 nan nan nan nan nan nan nan nan nan nan nan nan nan nan nan nan nan nan nan nan nan nan 1e-07 1e-07 0.0 0.0 0.0 0.0 2 0
_Sky_3296531350 2007 "Sky positions from PS1" 132.56455333501282 1.1643109133169252 1800.0 1 L r 20044618082 nan nan nan nan nan nan nan nan nan nan nan nan nan nan nan nan nan nan nan nan nan nan 1e-07 1e-07 0.0 0.0 0.0 0.0 2 0
_Sky_3296518550 2007 "Sky positions from PS1" 132.57654442071754 1.182862023967531 1800.0 1 L r 20044605282 nan nan nan nan nan nan nan nan nan nan nan nan nan nan nan nan nan nan nan nan nan nan 1e-07 1e-07 0.0 0.0 0.0 0.0 2 0
_Sky_3296494471 2007 "Sky positions from PS1" 132.56523478615722 1.2062098137189106 1800.0 1 L r 20044581203 nan nan nan nan nan nan nan nan nan nan nan nan nan nan nan nan nan nan nan nan nan nan 1e-07 1e-07 0.0 0.0 0.0 0.0 2 0
_Sky_3296494881 2007 "Sky positions from PS1" 132.5890987446857 1.207472792991585 1800.0 1 L r 20044581613 nan nan nan nan nan nan nan nan nan nan nan nan nan nan nan nan nan nan nan nan nan nan 1e-07 1e-07 0.0 0.0 0.0 0.0 2 0
_Sky_3296544841 2007 "Sky positions from PS1" 132.61434894401174 1.1640519704952697 1800.0 1 L r 20046682994 nan nan nan nan nan nan nan nan nan nan nan nan nan nan nan nan nan nan nan nan nan nan 1e-07 1e-07 0.0 0.0 0.0 0.0 2 0
_Sky_3296584780 2007 "Sky positions from PS1" 132.63768911191588 1.206915734442209 1800.0 1 L r 20046722933 nan nan nan nan nan nan nan nan nan nan nan nan nan nan nan nan nan nan nan nan nan nan 1e-07 1e-07 0.0 0.0 0.0 0.0 2 0
_Sky_3296515182 2007 "Sky positions from PS1" 132.57605621000218 1.314049807647351 1800.0 1 L r 20044601914 nan nan nan nan nan nan nan nan nan nan nan nan nan nan nan nan nan nan nan nan nan nan 1e-07 1e-07 0.0 0.0 0.0 0.0 2 0
_Sky_3296563578 2007 "Sky positions from PS1" 132.6264245575222 1.2708860687910963 1800.0 1 L r 20046701731 nan nan nan nan nan nan nan nan nan nan nan nan nan nan nan nan nan nan nan nan nan nan 1e-07 1e-07 0.0 0.0 0.0 0.0 2 0
_Sky_3296562974 2007 "Sky positions from PS1" 132.7103615036831 0.8269608134909793 1800.0 1 L r 20046701127 nan nan nan nan nan nan nan nan nan nan nan nan nan nan nan nan nan nan nan nan nan nan 1e-07 1e-07 0.0 0.0 0.0 0.0 2 0
_Sky_3296560500 2007 "Sky positions from PS1" 132.72235358090353 0.8483718453296273 1800.0 1 L r 20046698653 nan nan nan nan nan nan nan nan nan nan nan nan nan nan nan nan nan nan nan nan nan nan 1e-07 1e-07 0.0 0.0 0.0 0.0 2 0
_Sky_3296560143 2007 "Sky positions from PS1" 132.68495133413384 0.8669955462148484 1800.0 1 L r 20046698296 nan nan nan nan nan nan nan nan nan nan nan nan nan nan nan nan nan nan nan nan nan nan 1e-07 1e-07 0.0 0.0 0.0 0.0 2 0
_Sky_3296563038 2007 "Sky positions from PS1" 132.7123623169331 0.8693883527198197 1800.0 1 L r 20046701191 nan nan nan nan nan nan nan nan nan nan nan nan nan nan nan nan nan nan nan nan nan nan 1e-07 1e-07 0.0 0.0 0.0 0.0 2 0
_Sky_3296540862 2007 "Sky positions from PS1" 132.72316230054236 0.8873993600046637 1800.0 1 L r 20046679015 nan nan nan nan nan nan nan nan nan nan nan nan nan nan nan nan nan nan nan nan nan nan 1e-07 1e-07 0.0 0.0 0.0 0.0 2 0
_Sky_3296577398 2007 "Sky positions from PS1" 132.78288109501418 0.8266423460141086 1800.0 1 L r 20046715551 nan nan nan nan nan nan nan nan nan nan nan nan nan nan nan nan nan nan nan nan nan nan 1e-07 1e-07 0.0 0.0 0.0 0.0 2 0
_Sky_3296551599 2007 "Sky positions from PS1" 132.74636546115096 0.8875218306915683 1800.0 1 L r 20046689752 nan nan nan nan nan nan nan nan nan nan nan nan nan nan nan nan nan nan nan nan nan nan 1e-07 1e-07 0.0 0.0 0.0 0.0 2 0
_Sky_3296562100 2007 "Sky positions from PS1" 132.6856990554903 0.910672103273348 1800.0 1 L r 20046700253 nan nan nan nan nan nan nan nan nan nan nan nan nan nan nan nan nan nan nan nan nan nan 1e-07 1e-07 0.0 0.0 0.0 0.0 2 0
_Sky_3296539942 2007 "Sky positions from PS1" 132.78586621962825 0.9097441394798866 1800.0 1 L r 20046678095 nan nan nan nan nan nan nan nan nan nan nan nan nan nan nan nan nan nan nan nan nan nan 1e-07 1e-07 0.0 0.0 0.0 0.0 2 0
_Sky_3296551799 2007 "Sky positions from PS1" 132.7351488903858 0.9511660122482002 1800.0 1 L r 20046689952 nan nan nan nan nan nan nan nan nan nan nan nan nan nan nan nan nan nan nan nan nan nan 1e-07 1e-07 0.0 0.0 0.0 0.0 2 0
_Sky_3296579332 2007 "Sky positions from PS1" 132.81096021891855 0.9112393544443954 1800.0 1 L r 20046717485 nan nan nan nan nan nan nan nan nan nan nan nan nan nan nan nan nan nan nan nan nan nan 1e-07 1e-07 0.0 0.0 0.0 0.0 2 0
_Sky_3296549861 2007 "Sky positions from PS1" 132.8095308838417 0.9514126363216064 1800.0 1 L r 20046688014 nan nan nan nan nan nan nan nan nan nan nan nan nan nan nan nan nan nan nan nan nan nan 1e-07 1e-07 0.0 0.0 0.0 0.0 2 0
_Sky_3296566293 2007 "Sky positions from PS1" 132.79672660369351 0.9744616011469988 1800.0 1 L r 20046704446 nan nan nan nan nan nan nan nan nan nan nan nan nan nan nan nan nan nan nan nan nan nan 1e-07 1e-07 0.0 0.0 0.0 0.0 2 0
_Sky_3296569683 2007 "Sky positions from PS1" 132.82343838988265 0.9727409594653492 1800.0 1 L r 20046707836 nan nan nan nan nan nan nan nan nan nan nan nan nan nan nan nan nan nan nan nan nan nan 1e-07 1e-07 0.0 0.0 0.0 0.0 2 0
_Sky_3296548453 2007 "Sky positions from PS1" 132.8825265446414 0.9123186697081268 1800.0 1 L r 20046686606 nan nan nan nan nan nan nan nan nan nan nan nan nan nan nan nan nan nan nan nan nan nan 1e-07 1e-07 0.0 0.0 0.0 0.0 2 0
_Sky_3296557643 2007 "Sky positions from PS1" 132.85832566701353 0.9530385631575344 1800.0 1 L r 20046695796 nan nan nan nan nan nan nan nan nan nan nan nan nan nan nan nan nan nan nan nan nan nan 1e-07 1e-07 0.0 0.0 0.0 0.0 2 0
_Sky_3296556627 2007 "Sky positions from PS1" 132.94195925750287 0.9766982952067138 1800.0 1 L r 20046694780 nan nan nan nan nan nan nan nan nan nan nan nan nan nan nan nan nan nan nan nan nan nan 1e-07 1e-07 0.0 0.0 0.0 0.0 2 0
_Sky_3296573125 2007 "Sky positions from PS1" 132.67374023026102 1.0133764030376096 1800.0 1 L r 20046711278 nan nan nan nan nan nan nan nan nan nan nan nan nan nan nan nan nan nan nan nan nan nan 1e-07 1e-07 0.0 0.0 0.0 0.0 2 0
_Sky_3296575153 2007 "Sky positions from PS1" 132.71082317453582 0.9921125386571612 1800.0 1 L r 20046713306 nan nan nan nan nan nan nan nan nan nan nan nan nan nan nan nan nan nan nan nan nan nan 1e-07 1e-07 0.0 0.0 0.0 0.0 2 0
_Sky_3296539070 2007 "Sky positions from PS1" 132.71196137477253 1.0336278525865654 1800.0 1 L r 20046677223 nan nan nan nan nan nan nan nan nan nan nan nan nan nan nan nan nan nan nan nan nan nan 1e-07 1e-07 0.0 0.0 0.0 0.0 2 0
_Sky_3296582307 2007 "Sky positions from PS1" 132.76022770188348 0.9946155908935468 1800.0 1 L r 20046720460 nan nan nan nan nan nan nan nan nan nan nan nan nan nan nan nan nan nan nan nan nan nan 1e-07 1e-07 0.0 0.0 0.0 0.0 2 0
_Sky_3296561674 2007 "Sky positions from PS1" 132.7485665267295 1.0135850077029491 1800.0 1 L r 20046699827 nan nan nan nan nan nan nan nan nan nan nan nan nan nan nan nan nan nan nan nan nan nan 1e-07 1e-07 0.0 0.0 0.0 0.0 2 0
_Sky_3296542396 2007 "Sky positions from PS1" 132.70108843498664 1.098988402029638 1800.0 1 L r 20046680549 nan nan nan nan nan nan nan nan nan nan nan nan nan nan nan nan nan nan nan nan nan nan 1e-07 1e-07 0.0 0.0 0.0 0.0 2 0
_Sky_3296577378 2007 "Sky positions from PS1" 132.7242132253824 1.140488327928126 1800.0 1 L r 20046715531 nan nan nan nan nan nan nan nan nan nan nan nan nan nan nan nan nan nan nan nan nan nan 1e-07 1e-07 0.0 0.0 0.0 0.0 2 0
_Sky_3296577130 2007 "Sky positions from PS1" 132.77521110579372 1.1415860165630571 1800.0 1 L r 20046715283 nan nan nan nan nan nan nan nan nan nan nan nan nan nan nan nan nan nan nan nan nan nan 1e-07 1e-07 0.0 0.0 0.0 0.0 2 0
_Sky_3296550948 2007 "Sky positions from PS1" 132.88209204480694 1.0377186302870884 1800.0 1 L r 20046689101 nan nan nan nan nan nan nan nan nan nan nan nan nan nan nan nan nan nan nan nan nan nan 1e-07 1e-07 0.0 0.0 0.0 0.0 2 0
_Sky_3296557986 2007 "Sky positions from PS1" 132.87276023768 1.057489080980568 1800.0 1 L r 20046696139 nan nan nan nan nan nan nan nan nan nan nan nan nan nan nan nan nan nan nan nan nan nan 1e-07 1e-07 0.0 0.0 0.0 0.0 2 0
_Sky_3296579378 2007 "Sky positions from PS1" 132.89618499460417 1.0575988106003475 1800.0 1 L r 20046717531 nan nan nan nan nan nan nan nan nan nan nan nan nan nan nan nan nan nan nan nan nan nan 1e-07 1e-07 0.0 0.0 0.0 0.0 2 0
_Sky_3296574993 2007 "Sky positions from PS1" 132.84842987359764 1.1415058907889395 1800.0 1 L r 20046713146 nan nan nan nan nan nan nan nan nan nan nan nan nan nan nan nan nan nan nan nan nan nan 1e-07 1e-07 0.0 0.0 0.0 0.0 2 0
_Sky_3296556843 2007 "Sky positions from PS1" 132.87368616459446 1.1008687313724663 1800.0 1 L r 20046694996 nan nan nan nan nan nan nan nan nan nan nan nan nan nan nan nan nan nan nan nan nan nan 1e-07 1e-07 0.0 0.0 0.0 0.0 2 0
_Sky_3296547012 2007 "Sky positions from PS1" 132.90875790040178 1.0819213306506377 1800.0 1 L r 20046685165 nan nan nan nan nan nan nan nan nan nan nan nan nan nan nan nan nan nan nan nan nan nan 1e-07 1e-07 0.0 0.0 0.0 0.0 2 0
_Sky_3296557119 2007 "Sky positions from PS1" 132.88425509996316 1.1241425876788602 1800.0 1 L r 20046695272 nan nan nan nan nan nan nan nan nan nan nan nan nan nan nan nan nan nan nan nan nan nan 1e-07 1e-07 0.0 0.0 0.0 0.0 2 0
_Sky_3296582200 2007 "Sky positions from PS1" 132.71323756125574 1.207405872269439 1800.0 1 L r 20046720353 nan nan nan nan nan nan nan nan nan nan nan nan nan nan nan nan nan nan nan nan nan nan 1e-07 1e-07 0.0 0.0 0.0 0.0 2 0
_Sky_3296572157 2007 "Sky positions from PS1" 132.736456636486 1.1648756991564393 1800.0 1 L r 20046710310 nan nan nan nan nan nan nan nan nan nan nan nan nan nan nan nan nan nan nan nan nan nan 1e-07 1e-07 0.0 0.0 0.0 0.0 2 0
_Sky_3296571036 2007 "Sky positions from PS1" 132.77330850533966 1.1845570277174304 1800.0 1 L r 20046709189 nan nan nan nan nan nan nan nan nan nan nan nan nan nan nan nan nan nan nan nan nan nan 1e-07 1e-07 0.0 0.0 0.0 0.0 2 0
_Sky_3296578896 2007 "Sky positions from PS1" 132.71243149700527 1.2484910118151324 1800.0 1 L r 20046717049 nan nan nan nan nan nan nan nan nan nan nan nan nan nan nan nan nan nan nan nan nan nan 1e-07 1e-07 0.0 0.0 0.0 0.0 2 0
_Sky_3296554928 2007 "Sky positions from PS1" 132.71312793879687 1.292255168129469 1800.0 1 L r 20046693081 nan nan nan nan nan nan nan nan nan nan nan nan nan nan nan nan nan nan nan nan nan nan 1e-07 1e-07 0.0 0.0 0.0 0.0 2 0
_Sky_3296574942 2007 "Sky positions from PS1" 132.7746129934946 1.2721681330070973 1800.0 1 L r 20046713095 nan nan nan nan nan nan nan nan nan nan nan nan nan nan nan nan nan nan nan nan nan nan 1e-07 1e-07 0.0 0.0 0.0 0.0 2 0
_Sky_3296556075 2007 "Sky positions from PS1" 132.78832019376395 1.2934852160219303 1800.0 1 L r 20046694228 nan nan nan nan nan nan nan nan nan nan nan nan nan nan nan nan nan nan nan nan nan nan 1e-07 1e-07 0.0 0.0 0.0 0.0 2 0
_Sky_3296547492 2007 "Sky positions from PS1" 132.83611439624374 1.1629897796925042 1800.0 1 L r 20046685645 nan nan nan nan nan nan nan nan nan nan nan nan nan nan nan nan nan nan nan nan nan nan 1e-07 1e-07 0.0 0.0 0.0 0.0 2 0
_Sky_3296541416 2007 "Sky positions from PS1" 132.82445114084115 1.1841137017857015 1800.0 1 L r 20046679569 nan nan nan nan nan nan nan nan nan nan nan nan nan nan nan nan nan nan nan nan nan nan 1e-07 1e-07 0.0 0.0 0.0 0.0 2 0
_Sky_3296576267 2007 "Sky positions from PS1" 132.8484960747023 1.185245291169163 1800.0 1 L r 20046714420 nan nan nan nan nan nan nan nan nan nan nan nan nan nan nan nan nan nan nan nan nan nan 1e-07 1e-07 0.0 0.0 0.0 0.0 2 0
