output/Jan25/final_nf_input/field_e_L4_visit2_final_targets.ecsv
# %ECSV 1.0
# ---
# datatype:
# - {name: ob_code, datatype: string}
# - {name: catId, datatype: int32}
# - {name: description, datatype: string}
# - {name: R.A., datatype: float64}
# - {name: Dec., datatype: float64}
# - {name: Exposure Time, datatype: float64}
# - {name: Priority, datatype: int32}
# - {name: resolution, datatype: string}
# - {name: reference_arm, datatype: string}
# - {name: ID, datatype: int64}
# - {name: g_hsc, datatype: float64}
# - {name: g_hsc_err, datatype: float64}
# - {name: r2_hsc, datatype: float64}
# - {name: r2_hsc_err, datatype: float64}
# - {name: i2_hsc, datatype: float64}
# - {name: i2_hsc_err, datatype: float64}
# - {name: z_hsc, datatype: float64}
# - {name: z_hsc_err, datatype: float64}
# - {name: y_hsc, datatype: float64}
# - {name: y_hsc_err, datatype: float64}
# - {name: epoch, datatype: float64}
# - {name: input_catalog_id, datatype: float64}
# - {name: psf_flux_g, datatype: float64}
# - {name: psf_flux_error_g, datatype: float64}
# - {name: psf_flux_r, datatype: float64}
# - {name: psf_flux_error_r, datatype: float64}
# - {name: psf_flux_i, datatype: float64}
# - {name: psf_flux_error_i, datatype: float64}
# - {name: psf_flux_z, datatype: float64}
# - {name: psf_flux_error_z, datatype: float64}
# - {name: psf_flux_y, datatype: float64}
# - {name: psf_flux_error_y, datatype: float64}
# - {name: parallax, datatype: float64}
# - {name: parallax_error, datatype: float64}
# - {name: pmra, datatype: float64}
# - {name: pmra_error, datatype: float64}
# - {name: pmdec, datatype: float64}
# - {name: pmdec_error, datatype: float64}
# - {name: target_type, datatype: int32}
# - {name: stage, datatype: int32}
# schema: astropy-2.0
ob_code catId description R.A. Dec. "Exposure Time" Priority resolution reference_arm ID g_hsc g_hsc_err r2_hsc r2_hsc_err i2_hsc i2_hsc_err z_hsc z_hsc_err y_hsc y_hsc_err epoch input_catalog_id psf_flux_g psf_flux_error_g psf_flux_r psf_flux_error_r psf_flux_i psf_flux_error_i psf_flux_z psf_flux_error_z psf_flux_y psf_flux_error_y parallax parallax_error pmra pmra_error pmdec pmdec_error target_type stage
[from data line 1654]
_Sky_3296412312 2007 "Sky positions from PS1" 129.16327183351166 0.0296058342614032 1800.0 1 L r 20040392544 nan nan nan nan nan nan nan nan nan nan nan nan nan nan nan nan nan nan nan nan nan nan 1e-07 1e-07 0.0 0.0 0.0 0.0 2 0
_Sky_3296440479 2007 "Sky positions from PS1" 129.22383676209986 0.0070051132042899 1800.0 1 L r 20040420711 nan nan nan nan nan nan nan nan nan nan nan nan nan nan nan nan nan nan nan nan nan nan 1e-07 1e-07 0.0 0.0 0.0 0.0 2 0
_Sky_3296406718 2007 "Sky positions from PS1" 129.2521240330817 0.0078965033028629 1800.0 1 L r 20040386950 nan nan nan nan nan nan nan nan nan nan nan nan nan nan nan nan nan nan nan nan nan nan 1e-07 1e-07 0.0 0.0 0.0 0.0 2 0
_Sky_3296409335 2007 "Sky positions from PS1" 129.32396661577872 0.0082575804600128 1800.0 1 L r 20040389567 nan nan nan nan nan nan nan nan nan nan nan nan nan nan nan nan nan nan nan nan nan nan 1e-07 1e-07 0.0 0.0 0.0 0.0 2 0
_Sky_3296426613 2007 "Sky positions from PS1" 129.31358264434326 0.0748132340571015 1800.0 1 L r 20040406845 nan nan nan nan nan nan nan nan nan nan nan nan nan nan nan nan nan nan nan nan nan nan 1e-07 1e-07 0.0 0.0 0.0 0.0 2 0
_Sky_3296424940 2007 "Sky positions from PS1" 129.3622966711438 0.0753447061396854 1800.0 1 L r 20040405172 nan nan nan nan nan nan nan nan nan nan nan nan nan nan nan nan nan nan nan nan nan nan 1e-07 1e-07 0.0 0.0 0.0 0.0 2 0
_Sky_3296429548 2007 "Sky positions from PS1" 129.3528489386144 0.0943791512002815 1800.0 1 L r 20040409780 nan nan nan nan nan nan nan nan nan nan nan nan nan nan nan nan nan nan nan nan nan nan 1e-07 1e-07 0.0 0.0 0.0 0.0 2 0
_Sky_3296445477 2007 "Sky positions from PS1" 129.3242243316424 0.1391101746881209 1800.0 1 L r 20040425709 nan nan nan nan nan nan nan nan nan nan nan nan nan nan nan nan nan nan nan nan nan nan 1e-07 1e-07 0.0 0.0 0.0 0.0 2 0
_Sky_3296408402 2007 "Sky positions from PS1" 129.11540136528964 0.2816986842277893 1800.0 1 L r 20040388634 nan nan nan nan nan nan nan nan nan nan nan nan nan nan nan nan nan nan nan nan nan nan 1e-07 1e-07 0.0 0.0 0.0 0.0 2 0
_Sky_3296426753 2007 "Sky positions from PS1" 129.093958420507 0.2829226576290392 1800.0 1 L r 20040406985 nan nan nan nan nan nan nan nan nan nan nan nan nan nan nan nan nan nan nan nan nan nan 1e-07 1e-07 0.0 0.0 0.0 0.0 2 0
_Sky_3296415847 2007 "Sky positions from PS1" 129.1023918821109 0.3019453628413988 1800.0 1 L r 20040396079 nan nan nan nan nan nan nan nan nan nan nan nan nan nan nan nan nan nan nan nan nan nan 1e-07 1e-07 0.0 0.0 0.0 0.0 2 0
_Sky_3296419855 2007 "Sky positions from PS1" 129.1291871064125 0.3451154980556514 1800.0 1 L r 20040400087 nan nan nan nan nan nan nan nan nan nan nan nan nan nan nan nan nan nan nan nan nan nan 1e-07 1e-07 0.0 0.0 0.0 0.0 2 0
_Sky_3296436694 2007 "Sky positions from PS1" 129.16268846044883 0.281849250728873 1800.0 1 L r 20040416926 nan nan nan nan nan nan nan nan nan nan nan nan nan nan nan nan nan nan nan nan nan nan 1e-07 1e-07 0.0 0.0 0.0 0.0 2 0
_Sky_3296422208 2007 "Sky positions from PS1" 129.20137764860456 0.3022472157337688 1800.0 1 L r 20040402440 nan nan nan nan nan nan nan nan nan nan nan nan nan nan nan nan nan nan nan nan nan nan 1e-07 1e-07 0.0 0.0 0.0 0.0 2 0
_Sky_3296411936 2007 "Sky positions from PS1" 129.36131803125403 0.2420137944429466 1800.0 1 L r 20040392168 nan nan nan nan nan nan nan nan nan nan nan nan nan nan nan nan nan nan nan nan nan nan 1e-07 1e-07 0.0 0.0 0.0 0.0 2 0
_Sky_3296415076 2007 "Sky positions from PS1" 129.23930197654545 0.3250188828303915 1800.0 1 L r 20040395308 nan nan nan nan nan nan nan nan nan nan nan nan nan nan nan nan nan nan nan nan nan nan 1e-07 1e-07 0.0 0.0 0.0 0.0 2 0
_Sky_3296431576 2007 "Sky positions from PS1" 129.27589590094198 0.3041640729535552 1800.0 1 L r 20040411808 nan nan nan nan nan nan nan nan nan nan nan nan nan nan nan nan nan nan nan nan nan nan 1e-07 1e-07 0.0 0.0 0.0 0.0 2 0
_Sky_3296407132 2007 "Sky positions from PS1" 129.3374151296444 0.2836873177294943 1800.0 1 L r 20040387364 nan nan nan nan nan nan nan nan nan nan nan nan nan nan nan nan nan nan nan nan nan nan 1e-07 1e-07 0.0 0.0 0.0 0.0 2 0
_Sky_3296418855 2007 "Sky positions from PS1" 129.3236819227859 0.3045396972788152 1800.0 1 L r 20040399087 nan nan nan nan nan nan nan nan nan nan nan nan nan nan nan nan nan nan nan nan nan nan 1e-07 1e-07 0.0 0.0 0.0 0.0 2 0
_Sky_3296427720 2007 "Sky positions from PS1" 129.37545076628854 0.0529809614638081 1800.0 1 L r 20040407952 nan nan nan nan nan nan nan nan nan nan nan nan nan nan nan nan nan nan nan nan nan nan 1e-07 1e-07 0.0 0.0 0.0 0.0 2 0
_Sky_3296412062 2007 "Sky positions from PS1" 129.45985462510913 0.0309150455502108 1800.0 1 L r 20040392294 nan nan nan nan nan nan nan nan nan nan nan nan nan nan nan nan nan nan nan nan nan nan 1e-07 1e-07 0.0 0.0 0.0 0.0 2 0
_Sky_3296422920 2007 "Sky positions from PS1" 129.47413999445757 0.0091413936189303 1800.0 1 L r 20040403152 nan nan nan nan nan nan nan nan nan nan nan nan nan nan nan nan nan nan nan nan nan nan 1e-07 1e-07 0.0 0.0 0.0 0.0 2 0
_Sky_3296410697 2007 "Sky positions from PS1" 129.4868704782392 0.0302165135981128 1800.0 1 L r 20040390929 nan nan nan nan nan nan nan nan nan nan nan nan nan nan nan nan nan nan nan nan nan nan 1e-07 1e-07 0.0 0.0 0.0 0.0 2 0
_Sky_3296416660 2007 "Sky positions from PS1" 129.4371400480052 0.0734556184911032 1800.0 1 L r 20040396892 nan nan nan nan nan nan nan nan nan nan nan nan nan nan nan nan nan nan nan nan nan nan 1e-07 1e-07 0.0 0.0 0.0 0.0 2 0
_Sky_3296408518 2007 "Sky positions from PS1" 129.36273658091798 0.1566751198805092 1800.0 1 L r 20040388750 nan nan nan nan nan nan nan nan nan nan nan nan nan nan nan nan nan nan nan nan nan nan 1e-07 1e-07 0.0 0.0 0.0 0.0 2 0
_Sky_3296415387 2007 "Sky positions from PS1" 129.4130423816156 0.1569514398677212 1800.0 1 L r 20040395619 nan nan nan nan nan nan nan nan nan nan nan nan nan nan nan nan nan nan nan nan nan nan 1e-07 1e-07 0.0 0.0 0.0 0.0 2 0
_Sky_3296420145 2007 "Sky positions from PS1" 129.4742380647116 0.0932808742935561 1800.0 1 L r 20040400377 nan nan nan nan nan nan nan nan nan nan nan nan nan nan nan nan nan nan nan nan nan nan 1e-07 1e-07 0.0 0.0 0.0 0.0 2 0
_Sky_3296441134 2007 "Sky positions from PS1" 129.46139918454463 0.1576615184410141 1800.0 1 L r 20040421366 nan nan nan nan nan nan nan nan nan nan nan nan nan nan nan nan nan nan nan nan nan nan 1e-07 1e-07 0.0 0.0 0.0 0.0 2 0
_Sky_3296419379 2007 "Sky positions from PS1" 129.55035351724055 0.0096311625840415 1800.0 1 L r 20040399611 nan nan nan nan nan nan nan nan nan nan nan nan nan nan nan nan nan nan nan nan nan nan 1e-07 1e-07 0.0 0.0 0.0 0.0 2 0
_Sky_3296410660 2007 "Sky positions from PS1" 129.52384400727695 0.0506126124111186 1800.0 1 L r 20040390892 nan nan nan nan nan nan nan nan nan nan nan nan nan nan nan nan nan nan nan nan nan nan 1e-07 1e-07 0.0 0.0 0.0 0.0 2 0
_Sky_3296404849 2007 "Sky positions from PS1" 129.54718699643084 0.0524119657953165 1800.0 1 L r 20040385081 nan nan nan nan nan nan nan nan nan nan nan nan nan nan nan nan nan nan nan nan nan nan 1e-07 1e-07 0.0 0.0 0.0 0.0 2 0
_Sky_3296425322 2007 "Sky positions from PS1" 129.56047373781135 0.0742647012865762 1800.0 1 L r 20040405554 nan nan nan nan nan nan nan nan nan nan nan nan nan nan nan nan nan nan nan nan nan nan 1e-07 1e-07 0.0 0.0 0.0 0.0 2 0
_Sky_3296439081 2007 "Sky positions from PS1" 129.57243559630206 0.0510432449995195 1800.0 1 L r 20040419313 nan nan nan nan nan nan nan nan nan nan nan nan nan nan nan nan nan nan nan nan nan nan 1e-07 1e-07 0.0 0.0 0.0 0.0 2 0
_Sky_3296411584 2007 "Sky positions from PS1" 129.60927917723671 0.0743673277896924 1800.0 1 L r 20040391816 nan nan nan nan nan nan nan nan nan nan nan nan nan nan nan nan nan nan nan nan nan nan 1e-07 1e-07 0.0 0.0 0.0 0.0 2 0
_Sky_3296428552 2007 "Sky positions from PS1" 129.53622368554875 0.1149285231715281 1800.0 1 L r 20040408784 nan nan nan nan nan nan nan nan nan nan nan nan nan nan nan nan nan nan nan nan nan nan 1e-07 1e-07 0.0 0.0 0.0 0.0 2 0
_Sky_3296405104 2007 "Sky positions from PS1" 129.53347258999273 0.1587612324584942 1800.0 1 L r 20040385336 nan nan nan nan nan nan nan nan nan nan nan nan nan nan nan nan nan nan nan nan nan nan 1e-07 1e-07 0.0 0.0 0.0 0.0 2 0
_Sky_3296445956 2007 "Sky positions from PS1" 129.55870291443173 0.1590216711706883 1800.0 1 L r 20040426188 nan nan nan nan nan nan nan nan nan nan nan nan nan nan nan nan nan nan nan nan nan nan 1e-07 1e-07 0.0 0.0 0.0 0.0 2 0
_Sky_3296416209 2007 "Sky positions from PS1" 129.58526895749694 0.1147820348127638 1800.0 1 L r 20040396441 nan nan nan nan nan nan nan nan nan nan nan nan nan nan nan nan nan nan nan nan nan nan 1e-07 1e-07 0.0 0.0 0.0 0.0 2 0
_Sky_3296429036 2007 "Sky positions from PS1" 129.57254675520454 0.1360345876747613 1800.0 1 L r 20040409268 nan nan nan nan nan nan nan nan nan nan nan nan nan nan nan nan nan nan nan nan nan nan 1e-07 1e-07 0.0 0.0 0.0 0.0 2 0
_Sky_3296443138 2007 "Sky positions from PS1" 129.59723641504058 0.1353038215490698 1800.0 1 L r 20040423370 nan nan nan nan nan nan nan nan nan nan nan nan nan nan nan nan nan nan nan nan nan nan 1e-07 1e-07 0.0 0.0 0.0 0.0 2 0
_Sky_3296410012 2007 "Sky positions from PS1" 129.37473692510164 0.2203135581266892 1800.0 1 L r 20040390244 nan nan nan nan nan nan nan nan nan nan nan nan nan nan nan nan nan nan nan nan nan nan 1e-07 1e-07 0.0 0.0 0.0 0.0 2 0
_Sky_3296405825 2007 "Sky positions from PS1" 129.46175080961154 0.1997543271353987 1800.0 1 L r 20040386057 nan nan nan nan nan nan nan nan nan nan nan nan nan nan nan nan nan nan nan nan nan nan 1e-07 1e-07 0.0 0.0 0.0 0.0 2 0
_Sky_3296441905 2007 "Sky positions from PS1" 129.4484721469847 0.2201549371000967 1800.0 1 L r 20040422137 nan nan nan nan nan nan nan nan nan nan nan nan nan nan nan nan nan nan nan nan nan nan 1e-07 1e-07 0.0 0.0 0.0 0.0 2 0
_Sky_3296422934 2007 "Sky positions from PS1" 129.48543878629317 0.2431389019204559 1800.0 1 L r 20040403166 nan nan nan nan nan nan nan nan nan nan nan nan nan nan nan nan nan nan nan nan nan nan 1e-07 1e-07 0.0 0.0 0.0 0.0 2 0
_Sky_3296429183 2007 "Sky positions from PS1" 129.3872723705413 0.2862599166684499 1800.0 1 L r 20040409415 nan nan nan nan nan nan nan nan nan nan nan nan nan nan nan nan nan nan nan nan nan nan 1e-07 1e-07 0.0 0.0 0.0 0.0 2 0
_Sky_3296405664 2007 "Sky positions from PS1" 129.3723089245427 0.3445333597862479 1800.0 1 L r 20040385896 nan nan nan nan nan nan nan nan nan nan nan nan nan nan nan nan nan nan nan nan nan nan 1e-07 1e-07 0.0 0.0 0.0 0.0 2 0
_Sky_3296425115 2007 "Sky positions from PS1" 129.48567584071702 0.2840114001722368 1800.0 1 L r 20040405347 nan nan nan nan nan nan nan nan nan nan nan nan nan nan nan nan nan nan nan nan nan nan 1e-07 1e-07 0.0 0.0 0.0 0.0 2 0
_Sky_3296431862 2007 "Sky positions from PS1" 129.48203746572813 0.3248779061085719 1800.0 1 L r 20040412094 nan nan nan nan nan nan nan nan nan nan nan nan nan nan nan nan nan nan nan nan nan nan 1e-07 1e-07 0.0 0.0 0.0 0.0 2 0
_Sky_3296428817 2007 "Sky positions from PS1" 129.60678811482404 0.2428590683785076 1800.0 1 L r 20040409049 nan nan nan nan nan nan nan nan nan nan nan nan nan nan nan nan nan nan nan nan nan nan 1e-07 1e-07 0.0 0.0 0.0 0.0 2 0
_Sky_3296409226 2007 "Sky positions from PS1" 129.5334034598115 0.2849479255094465 1800.0 1 L r 20040389458 nan nan nan nan nan nan nan nan nan nan nan nan nan nan nan nan nan nan nan nan nan nan 1e-07 1e-07 0.0 0.0 0.0 0.0 2 0
_Sky_3296427162 2007 "Sky positions from PS1" 129.49731324010594 0.3055490817305129 1800.0 1 L r 20040407394 nan nan nan nan nan nan nan nan nan nan nan nan nan nan nan nan nan nan nan nan nan nan 1e-07 1e-07 0.0 0.0 0.0 0.0 2 0
_Sky_3296441299 2007 "Sky positions from PS1" 129.52164625327026 0.3054751289279375 1800.0 1 L r 20040421531 nan nan nan nan nan nan nan nan nan nan nan nan nan nan nan nan nan nan nan nan nan nan 1e-07 1e-07 0.0 0.0 0.0 0.0 2 0
_Sky_3296429313 2007 "Sky positions from PS1" 129.60492472457778 0.3233881678153844 1800.0 1 L r 20040409545 nan nan nan nan nan nan nan nan nan nan nan nan nan nan nan nan nan nan nan nan nan nan 1e-07 1e-07 0.0 0.0 0.0 0.0 2 0
_Sky_3296428394 2007 "Sky positions from PS1" 129.34849240339253 0.3468005515958302 1800.0 1 L r 20040408626 nan nan nan nan nan nan nan nan nan nan nan nan nan nan nan nan nan nan nan nan nan nan 1e-07 1e-07 0.0 0.0 0.0 0.0 2 0
_Sky_3296431464 2007 "Sky positions from PS1" 129.52036494020277 0.3465545836826954 1800.0 1 L r 20040411696 nan nan nan nan nan nan nan nan nan nan nan nan nan nan nan nan nan nan nan nan nan nan 1e-07 1e-07 0.0 0.0 0.0 0.0 2 0
_Sky_3296483982 2007 "Sky positions from PS1" 129.7082902262256 0.0299071922875525 1800.0 1 L r 20042519653 nan nan nan nan nan nan nan nan nan nan nan nan nan nan nan nan nan nan nan nan nan nan 1e-07 1e-07 0.0 0.0 0.0 0.0 2 0
_Sky_3296468078 2007 "Sky positions from PS1" 129.74434602053563 0.0067414448099628 1800.0 1 L r 20042503749 nan nan nan nan nan nan nan nan nan nan nan nan nan nan nan nan nan nan nan nan nan nan 1e-07 1e-07 0.0 0.0 0.0 0.0 2 0
_Sky_3296466811 2007 "Sky positions from PS1" 129.7209645489341 0.050871534304798 1800.0 1 L r 20042502482 nan nan nan nan nan nan nan nan nan nan nan nan nan nan nan nan nan nan nan nan nan nan 1e-07 1e-07 0.0 0.0 0.0 0.0 2 0
_Sky_3296463781 2007 "Sky positions from PS1" 129.73308140457183 0.0704513738015113 1800.0 1 L r 20042499452 nan nan nan nan nan nan nan nan nan nan nan nan nan nan nan nan nan nan nan nan nan nan 1e-07 1e-07 0.0 0.0 0.0 0.0 2 0
_Sky_3296452354 2007 "Sky positions from PS1" 129.64658408383357 0.0948530331165293 1800.0 1 L r 20042488025 nan nan nan nan nan nan nan nan nan nan nan nan nan nan nan nan nan nan nan nan nan nan 1e-07 1e-07 0.0 0.0 0.0 0.0 2 0
_Sky_3296434250 2007 "Sky positions from PS1" 129.63232760711844 0.11511851531495 1800.0 1 L r 20040414482 nan nan nan nan nan nan nan nan nan nan nan nan nan nan nan nan nan nan nan nan nan nan 1e-07 1e-07 0.0 0.0 0.0 0.0 2 0
_Sky_3296473531 2007 "Sky positions from PS1" 129.67059206903258 0.0931766221440531 1800.0 1 L r 20042509202 nan nan nan nan nan nan nan nan nan nan nan nan nan nan nan nan nan nan nan nan nan nan 1e-07 1e-07 0.0 0.0 0.0 0.0 2 0
_Sky_3296454537 2007 "Sky positions from PS1" 129.694758355746 0.0951358404686039 1800.0 1 L r 20042490208 nan nan nan nan nan nan nan nan nan nan nan nan nan nan nan nan nan nan nan nan nan nan 1e-07 1e-07 0.0 0.0 0.0 0.0 2 0
_Sky_3296447606 2007 "Sky positions from PS1" 129.71962310429075 0.094242597572098 1800.0 1 L r 20042483277 nan nan nan nan nan nan nan nan nan nan nan nan nan nan nan nan nan nan nan nan nan nan 1e-07 1e-07 0.0 0.0 0.0 0.0 2 0
_Sky_3296467806 2007 "Sky positions from PS1" 129.70816315818857 0.1578062233983458 1800.0 1 L r 20042503477 nan nan nan nan nan nan nan nan nan nan nan nan nan nan nan nan nan nan nan nan nan nan 1e-07 1e-07 0.0 0.0 0.0 0.0 2 0
_Sky_3296487851 2007 "Sky positions from PS1" 129.7813713754494 0.0278109648982623 1800.0 1 L r 20042523522 nan nan nan nan nan nan nan nan nan nan nan nan nan nan nan nan nan nan nan nan nan nan 1e-07 1e-07 0.0 0.0 0.0 0.0 2 0
_Sky_3296467933 2007 "Sky positions from PS1" 129.80621258625658 0.0700937789948654 1800.0 1 L r 20042503604 nan nan nan nan nan nan nan nan nan nan nan nan nan nan nan nan nan nan nan nan nan nan 1e-07 1e-07 0.0 0.0 0.0 0.0 2 0
_Sky_3296458654 2007 "Sky positions from PS1" 129.78146582596548 0.114313661843149 1800.0 1 L r 20042494325 nan nan nan nan nan nan nan nan nan nan nan nan nan nan nan nan nan nan nan nan nan nan 1e-07 1e-07 0.0 0.0 0.0 0.0 2 0
_Sky_3296471130 2007 "Sky positions from PS1" 129.81501487226922 0.0921401929815606 1800.0 1 L r 20042506801 nan nan nan nan nan nan nan nan nan nan nan nan nan nan nan nan nan nan nan nan nan nan 1e-07 1e-07 0.0 0.0 0.0 0.0 2 0
