output/Jan25/final_nf_input/field_b_L2_visit2_final_targets.ecsv
# %ECSV 1.0
# ---
# datatype:
# - {name: ob_code, datatype: string}
# - {name: catId, datatype: int32}
# - {name: description, datatype: string}
# - {name: R.A., datatype: float64}
# - {name: Dec., datatype: float64}
# - {name: Exposure Time, datatype: float64}
# - {name: Priority, datatype: int32}
# - {name: resolution, datatype: string}
# - {name: reference_arm, datatype: string}
# - {name: ID, datatype: int64}
# - {name: g_hsc, datatype: float64}
# - {name: g_hsc_err, datatype: float64}
# - {name: r2_hsc, datatype: float64}
# - {name: r2_hsc_err, datatype: float64}
# - {name: i2_hsc, datatype: float64}
# - {name: i2_hsc_err, datatype: float64}
# - {name: z_hsc, datatype: float64}
# - {name: z_hsc_err, datatype: float64}
# - {name: y_hsc, datatype: float64}
# - {name: y_hsc_err, datatype: float64}
# - {name: epoch, datatype: float64}
# - {name: input_catalog_id, datatype: float64}
# - {name: psf_flux_g, datatype: float64}
# - {name: psf_flux_error_g, datatype: float64}
# - {name: psf_flux_r, datatype: float64}
# - {name: psf_flux_error_r, datatype: float64}
# - {name: psf_flux_i, datatype: float64}
# - {name: psf_flux_error_i, datatype: float64}
# - {name: psf_flux_z, datatype: float64}
# - {name: psf_flux_error_z, datatype: float64}
# - {name: psf_flux_y, datatype: float64}
# - {name: psf_flux_error_y, datatype: float64}
# - {name: parallax, datatype: float64}
# - {name: parallax_error, datatype: float64}
# - {name: pmra, datatype: float64}
# - {name: pmra_error, datatype: float64}
# - {name: pmdec, datatype: float64}
# - {name: pmdec_error, datatype: float64}
# - {name: target_type, datatype: int32}
# - {name: stage, datatype: int32}
# schema: astropy-2.0
ob_code catId description R.A. Dec. "Exposure Time" Priority resolution reference_arm ID g_hsc g_hsc_err r2_hsc r2_hsc_err i2_hsc i2_hsc_err z_hsc z_hsc_err y_hsc y_hsc_err epoch input_catalog_id psf_flux_g psf_flux_error_g psf_flux_r psf_flux_error_r psf_flux_i psf_flux_error_i psf_flux_z psf_flux_error_z psf_flux_y psf_flux_error_y parallax parallax_error pmra pmra_error pmdec pmdec_error target_type stage
[from data line 1667]
_Sky_3284154026 2007 "Sky positions from PS1" 37.31261095403983 -0.3233572372080143 1800.0 1 L r 19400806227 nan nan nan nan nan nan nan nan nan nan nan nan nan nan nan nan nan nan nan nan nan nan 1e-07 1e-07 0.0 0.0 0.0 0.0 2 0
_Sky_3284137052 2007 "Sky positions from PS1" 37.3263314345858 -0.3003936592303226 1800.0 1 L r 19400789253 nan nan nan nan nan nan nan nan nan nan nan nan nan nan nan nan nan nan nan nan nan nan 1e-07 1e-07 0.0 0.0 0.0 0.0 2 0
_Sky_3284153284 2007 "Sky positions from PS1" 37.38795526830321 -0.320745574845163 1800.0 1 L r 19400805485 nan nan nan nan nan nan nan nan nan nan nan nan nan nan nan nan nan nan nan nan nan nan 1e-07 1e-07 0.0 0.0 0.0 0.0 2 0
_Sky_3284150563 2007 "Sky positions from PS1" 37.32405221510481 -0.2577317463279521 1800.0 1 L r 19400802764 nan nan nan nan nan nan nan nan nan nan nan nan nan nan nan nan nan nan nan nan nan nan 1e-07 1e-07 0.0 0.0 0.0 0.0 2 0
_Sky_3284146288 2007 "Sky positions from PS1" 37.34995484586423 -0.256161900642341 1800.0 1 L r 19400798489 nan nan nan nan nan nan nan nan nan nan nan nan nan nan nan nan nan nan nan nan nan nan 1e-07 1e-07 0.0 0.0 0.0 0.0 2 0
_Sky_3284125141 2007 "Sky positions from PS1" 37.29987764141895 -0.2123730406683831 1800.0 1 L r 19400777342 nan nan nan nan nan nan nan nan nan nan nan nan nan nan nan nan nan nan nan nan nan nan 1e-07 1e-07 0.0 0.0 0.0 0.0 2 0
_Sky_3284110963 2007 "Sky positions from PS1" 37.31326412750894 -0.1937459240450086 1800.0 1 L r 19400763164 nan nan nan nan nan nan nan nan nan nan nan nan nan nan nan nan nan nan nan nan nan nan 1e-07 1e-07 0.0 0.0 0.0 0.0 2 0
_Sky_3284113537 2007 "Sky positions from PS1" 37.387702941451366 -0.1925676405094962 1800.0 1 L r 19400765738 nan nan nan nan nan nan nan nan nan nan nan nan nan nan nan nan nan nan nan nan nan nan 1e-07 1e-07 0.0 0.0 0.0 0.0 2 0
_Sky_3284113084 2007 "Sky positions from PS1" 37.17529411333898 -0.1295143847497934 1800.0 1 L r 19400765285 nan nan nan nan nan nan nan nan nan nan nan nan nan nan nan nan nan nan nan nan nan nan 1e-07 1e-07 0.0 0.0 0.0 0.0 2 0
_Sky_3284154405 2007 "Sky positions from PS1" 37.16268592477544 -0.1073958315911117 1800.0 1 L r 19400806606 nan nan nan nan nan nan nan nan nan nan nan nan nan nan nan nan nan nan nan nan nan nan 1e-07 1e-07 0.0 0.0 0.0 0.0 2 0
_Sky_3284147302 2007 "Sky positions from PS1" 37.2745258351901 -0.1689248935568867 1800.0 1 L r 19400799503 nan nan nan nan nan nan nan nan nan nan nan nan nan nan nan nan nan nan nan nan nan nan 1e-07 1e-07 0.0 0.0 0.0 0.0 2 0
_Sky_3284148801 2007 "Sky positions from PS1" 37.21481061492655 -0.020627931305449 1800.0 1 L r 19400801002 nan nan nan nan nan nan nan nan nan nan nan nan nan nan nan nan nan nan nan nan nan nan 1e-07 1e-07 0.0 0.0 0.0 0.0 2 0
_Sky_3284123573 2007 "Sky positions from PS1" 37.2502866276137 -0.0413343782431328 1800.0 1 L r 19400775774 nan nan nan nan nan nan nan nan nan nan nan nan nan nan nan nan nan nan nan nan nan nan 1e-07 1e-07 0.0 0.0 0.0 0.0 2 0
_Sky_3284121026 2007 "Sky positions from PS1" 37.28713483184262 -0.0206630448699909 1800.0 1 L r 19400773227 nan nan nan nan nan nan nan nan nan nan nan nan nan nan nan nan nan nan nan nan nan nan 1e-07 1e-07 0.0 0.0 0.0 0.0 2 0
_Sky_3284139708 2007 "Sky positions from PS1" 37.38627271765166 -0.1495616200883484 1800.0 1 L r 19400791909 nan nan nan nan nan nan nan nan nan nan nan nan nan nan nan nan nan nan nan nan nan nan 1e-07 1e-07 0.0 0.0 0.0 0.0 2 0
_Sky_3284112973 2007 "Sky positions from PS1" 37.424555952496256 -0.1700416198499348 1800.0 1 L r 19400765174 nan nan nan nan nan nan nan nan nan nan nan nan nan nan nan nan nan nan nan nan nan nan 1e-07 1e-07 0.0 0.0 0.0 0.0 2 0
_Sky_3284118622 2007 "Sky positions from PS1" 37.43697958755509 -0.1046528516419829 1800.0 1 L r 19400770823 nan nan nan nan nan nan nan nan nan nan nan nan nan nan nan nan nan nan nan nan nan nan 1e-07 1e-07 0.0 0.0 0.0 0.0 2 0
_Sky_3284152459 2007 "Sky positions from PS1" 37.31212611887623 -0.0216753354842879 1800.0 1 L r 19400804660 nan nan nan nan nan nan nan nan nan nan nan nan nan nan nan nan nan nan nan nan nan nan 1e-07 1e-07 0.0 0.0 0.0 0.0 2 0
_Sky_3284136450 2007 "Sky positions from PS1" 37.35103369954928 -0.0420136445694302 1800.0 1 L r 19400788651 nan nan nan nan nan nan nan nan nan nan nan nan nan nan nan nan nan nan nan nan nan nan 1e-07 1e-07 0.0 0.0 0.0 0.0 2 0
_Sky_3284124407 2007 "Sky positions from PS1" 37.39908372582372 -0.0847204493126964 1800.0 1 L r 19400776608 nan nan nan nan nan nan nan nan nan nan nan nan nan nan nan nan nan nan nan nan nan nan 1e-07 1e-07 0.0 0.0 0.0 0.0 2 0
_Sky_3284156479 2007 "Sky positions from PS1" 37.4122440047969 -0.0188563235372459 1800.0 1 L r 19400808680 nan nan nan nan nan nan nan nan nan nan nan nan nan nan nan nan nan nan nan nan nan nan 1e-07 1e-07 0.0 0.0 0.0 0.0 2 0
_Sky_3284124754 2007 "Sky positions from PS1" 37.53677211855535 -0.6667930045746576 1800.0 1 L r 19400776955 nan nan nan nan nan nan nan nan nan nan nan nan nan nan nan nan nan nan nan nan nan nan 1e-07 1e-07 0.0 0.0 0.0 0.0 2 0
_Sky_3284121466 2007 "Sky positions from PS1" 37.5763123452108 -0.6878542778340822 1800.0 1 L r 19400773667 nan nan nan nan nan nan nan nan nan nan nan nan nan nan nan nan nan nan nan nan nan nan 1e-07 1e-07 0.0 0.0 0.0 0.0 2 0
_Sky_3284146896 2007 "Sky positions from PS1" 37.47452990721396 -0.5592919531705346 1800.0 1 L r 19400799097 nan nan nan nan nan nan nan nan nan nan nan nan nan nan nan nan nan nan nan nan nan nan 1e-07 1e-07 0.0 0.0 0.0 0.0 2 0
_Sky_3284140816 2007 "Sky positions from PS1" 37.53895978022966 -0.5776307908381463 1800.0 1 L r 19400793017 nan nan nan nan nan nan nan nan nan nan nan nan nan nan nan nan nan nan nan nan nan nan 1e-07 1e-07 0.0 0.0 0.0 0.0 2 0
_Sky_3284103333 2007 "Sky positions from PS1" 37.51248167683072 -0.5366517086016944 1800.0 1 L r 19400755534 nan nan nan nan nan nan nan nan nan nan nan nan nan nan nan nan nan nan nan nan nan nan 1e-07 1e-07 0.0 0.0 0.0 0.0 2 0
_Sky_3284156741 2007 "Sky positions from PS1" 37.562873593872624 -0.5364547088674575 1800.0 1 L r 19400808942 nan nan nan nan nan nan nan nan nan nan nan nan nan nan nan nan nan nan nan nan nan nan 1e-07 1e-07 0.0 0.0 0.0 0.0 2 0
_Sky_3284150916 2007 "Sky positions from PS1" 37.5867419701563 -0.6210098595567972 1800.0 1 L r 19400803117 nan nan nan nan nan nan nan nan nan nan nan nan nan nan nan nan nan nan nan nan nan nan 1e-07 1e-07 0.0 0.0 0.0 0.0 2 0
_Sky_3284113293 2007 "Sky positions from PS1" 37.62506346165791 -0.6453268792868767 1800.0 1 L r 19400765494 nan nan nan nan nan nan nan nan nan nan nan nan nan nan nan nan nan nan nan nan nan nan 1e-07 1e-07 0.0 0.0 0.0 0.0 2 0
_Sky_3284104285 2007 "Sky positions from PS1" 37.67329145732332 -0.6861972887285476 1800.0 1 L r 19400756486 nan nan nan nan nan nan nan nan nan nan nan nan nan nan nan nan nan nan nan nan nan nan 1e-07 1e-07 0.0 0.0 0.0 0.0 2 0
_Sky_3284101710 2007 "Sky positions from PS1" 37.599583353565215 -0.5586693915458477 1800.0 1 L r 19400753911 nan nan nan nan nan nan nan nan nan nan nan nan nan nan nan nan nan nan nan nan nan nan 1e-07 1e-07 0.0 0.0 0.0 0.0 2 0
_Sky_3284153310 2007 "Sky positions from PS1" 37.66364846913673 -0.5804495813915045 1800.0 1 L r 19400805511 nan nan nan nan nan nan nan nan nan nan nan nan nan nan nan nan nan nan nan nan nan nan 1e-07 1e-07 0.0 0.0 0.0 0.0 2 0
_Sky_3284127624 2007 "Sky positions from PS1" 37.713250737238496 -0.5792436309451632 1800.0 1 L r 19400779825 nan nan nan nan nan nan nan nan nan nan nan nan nan nan nan nan nan nan nan nan nan nan 1e-07 1e-07 0.0 0.0 0.0 0.0 2 0
_Sky_3284138505 2007 "Sky positions from PS1" 37.47597945826333 -0.5150579801191854 1800.0 1 L r 19400790706 nan nan nan nan nan nan nan nan nan nan nan nan nan nan nan nan nan nan nan nan nan nan 1e-07 1e-07 0.0 0.0 0.0 0.0 2 0
_Sky_3284140204 2007 "Sky positions from PS1" 37.48758810488312 -0.4930810060677231 1800.0 1 L r 19400792405 nan nan nan nan nan nan nan nan nan nan nan nan nan nan nan nan nan nan nan nan nan nan 1e-07 1e-07 0.0 0.0 0.0 0.0 2 0
_Sky_3284157364 2007 "Sky positions from PS1" 37.43969457342913 -0.4520110623917641 1800.0 1 L r 19400809565 nan nan nan nan nan nan nan nan nan nan nan nan nan nan nan nan nan nan nan nan nan nan 1e-07 1e-07 0.0 0.0 0.0 0.0 2 0
_Sky_3284114964 2007 "Sky positions from PS1" 37.4754179694126 -0.4746167794072795 1800.0 1 L r 19400767165 nan nan nan nan nan nan nan nan nan nan nan nan nan nan nan nan nan nan nan nan nan nan 1e-07 1e-07 0.0 0.0 0.0 0.0 2 0
_Sky_3284103246 2007 "Sky positions from PS1" 37.513721599249656 -0.4947519587069197 1800.0 1 L r 19400755447 nan nan nan nan nan nan nan nan nan nan nan nan nan nan nan nan nan nan nan nan nan nan 1e-07 1e-07 0.0 0.0 0.0 0.0 2 0
_Sky_3284154614 2007 "Sky positions from PS1" 37.56220508273736 -0.4923391197980415 1800.0 1 L r 19400806815 nan nan nan nan nan nan nan nan nan nan nan nan nan nan nan nan nan nan nan nan nan nan 1e-07 1e-07 0.0 0.0 0.0 0.0 2 0
_Sky_3284158421 2007 "Sky positions from PS1" 37.52513033524938 -0.4738481805839369 1800.0 1 L r 19400810622 nan nan nan nan nan nan nan nan nan nan nan nan nan nan nan nan nan nan nan nan nan nan 1e-07 1e-07 0.0 0.0 0.0 0.0 2 0
_Sky_3284120479 2007 "Sky positions from PS1" 37.57429117350287 -0.4743693600440264 1800.0 1 L r 19400772680 nan nan nan nan nan nan nan nan nan nan nan nan nan nan nan nan nan nan nan nan nan nan 1e-07 1e-07 0.0 0.0 0.0 0.0 2 0
_Sky_3284135738 2007 "Sky positions from PS1" 37.56368259568298 -0.4521303025535423 1800.0 1 L r 19400787939 nan nan nan nan nan nan nan nan nan nan nan nan nan nan nan nan nan nan nan nan nan nan 1e-07 1e-07 0.0 0.0 0.0 0.0 2 0
_Sky_3284122339 2007 "Sky positions from PS1" 37.47541658100966 -0.4308402487046678 1800.0 1 L r 19400774540 nan nan nan nan nan nan nan nan nan nan nan nan nan nan nan nan nan nan nan nan nan nan 1e-07 1e-07 0.0 0.0 0.0 0.0 2 0
_Sky_3284151695 2007 "Sky positions from PS1" 37.474061205768415 -0.3857612897883007 1800.0 1 L r 19400803896 nan nan nan nan nan nan nan nan nan nan nan nan nan nan nan nan nan nan nan nan nan nan 1e-07 1e-07 0.0 0.0 0.0 0.0 2 0
_Sky_3284149932 2007 "Sky positions from PS1" 37.60182205401924 -0.5154365725882091 1800.0 1 L r 19400802133 nan nan nan nan nan nan nan nan nan nan nan nan nan nan nan nan nan nan nan nan nan nan 1e-07 1e-07 0.0 0.0 0.0 0.0 2 0
_Sky_3284158248 2007 "Sky positions from PS1" 37.61205659736943 -0.4948535037693036 1800.0 1 L r 19400810449 nan nan nan nan nan nan nan nan nan nan nan nan nan nan nan nan nan nan nan nan nan nan 1e-07 1e-07 0.0 0.0 0.0 0.0 2 0
_Sky_3284128273 2007 "Sky positions from PS1" 37.61387556491312 -0.4515659868060632 1800.0 1 L r 19400780474 nan nan nan nan nan nan nan nan nan nan nan nan nan nan nan nan nan nan nan nan nan nan 1e-07 1e-07 0.0 0.0 0.0 0.0 2 0
_Sky_3284148493 2007 "Sky positions from PS1" 37.65007431452917 -0.5168290845614001 1800.0 1 L r 19400800694 nan nan nan nan nan nan nan nan nan nan nan nan nan nan nan nan nan nan nan nan nan nan 1e-07 1e-07 0.0 0.0 0.0 0.0 2 0
_Sky_3284151050 2007 "Sky positions from PS1" 37.70021752475967 -0.4309305864967199 1800.0 1 L r 19400803251 nan nan nan nan nan nan nan nan nan nan nan nan nan nan nan nan nan nan nan nan nan nan 1e-07 1e-07 0.0 0.0 0.0 0.0 2 0
_Sky_3284128710 2007 "Sky positions from PS1" 37.7124502099976 -0.4077319482442146 1800.0 1 L r 19400780911 nan nan nan nan nan nan nan nan nan nan nan nan nan nan nan nan nan nan nan nan nan nan 1e-07 1e-07 0.0 0.0 0.0 0.0 2 0
_Sky_3284149141 2007 "Sky positions from PS1" 37.71209847171928 -0.3639084392667026 1800.0 1 L r 19400801342 nan nan nan nan nan nan nan nan nan nan nan nan nan nan nan nan nan nan nan nan nan nan 1e-07 1e-07 0.0 0.0 0.0 0.0 2 0
_Sky_3284122003 2007 "Sky positions from PS1" 37.736517197960005 -0.6645427204637049 1800.0 1 L r 19400774204 nan nan nan nan nan nan nan nan nan nan nan nan nan nan nan nan nan nan nan nan nan nan 1e-07 1e-07 0.0 0.0 0.0 0.0 2 0
_Sky_3284124201 2007 "Sky positions from PS1" 37.74911581359945 -0.6436117789865186 1800.0 1 L r 19400776402 nan nan nan nan nan nan nan nan nan nan nan nan nan nan nan nan nan nan nan nan nan nan 1e-07 1e-07 0.0 0.0 0.0 0.0 2 0
_Sky_3284183117 2007 "Sky positions from PS1" 37.79741962913728 -0.6856011981813755 1800.0 1 L r 19402874798 nan nan nan nan nan nan nan nan nan nan nan nan nan nan nan nan nan nan nan nan nan nan 1e-07 1e-07 0.0 0.0 0.0 0.0 2 0
_Sky_3284202612 2007 "Sky positions from PS1" 37.82244269741519 -0.683460885507467 1800.0 1 L r 19402894293 nan nan nan nan nan nan nan nan nan nan nan nan nan nan nan nan nan nan nan nan nan nan 1e-07 1e-07 0.0 0.0 0.0 0.0 2 0
_Sky_3284214287 2007 "Sky positions from PS1" 37.83291157762387 -0.6613405487659589 1800.0 1 L r 19402905968 nan nan nan nan nan nan nan nan nan nan nan nan nan nan nan nan nan nan nan nan nan nan 1e-07 1e-07 0.0 0.0 0.0 0.0 2 0
_Sky_3284145447 2007 "Sky positions from PS1" 37.72332620994367 -0.5999861901985436 1800.0 1 L r 19400797648 nan nan nan nan nan nan nan nan nan nan nan nan nan nan nan nan nan nan nan nan nan nan 1e-07 1e-07 0.0 0.0 0.0 0.0 2 0
_Sky_3284102058 2007 "Sky positions from PS1" 37.74908201407556 -0.6005297229228581 1800.0 1 L r 19400754259 nan nan nan nan nan nan nan nan nan nan nan nan nan nan nan nan nan nan nan nan nan nan 1e-07 1e-07 0.0 0.0 0.0 0.0 2 0
_Sky_3284107956 2007 "Sky positions from PS1" 37.77347807224076 -0.5567819275094021 1800.0 1 L r 19400760157 nan nan nan nan nan nan nan nan nan nan nan nan nan nan nan nan nan nan nan nan nan nan 1e-07 1e-07 0.0 0.0 0.0 0.0 2 0
_Sky_3284199436 2007 "Sky positions from PS1" 37.820871439346526 -0.6002961330004177 1800.0 1 L r 19402891117 nan nan nan nan nan nan nan nan nan nan nan nan nan nan nan nan nan nan nan nan nan nan 1e-07 1e-07 0.0 0.0 0.0 0.0 2 0
_Sky_3284202308 2007 "Sky positions from PS1" 37.834336776730765 -0.6179648756464258 1800.0 1 L r 19402893989 nan nan nan nan nan nan nan nan nan nan nan nan nan nan nan nan nan nan nan nan nan nan 1e-07 1e-07 0.0 0.0 0.0 0.0 2 0
_Sky_3284180730 2007 "Sky positions from PS1" 37.79725508396164 -0.5565108751949405 1800.0 1 L r 19402872411 nan nan nan nan nan nan nan nan nan nan nan nan nan nan nan nan nan nan nan nan nan nan 1e-07 1e-07 0.0 0.0 0.0 0.0 2 0
_Sky_3284163513 2007 "Sky positions from PS1" 37.86911821047306 -0.6822875857003834 1800.0 1 L r 19402855194 nan nan nan nan nan nan nan nan nan nan nan nan nan nan nan nan nan nan nan nan nan nan 1e-07 1e-07 0.0 0.0 0.0 0.0 2 0
_Sky_3284175618 2007 "Sky positions from PS1" 37.86979881818177 -0.5563759427367984 1800.0 1 L r 19402867299 nan nan nan nan nan nan nan nan nan nan nan nan nan nan nan nan nan nan nan nan nan nan 1e-07 1e-07 0.0 0.0 0.0 0.0 2 0
_Sky_3284185337 2007 "Sky positions from PS1" 37.94223061908828 -0.5983447682220924 1800.0 1 L r 19402877018 nan nan nan nan nan nan nan nan nan nan nan nan nan nan nan nan nan nan nan nan nan nan 1e-07 1e-07 0.0 0.0 0.0 0.0 2 0
_Sky_3284215015 2007 "Sky positions from PS1" 37.95422111025842 -0.5748848642517436 1800.0 1 L r 19402906696 nan nan nan nan nan nan nan nan nan nan nan nan nan nan nan nan nan nan nan nan nan nan 1e-07 1e-07 0.0 0.0 0.0 0.0 2 0
_Sky_3284184092 2007 "Sky positions from PS1" 37.94284586827834 -0.5536658969766722 1800.0 1 L r 19402875773 nan nan nan nan nan nan nan nan nan nan nan nan nan nan nan nan nan nan nan nan nan nan 1e-07 1e-07 0.0 0.0 0.0 0.0 2 0
_Sky_3284165011 2007 "Sky positions from PS1" 37.93099514464788 -0.5321908120950247 1800.0 1 L r 19402856692 nan nan nan nan nan nan nan nan nan nan nan nan nan nan nan nan nan nan nan nan nan nan 1e-07 1e-07 0.0 0.0 0.0 0.0 2 0
_Sky_3284188847 2007 "Sky positions from PS1" 37.9792112448517 -0.5345275996715343 1800.0 1 L r 19402880528 nan nan nan nan nan nan nan nan nan nan nan nan nan nan nan nan nan nan nan nan nan nan 1e-07 1e-07 0.0 0.0 0.0 0.0 2 0
