output/Jan25/final_nf_input/field_a_L1_visit2_final_targets.ecsv
# %ECSV 1.0
# ---
# datatype:
# - {name: ob_code, datatype: string}
# - {name: catId, datatype: int32}
# - {name: description, datatype: string}
# - {name: R.A., datatype: float64}
# - {name: Dec., datatype: float64}
# - {name: Exposure Time, datatype: float64}
# - {name: Priority, datatype: int32}
# - {name: resolution, datatype: string}
# - {name: reference_arm, datatype: string}
# - {name: ID, datatype: int64}
# - {name: g_hsc, datatype: float64}
# - {name: g_hsc_err, datatype: float64}
# - {name: r2_hsc, datatype: float64}
# - {name: r2_hsc_err, datatype: float64}
# - {name: i2_hsc, datatype: float64}
# - {name: i2_hsc_err, datatype: float64}
# - {name: z_hsc, datatype: float64}
# - {name: z_hsc_err, datatype: float64}
# - {name: y_hsc, datatype: float64}
# - {name: y_hsc_err, datatype: float64}
# - {name: epoch, datatype: float64}
# - {name: input_catalog_id, datatype: float64}
# - {name: psf_flux_g, datatype: float64}
# - {name: psf_flux_error_g, datatype: float64}
# - {name: psf_flux_r, datatype: float64}
# - {name: psf_flux_error_r, datatype: float64}
# - {name: psf_flux_i, datatype: float64}
# - {name: psf_flux_error_i, datatype: float64}
# - {name: psf_flux_z, datatype: float64}
# - {name: psf_flux_error_z, datatype: float64}
# - {name: psf_flux_y, datatype: float64}
# - {name: psf_flux_error_y, datatype: float64}
# - {name: parallax, datatype: float64}
# - {name: parallax_error, datatype: float64}
# - {name: pmra, datatype: float64}
# - {name: pmra_error, datatype: float64}
# - {name: pmdec, datatype: float64}
# - {name: pmdec_error, datatype: float64}
# - {name: target_type, datatype: int32}
# - {name: stage, datatype: int32}
# schema: astropy-2.0
ob_code catId description R.A. Dec. "Exposure Time" Priority resolution reference_arm ID g_hsc g_hsc_err r2_hsc r2_hsc_err i2_hsc i2_hsc_err z_hsc z_hsc_err y_hsc y_hsc_err epoch input_catalog_id psf_flux_g psf_flux_error_g psf_flux_r psf_flux_error_r psf_flux_i psf_flux_error_i psf_flux_z psf_flux_error_z psf_flux_y psf_flux_error_y parallax parallax_error pmra pmra_error pmdec pmdec_error target_type stage
[from data line 413]
_Cos_38558111849537867 11 "HSC-SSP Public Data Release 4 (Wide)" 37.316518889419 -3.3730604715086057 1800.0 1 L r 38558111849537867 842.37286 29.154083 1205.7227 49.809002 3610.4438 96.72574 4816.8193 214.57819 2900.2346 251.5488 nan nan nan nan nan nan nan nan nan nan nan nan 1e-07 1e-07 0.0 0.0 0.0 0.0 1 0
_Cos_38558111849538417 11 "HSC-SSP Public Data Release 4 (Wide)" 37.365578078327395 -3.3674784449678428 1800.0 1 L r 38558111849538417 825.97107 20.279251 964.3476 32.629536 1604.8083 30.771101 1784.8075 71.57793 2210.4233 135.06978 nan nan nan nan nan nan nan nan nan nan nan nan 1e-07 1e-07 0.0 0.0 0.0 0.0 1 0
_Cos_38558111849538449 11 "HSC-SSP Public Data Release 4 (Wide)" 37.40516738204517 -3.366803342607199 1800.0 1 L r 38558111849538449 345.80084 16.65839 497.06387 31.499449 962.3108 26.355844 1568.1262 77.59419 1921.9211 146.58723 nan nan nan nan nan nan nan nan nan nan nan nan 1e-07 1e-07 0.0 0.0 0.0 0.0 1 0
_Cos_38558111849538762 11 "HSC-SSP Public Data Release 4 (Wide)" 37.405451138640686 -3.3602801192194587 1800.0 1 L r 38558111849538762 1007.8122 15.253793 1107.1287 25.955902 1156.1827 24.563772 1200.5757 63.68695 2035.894 130.81525 nan nan nan nan nan nan nan nan nan nan nan nan 1e-07 1e-07 0.0 0.0 0.0 0.0 1 0
_Cos_38558111849538794 11 "HSC-SSP Public Data Release 4 (Wide)" 37.43683917033032 -3.3612528050171293 1800.0 1 L r 38558111849538794 491.9101 18.280905 764.6628 30.65632 1592.5421 36.76781 2592.397 98.056015 2186.5884 158.37994 nan nan nan nan nan nan nan nan nan nan nan nan 1e-07 1e-07 0.0 0.0 0.0 0.0 1 0
_Cos_38558111849538946 11 "HSC-SSP Public Data Release 4 (Wide)" 37.3761270084784 -3.3557557064371353 1800.0 1 L r 38558111849538946 637.0233 28.554813 868.5649 44.38412 1454.613 63.99777 2074.9766 153.86615 1638.9319 200.70589 nan nan nan nan nan nan nan nan nan nan nan nan 1e-07 1e-07 0.0 0.0 0.0 0.0 1 0
_Cos_38558111849539465 11 "HSC-SSP Public Data Release 4 (Wide)" 37.31098454627997 -3.350607670844461 1800.0 1 L r 38558111849539465 1070.9507 20.636679 1453.868 31.2631 1670.7202 37.613186 3077.321 118.319954 2652.9592 145.95119 nan nan nan nan nan nan nan nan nan nan nan nan 1e-07 1e-07 0.0 0.0 0.0 0.0 1 0
_Cos_38558111849539791 11 "HSC-SSP Public Data Release 4 (Wide)" 37.329857442401625 -3.3457162218872813 1800.0 1 L r 38558111849539791 608.99 21.784002 866.71204 40.973347 1803.7087 46.26579 2957.0952 140.42494 1962.7994 183.72696 nan nan nan nan nan nan nan nan nan nan nan nan 1e-07 1e-07 0.0 0.0 0.0 0.0 1 0
_Cos_38558111849540742 11 "HSC-SSP Public Data Release 4 (Wide)" 37.31279835650359 -3.3276277171803414 1800.0 1 L r 38558111849540742 1705.3157 22.003876 2020.5582 36.325523 2971.5645 39.33691 3936.1533 100.28001 3653.2258 157.99652 nan nan nan nan nan nan nan nan nan nan nan nan 1e-07 1e-07 0.0 0.0 0.0 0.0 1 0
_Cos_38558111849540896 11 "HSC-SSP Public Data Release 4 (Wide)" 37.34131729192624 -3.3250069635290322 1800.0 1 L r 38558111849540896 571.9646 25.065748 615.5334 27.429821 1025.8109 40.38895 1099.9628 98.88254 1232.8412 167.79486 nan nan nan nan nan nan nan nan nan nan nan nan 1e-07 1e-07 0.0 0.0 0.0 0.0 1 0
_Cos_38558111849543073 11 "HSC-SSP Public Data Release 4 (Wide)" 37.378176191980174 -3.290561584832331 1800.0 1 L r 38558111849543073 679.72144 24.642834 931.7703 41.87966 2106.3242 49.414337 2580.7764 114.29433 2636.7715 181.82764 nan nan nan nan nan nan nan nan nan nan nan nan 1e-07 1e-07 0.0 0.0 0.0 0.0 1 0
_Cos_38558111849543169 11 "HSC-SSP Public Data Release 4 (Wide)" 37.393418594723165 -3.2888529056215843 1800.0 1 L r 38558111849543169 482.38876 17.430204 495.7833 29.554842 1095.0486 31.274128 1102.094 65.00119 1541.144 123.70845 nan nan nan nan nan nan nan nan nan nan nan nan 1e-07 1e-07 0.0 0.0 0.0 0.0 1 0
_Cos_38558111849543365 11 "HSC-SSP Public Data Release 4 (Wide)" 37.28890760430664 -3.2852733868415447 1800.0 1 L r 38558111849543365 724.0378 16.738682 934.3917 27.28688 1615.2795 29.066713 2482.7192 78.00699 3195.633 139.02345 nan nan nan nan nan nan nan nan nan nan nan nan 1e-07 1e-07 0.0 0.0 0.0 0.0 1 0
_Cos_38558111849543434 11 "HSC-SSP Public Data Release 4 (Wide)" 37.33972369120885 -3.2837194613989347 1800.0 1 L r 38558111849543434 567.7078 41.137352 570.5635 36.285465 1430.3048 65.690834 1479.6141 135.67041 2806.0686 368.832 nan nan nan nan nan nan nan nan nan nan nan nan 1e-07 1e-07 0.0 0.0 0.0 0.0 1 0
_Cos_38558111849544299 11 "HSC-SSP Public Data Release 4 (Wide)" 37.34324801518805 -3.2678169898575717 1800.0 1 L r 38558111849544299 1000.27515 25.055035 1329.4624 31.859425 1866.4302 35.00228 3320.8848 85.73794 4455.7476 178.41327 nan nan nan nan nan nan nan nan nan nan nan nan 1e-07 1e-07 0.0 0.0 0.0 0.0 1 0
_Cos_38558111849544380 11 "HSC-SSP Public Data Release 4 (Wide)" 37.41747898065663 -3.2660065755713603 1800.0 1 L r 38558111849544380 1347.405 26.18881 2299.529 44.95016 3611.196 52.83864 6463.957 112.46813 7340.692 191.91753 nan nan nan nan nan nan nan nan nan nan nan nan 1e-07 1e-07 0.0 0.0 0.0 0.0 1 0
_Cos_38558111849544589 11 "HSC-SSP Public Data Release 4 (Wide)" 37.33310236869115 -3.2632026116874644 1800.0 1 L r 38558111849544589 609.16095 18.51942 708.89484 36.814938 984.05286 31.198856 1355.6744 85.5519 956.6349 108.85673 nan nan nan nan nan nan nan nan nan nan nan nan 1e-07 1e-07 0.0 0.0 0.0 0.0 1 0
_Cos_38558111849544639 11 "HSC-SSP Public Data Release 4 (Wide)" 37.4199355511085 -3.2580357993825833 1800.0 1 L r 38558111849544639 723.06494 14.253404 830.41565 22.04683 932.441 25.606777 1093.3444 70.88972 1136.6172 116.73599 nan nan nan nan nan nan nan nan nan nan nan nan 1e-07 1e-07 0.0 0.0 0.0 0.0 1 0
_Cos_38558111849544894 11 "HSC-SSP Public Data Release 4 (Wide)" 37.31392629580455 -3.2586963633231143 1800.0 1 L r 38558111849544894 1499.8263 22.654333 1822.7924 38.699776 2354.8115 40.501476 3632.9446 110.47596 3326.1545 164.52061 nan nan nan nan nan nan nan nan nan nan nan nan 1e-07 1e-07 0.0 0.0 0.0 0.0 1 0
_Cos_38558116144481224 11 "HSC-SSP Public Data Release 4 (Wide)" 37.36724932506939 -3.2357430567455268 1800.0 1 L r 38558116144481224 283.7257 16.431133 392.33588 27.271032 943.37866 38.352554 1124.9226 101.082985 1280.8673 165.0315 nan nan nan nan nan nan nan nan nan nan nan nan 1e-07 1e-07 0.0 0.0 0.0 0.0 1 0
_Cos_38558116144482962 11 "HSC-SSP Public Data Release 4 (Wide)" 37.358866414915475 -3.197929832013655 1800.0 1 L r 38558116144482962 348.8799 23.335453 511.11887 38.497875 1006.5384 35.669506 1560.762 100.98795 1254.1299 128.75069 nan nan nan nan nan nan nan nan nan nan nan nan 1e-07 1e-07 0.0 0.0 0.0 0.0 1 0
_Cos_38558116144500344 11 "HSC-SSP Public Data Release 4 (Wide)" 37.34283787019108 -3.2443716344966056 1800.0 1 L r 38558116144500344 1196.8184 22.34873 1574.9731 32.292107 2988.9648 36.674538 4139.476 94.43978 4264.125 156.28981 nan nan nan nan nan nan nan nan nan nan nan nan 1e-07 1e-07 0.0 0.0 0.0 0.0 1 0
_Cos_38558116144500471 11 "HSC-SSP Public Data Release 4 (Wide)" 37.3789861264587 -3.2414369257953646 1800.0 1 L r 38558116144500471 1893.025 40.06222 1632.2722 49.310238 2192.727 56.636436 2292.626 119.81335 2320.4668 192.90094 nan nan nan nan nan nan nan nan nan nan nan nan 1e-07 1e-07 0.0 0.0 0.0 0.0 1 0
_Cos_38558116144500570 11 "HSC-SSP Public Data Release 4 (Wide)" 37.40494083221874 -3.2401174255627088 1800.0 1 L r 38558116144500570 842.25024 28.078348 890.7292 34.591297 1173.8207 54.56617 2124.8882 111.18259 1435.22 128.9693 nan nan nan nan nan nan nan nan nan nan nan nan 1e-07 1e-07 0.0 0.0 0.0 0.0 1 0
_Cos_38558116144500640 11 "HSC-SSP Public Data Release 4 (Wide)" 37.411363609309184 -3.240600295823995 1800.0 1 L r 38558116144500640 1014.46533 24.330528 1321.5916 36.040768 2273.3445 49.767883 3085.7383 104.64384 3208.954 175.21753 nan nan nan nan nan nan nan nan nan nan nan nan 1e-07 1e-07 0.0 0.0 0.0 0.0 1 0
_Cos_38558116144501078 11 "HSC-SSP Public Data Release 4 (Wide)" 37.30956612230868 -3.228934967003815 1800.0 1 L r 38558116144501078 837.93005 16.00197 1050.6182 25.641209 1128.4772 24.90662 1244.0702 66.56968 1670.0771 138.68855 nan nan nan nan nan nan nan nan nan nan nan nan 1e-07 1e-07 0.0 0.0 0.0 0.0 1 0
_Cos_38558116144501193 11 "HSC-SSP Public Data Release 4 (Wide)" 37.34887922056758 -3.224977584517003 1800.0 1 L r 38558116144501193 1021.8256 22.918854 1370.3457 31.900282 1714.9636 34.353413 3207.5735 93.4756 3181.5713 152.31071 nan nan nan nan nan nan nan nan nan nan nan nan 1e-07 1e-07 0.0 0.0 0.0 0.0 1 0
_Cos_38558116144502252 11 "HSC-SSP Public Data Release 4 (Wide)" 37.32358848363799 -3.207200571869191 1800.0 1 L r 38558116144502252 680.98553 15.61349 1056.8735 26.3165 1424.4576 26.512611 2253.6003 73.71463 2719.043 128.66344 nan nan nan nan nan nan nan nan nan nan nan nan 1e-07 1e-07 0.0 0.0 0.0 0.0 1 0
_Cos_38558116144502575 11 "HSC-SSP Public Data Release 4 (Wide)" 37.39008860527509 -3.198519269290363 1800.0 1 L r 38558116144502575 829.707 21.505367 1322.3579 37.580936 2176.239 41.239407 3801.6401 106.08841 3836.7205 150.06662 nan nan nan nan nan nan nan nan nan nan nan nan 1e-07 1e-07 0.0 0.0 0.0 0.0 1 0
_Cos_38558116144502719 11 "HSC-SSP Public Data Release 4 (Wide)" 37.294356694032366 -3.1968310380981 1800.0 1 L r 38558116144502719 863.7136 15.260821 899.91296 26.407206 1066.3044 27.377502 1657.2806 88.54108 1297.7758 96.61873 nan nan nan nan nan nan nan nan nan nan nan nan 1e-07 1e-07 0.0 0.0 0.0 0.0 1 0
_Cos_38558223518669826 11 "HSC-SSP Public Data Release 4 (Wide)" 37.173620683263145 -4.407918844568881 1800.0 1 L r 38558223518669826 606.42755 21.841734 832.1099 42.636787 965.784 28.992815 1054.5039 76.22788 1791.8427 152.10332 nan nan nan nan nan nan nan nan nan nan nan nan 1e-07 1e-07 0.0 0.0 0.0 0.0 1 0
_Cos_38558223518671374 11 "HSC-SSP Public Data Release 4 (Wide)" 37.186520487574555 -4.375465554258787 1800.0 1 L r 38558223518671374 876.9959 19.577745 1036.4324 44.255272 1713.8792 22.153645 2146.8574 70.58393 2468.415 153.34618 nan nan nan nan nan nan nan nan nan nan nan nan 1e-07 1e-07 0.0 0.0 0.0 0.0 1 0
_Cos_38558223518687793 11 "HSC-SSP Public Data Release 4 (Wide)" 37.22664829781904 -4.400757885987296 1800.0 1 L r 38558223518687793 1108.3462 35.10944 1430.5865 69.52437 2341.623 56.87232 4832.9805 155.88383 3484.9607 229.36475 nan nan nan nan nan nan nan nan nan nan nan nan 1e-07 1e-07 0.0 0.0 0.0 0.0 1 0
_Cos_38558223518687976 11 "HSC-SSP Public Data Release 4 (Wide)" 37.279523895902635 -4.396557093586937 1800.0 1 L r 38558223518687976 197.26692 14.7886095 306.07672 32.283173 1663.9342 24.100067 2512.1772 76.2716 3026.1155 162.16505 nan nan nan nan nan nan nan nan nan nan nan nan 1e-07 1e-07 0.0 0.0 0.0 0.0 1 0
_Cos_38558223518688508 11 "HSC-SSP Public Data Release 4 (Wide)" 37.100204967380016 -4.386731034127801 1800.0 1 L r 38558223518688508 512.6159 16.091944 812.53705 38.90595 1114.8818 24.597555 2034.7937 85.93601 2518.225 132.9157 nan nan nan nan nan nan nan nan nan nan nan nan 1e-07 1e-07 0.0 0.0 0.0 0.0 1 0
_Cos_38558223518688654 11 "HSC-SSP Public Data Release 4 (Wide)" 37.120899712180886 -4.38408338112291 1800.0 1 L r 38558223518688654 1013.61536 17.087786 1237.5498 35.952755 1358.9653 23.3733 1295.5566 69.35845 1512.5026 150.93416 nan nan nan nan nan nan nan nan nan nan nan nan 1e-07 1e-07 0.0 0.0 0.0 0.0 1 0
_Cos_38558223518688704 11 "HSC-SSP Public Data Release 4 (Wide)" 37.2436201847783 -4.383142650190644 1800.0 1 L r 38558223518688704 1117.3127 22.693413 1279.9014 47.422276 1393.2833 33.463814 1786.7653 112.363976 1588.2673 210.16716 nan nan nan nan nan nan nan nan nan nan nan nan 1e-07 1e-07 0.0 0.0 0.0 0.0 1 0
_Cos_38558223518688746 11 "HSC-SSP Public Data Release 4 (Wide)" 37.26028168873497 -4.381841860584444 1800.0 1 L r 38558223518688746 952.2558 26.09226 1218.9257 51.93984 2024.5938 44.08672 2309.908 114.26755 2721.8691 250.41173 nan nan nan nan nan nan nan nan nan nan nan nan 1e-07 1e-07 0.0 0.0 0.0 0.0 1 0
_Cos_38558227813632043 11 "HSC-SSP Public Data Release 4 (Wide)" 37.17189990202529 -4.331748734043376 1800.0 1 L r 38558227813632043 1059.7078 30.771221 1113.9513 47.23517 1231.9407 32.659313 1445.9933 87.934235 2105.7544 192.58505 nan nan nan nan nan nan nan nan nan nan nan nan 1e-07 1e-07 0.0 0.0 0.0 0.0 1 0
_Cos_38558227813633014 11 "HSC-SSP Public Data Release 4 (Wide)" 37.1544900698835 -4.311257090557393 1800.0 1 L r 38558227813633014 657.62384 22.82436 698.9418 47.473373 1176.6569 47.489677 1717.9366 99.40718 1534.6996 182.921 nan nan nan nan nan nan nan nan nan nan nan nan 1e-07 1e-07 0.0 0.0 0.0 0.0 1 0
_Cos_38558227813633555 11 "HSC-SSP Public Data Release 4 (Wide)" 37.23100148799054 -4.299872783054084 1800.0 1 L r 38558227813633555 453.7727 20.515116 595.7895 48.25766 1005.455 37.056194 1489.4677 94.30988 1646.2408 176.6242 nan nan nan nan nan nan nan nan nan nan nan nan 1e-07 1e-07 0.0 0.0 0.0 0.0 1 0
_Cos_38558227813634235 11 "HSC-SSP Public Data Release 4 (Wide)" 37.267814240686285 -4.284078657392178 1800.0 1 L r 38558227813634235 1113.4502 23.43358 1524.9717 58.95048 1665.7286 49.009937 1160.6411 86.83639 2038.493 188.51688 nan nan nan nan nan nan nan nan nan nan nan nan 1e-07 1e-07 0.0 0.0 0.0 0.0 1 0
_Cos_38558227813635202 11 "HSC-SSP Public Data Release 4 (Wide)" 37.223014042405175 -4.2634750788841105 1800.0 1 L r 38558227813635202 900.33356 21.352448 1056.7284 48.588455 1032.0305 41.577564 670.383 86.55971 1153.7472 211.87773 nan nan nan nan nan nan nan nan nan nan nan nan 1e-07 1e-07 0.0 0.0 0.0 0.0 1 0
_Cos_38558227813636054 11 "HSC-SSP Public Data Release 4 (Wide)" 37.23158867964408 -4.2444990709633545 1800.0 1 L r 38558227813636054 538.71466 15.63467 624.2721 38.16637 1132.4254 28.32343 1487.9266 93.34583 1762.7529 147.87183 nan nan nan nan nan nan nan nan nan nan nan nan 1e-07 1e-07 0.0 0.0 0.0 0.0 1 0
_Cos_38558227813637316 11 "HSC-SSP Public Data Release 4 (Wide)" 37.1582960623665 -4.217501538644247 1800.0 1 L r 38558227813637316 1614.2501 27.00667 1860.9509 46.180237 2949.5422 31.475554 3512.9612 88.02967 3704.2073 156.79933 nan nan nan nan nan nan nan nan nan nan nan nan 1e-07 1e-07 0.0 0.0 0.0 0.0 1 0
_Cos_38558227813638445 11 "HSC-SSP Public Data Release 4 (Wide)" 37.10317745756987 -4.194280824909388 1800.0 1 L r 38558227813638445 1138.8433 16.854837 1386.654 39.327713 1224.515 23.298162 1305.4312 78.58609 1726.9386 113.26952 nan nan nan nan nan nan nan nan nan nan nan nan 1e-07 1e-07 0.0 0.0 0.0 0.0 1 0
_Cos_38558227813649374 11 "HSC-SSP Public Data Release 4 (Wide)" 37.12008737565214 -4.36944827378726 1800.0 1 L r 38558227813649374 870.2632 30.875448 910.66486 56.3065 1883.0988 46.328117 2130.4648 114.54767 2888.7275 244.48839 nan nan nan nan nan nan nan nan nan nan nan nan 1e-07 1e-07 0.0 0.0 0.0 0.0 1 0
_Cos_38558227813649476 11 "HSC-SSP Public Data Release 4 (Wide)" 37.13583367098527 -4.36699511184861 1800.0 1 L r 38558227813649476 958.2749 24.117971 1143.4719 49.596973 1468.0438 39.91664 1361.1543 89.714966 1871.7938 175.25023 nan nan nan nan nan nan nan nan nan nan nan nan 1e-07 1e-07 0.0 0.0 0.0 0.0 1 0
_Cos_38558227813649603 11 "HSC-SSP Public Data Release 4 (Wide)" 37.17038271042029 -4.364153833026812 1800.0 1 L r 38558227813649603 643.30676 30.657862 832.7415 51.238293 1585.7314 31.453773 2219.398 88.955696 3387.9985 257.17657 nan nan nan nan nan nan nan nan nan nan nan nan 1e-07 1e-07 0.0 0.0 0.0 0.0 1 0
_Cos_38558227813649677 11 "HSC-SSP Public Data Release 4 (Wide)" 37.151012268184914 -4.362314355367769 1800.0 1 L r 38558227813649677 1501.8608 51.381134 1841.6576 74.09142 2979.0654 52.414978 5993.367 173.4714 6560.246 247.62111 nan nan nan nan nan nan nan nan nan nan nan nan 1e-07 1e-07 0.0 0.0 0.0 0.0 1 0
