output/Jan25/final_nf_input/field_e_L4_visit2_final_targets.ecsv
# %ECSV 1.0
# ---
# datatype:
# - {name: ob_code, datatype: string}
# - {name: catId, datatype: int32}
# - {name: description, datatype: string}
# - {name: R.A., datatype: float64}
# - {name: Dec., datatype: float64}
# - {name: Exposure Time, datatype: float64}
# - {name: Priority, datatype: int32}
# - {name: resolution, datatype: string}
# - {name: reference_arm, datatype: string}
# - {name: ID, datatype: int64}
# - {name: g_hsc, datatype: float64}
# - {name: g_hsc_err, datatype: float64}
# - {name: r2_hsc, datatype: float64}
# - {name: r2_hsc_err, datatype: float64}
# - {name: i2_hsc, datatype: float64}
# - {name: i2_hsc_err, datatype: float64}
# - {name: z_hsc, datatype: float64}
# - {name: z_hsc_err, datatype: float64}
# - {name: y_hsc, datatype: float64}
# - {name: y_hsc_err, datatype: float64}
# - {name: epoch, datatype: float64}
# - {name: input_catalog_id, datatype: float64}
# - {name: psf_flux_g, datatype: float64}
# - {name: psf_flux_error_g, datatype: float64}
# - {name: psf_flux_r, datatype: float64}
# - {name: psf_flux_error_r, datatype: float64}
# - {name: psf_flux_i, datatype: float64}
# - {name: psf_flux_error_i, datatype: float64}
# - {name: psf_flux_z, datatype: float64}
# - {name: psf_flux_error_z, datatype: float64}
# - {name: psf_flux_y, datatype: float64}
# - {name: psf_flux_error_y, datatype: float64}
# - {name: parallax, datatype: float64}
# - {name: parallax_error, datatype: float64}
# - {name: pmra, datatype: float64}
# - {name: pmra_error, datatype: float64}
# - {name: pmdec, datatype: float64}
# - {name: pmdec_error, datatype: float64}
# - {name: target_type, datatype: int32}
# - {name: stage, datatype: int32}
# schema: astropy-2.0
ob_code catId description R.A. Dec. "Exposure Time" Priority resolution reference_arm ID g_hsc g_hsc_err r2_hsc r2_hsc_err i2_hsc i2_hsc_err z_hsc z_hsc_err y_hsc y_hsc_err epoch input_catalog_id psf_flux_g psf_flux_error_g psf_flux_r psf_flux_error_r psf_flux_i psf_flux_error_i psf_flux_z psf_flux_error_z psf_flux_y psf_flux_error_y parallax parallax_error pmra pmra_error pmdec pmdec_error target_type stage
[from data line 1315]
_Star_3078220584509816064 3006 Fstar_v3.3 129.47417997263744 0.2238234862323784 1800.0 1 L r 3078220584509816064 nan nan nan nan nan nan nan nan nan nan 2016.0 3006.0 40348.4 231.93 52218.76 497.5 57558.09 892.16 58369.53 720.98 55099.36 2284.74 0.2001562039324501 0.46173388 -1.922329268411544 0.4557603 0.6827364245926311 0.30730918 3 0
_Star_3078219484998177024 3006 Fstar_v3.3 129.51681862339117 0.1813469260279676 1800.0 1 L r 3078219484998177024 nan nan nan nan nan nan nan nan nan nan 2016.0 3006.0 22512.65 373.37 30079.22 405.23 33252.62 631.68 32301.74 1080.08 35235.96 3992.5 -0.8993457352682981 0.8450360999999998 0.3401189394939032 0.84612405 -1.593893567721293 0.5803334 3 0
_Star_3078219588077399168 3006 Fstar_v3.3 129.55675023649496 0.205911307542901 1800.0 1 L r 3078219588077399168 nan nan nan nan nan nan nan nan nan nan 2016.0 3006.0 45292.49 570.42 61765.51 705.53 66195.19 931.71 69814.65 917.01 75673.95 3785.52 1.0681197672036995 0.50776935 -0.9323221678804544 0.47729734 -0.4035779191967767 0.31779724 3 0
_Star_3078220893747470336 3006 Fstar_v3.3 129.54765463860193 0.2576997622219717 1800.0 1 L r 3078220893747470336 nan nan nan nan nan nan nan nan nan nan 2016.0 3006.0 270985.76 1231.96 359738.14 2593.0 396192.45 1730.75 401667.11 2718.39 408193.65 3865.62 0.0468495414178684 0.11550883 -1.3742083061011896 0.115616925 0.7986892106657868 0.09285861 3 0
_Star_3078219794235832832 3006 Fstar_v3.3 129.5919257532 0.2199820112854819 1800.0 1 L r 3078219794235832832 nan nan nan nan nan nan nan nan nan nan 2016.0 3006.0 43071.13 1140.0 50195.7 1395.28 42841.65 718.74 45543.5 1746.51 60482.06 15588.78 0.169682793731158 0.4937723 0.1541923768497922 0.4915466 0.0509111734583939 0.33127624 3 0
_Star_3078224192282360704 3006 Fstar_v3.3 129.50618865763175 0.2804565619133679 1800.0 1 L r 3078224192282360704 nan nan nan nan nan nan nan nan nan nan 2016.0 3006.0 25430.0 357.0 33833.44 743.46 36558.34 633.46 34361.03 901.26 36491.03 1579.88 -0.6080429298186935 0.76057494 -0.1354835826611539 0.83924246 0.8150838447989385 0.65104795 3 0
_Star_3078222749173351936 3006 Fstar_v3.3 129.5837703461214 0.2894737937762279 1800.0 1 L r 3078222749173351936 nan nan nan nan nan nan nan nan nan nan 2016.0 3006.0 224009.26 1235.86 295492.47 2500.87 325106.7 1187.86 324389.01 2490.57 341150.86 5370.19 0.130170645854651 0.13228673 -0.1355177398402972 0.12951383 -0.3092543378858129 0.097171776 3 0
_Star_3078222852252572288 3006 Fstar_v3.3 129.5884683639078 0.3073183743817837 1800.0 1 L r 3078222852252572288 nan nan nan nan nan nan nan nan nan nan 2016.0 3006.0 512042.53 1358.7 669739.74 1896.21 721682.64 3812.69 736659.08 1464.86 743748.48 5480.14 0.5159786098357815 0.08420316 -2.268927055169676 0.0895088 1.842229242533736 0.06243466 3 0
_Star_3078222680453879040 3006 Fstar_v3.3 129.62002374481912 0.3032750235965666 1800.0 1 L r 3078222680453879040 nan nan nan nan nan nan nan nan nan nan 2016.0 3006.0 26758.78 1471.2 38656.86 1438.2 38957.09 845.03 32185.96 397.89 36957.79 1601.11 -0.3322770805604473 0.54979146 0.3816117892275994 0.6356274000000001 -0.1579676501052439 0.39959213 3 0
_Star_3078226150787470720 3006 Fstar_v3.3 129.54960150173034 0.3470487481711416 1800.0 1 L r 3078226150787470720 nan nan nan nan nan nan nan nan nan nan 2016.0 3006.0 261135.55 1331.49 318644.39 1081.48 333262.47 1497.9 327601.76 1629.96 335263.68 4209.72 0.1266727262809173 0.12431069 -2.518609582436844 0.11981551 1.335379960487129 0.09245122 3 0
_Star_3075205929785604352 3006 Fstar_v3.3 129.6422704328404 0.0051113801711895 1800.0 1 L r 3075205929785604352 nan nan nan nan nan nan nan nan nan nan 2016.0 3006.0 49379.42 712.49 63449.27 394.05 68332.37 832.65 68945.51 1051.77 58931.37 6255.73 0.0744045143306595 0.4233781 -0.4051008608126809 0.41780245 -3.739872025230933 0.30651954 3 0
_Star_3075210980667188352 3006 Fstar_v3.3 129.7294480894117 0.031661481926656 1800.0 1 L r 3075210980667188352 nan nan nan nan nan nan nan nan nan nan 2016.0 3006.0 53033.04 400.38 61856.61 1014.62 65933.48 576.12 66531.29 588.63 66134.17 2449.57 0.4732441826210172 0.35287458 -0.4826302696710453 0.37902275 -0.3087945922141175 0.3390200999999999 3 0
_Star_3075217474657920512 3006 Fstar_v3.3 129.73393395080748 0.1593769826781071 1800.0 1 L r 3075217474657920512 nan nan nan nan nan nan nan nan nan nan 2016.0 3006.0 80025.09 501.86 106990.73 634.61 116044.89 1036.43 119329.02 716.15 116023.48 2055.16 -0.2361615178443993 0.24170956 -2.192635947221675 0.27303296 0.4610336648776469 0.20190047 3 0
_Star_3075211633502280576 3006 Fstar_v3.3 129.77965386561476 0.0752788057369579 1800.0 1 L r 3075211633502280576 nan nan nan nan nan nan nan nan nan nan 2016.0 3006.0 105406.29 560.56 138275.74 864.88 154364.15 591.87 157625.4 1320.25 161415.96 4343.08 0.218726398874926 0.18094556 0.7308211462204355 0.196635 -4.451132544717965 0.16682315 3 0
_Star_3075217027981341312 3006 Fstar_v3.3 129.64491713270814 0.1737721447662617 1800.0 1 L r 3075217027981341312 nan nan nan nan nan nan nan nan nan nan 2016.0 3006.0 59635.7 734.04 75263.88 566.83 82145.98 775.36 84160.15 2050.41 86701.4 2754.04 -0.0019020594538515 0.39688903 0.3278317810604553 0.38001046 -5.007147629668423 0.22907169 3 0
_Star_3075217852615425152 3006 Fstar_v3.3 129.70363966996374 0.2032017934863837 1800.0 1 L r 3075217852615425152 nan nan nan nan nan nan nan nan nan nan 2016.0 3006.0 25324.83 474.8 34354.69 535.57 37714.34 531.19 37637.96 1136.1 37265.44 3994.96 0.2404502035242385 0.6239536999999999 -1.2223299413357542 0.7234537 -0.7478079870455576 0.48203892 3 0
_Star_3078223402008400000 3006 Fstar_v3.3 129.64797157494309 0.3444695438547629 1800.0 1 L r 3078223402008400000 nan nan nan nan nan nan nan nan nan nan 2016.0 3006.0 55917.29 849.98 75270.76 519.54 83442.33 990.25 87721.6 682.39 81851.4 1722.16 -0.2094205670229036 0.32726675 -1.5864198843473911 0.3408017 0.1507671089805694 0.27031222 3 0
_Star_3075218063068122240 3006 Fstar_v3.3 129.7750439762707 0.2029421286125498 1800.0 1 L r 3075218063068122240 nan nan nan nan nan nan nan nan nan nan 2016.0 3006.0 124115.49 371.52 177740.37 1057.86 202314.1 822.5 209694.15 1057.8 212454.72 3644.5 0.0300485791657797 0.16605344 -1.6072346299185674 0.18104166 -0.2400244011437709 0.14530645 3 0
_Sky_3286419873 2007 "Sky positions from PS1" 128.95782024951856 -0.7185993348452078 1800.0 1 L r 19530788129 nan nan nan nan nan nan nan nan nan nan nan nan nan nan nan nan nan nan nan nan nan nan 1e-07 1e-07 0.0 0.0 0.0 0.0 2 0
_Sky_3286450701 2007 "Sky positions from PS1" 128.98274394122865 -0.7623605755431623 1800.0 1 L r 19530818957 nan nan nan nan nan nan nan nan nan nan nan nan nan nan nan nan nan nan nan nan nan nan 1e-07 1e-07 0.0 0.0 0.0 0.0 2 0
_Sky_3286441911 2007 "Sky positions from PS1" 129.03082889070149 -0.7619863859052756 1800.0 1 L r 19530810167 nan nan nan nan nan nan nan nan nan nan nan nan nan nan nan nan nan nan nan nan nan nan 1e-07 1e-07 0.0 0.0 0.0 0.0 2 0
_Sky_3286417731 2007 "Sky positions from PS1" 128.7844502728424 -0.4642659977829309 1800.0 1 L r 19530785987 nan nan nan nan nan nan nan nan nan nan nan nan nan nan nan nan nan nan nan nan nan nan 1e-07 1e-07 0.0 0.0 0.0 0.0 2 0
_Sky_3286437772 2007 "Sky positions from PS1" 128.82186813440276 -0.4430957037400754 1800.0 1 L r 19530806028 nan nan nan nan nan nan nan nan nan nan nan nan nan nan nan nan nan nan nan nan nan nan 1e-07 1e-07 0.0 0.0 0.0 0.0 2 0
_Sky_3286415059 2007 "Sky positions from PS1" 128.78581566085109 -0.4219747278612608 1800.0 1 L r 19530783315 nan nan nan nan nan nan nan nan nan nan nan nan nan nan nan nan nan nan nan nan nan nan 1e-07 1e-07 0.0 0.0 0.0 0.0 2 0
_Sky_3286437034 2007 "Sky positions from PS1" 128.84438171347352 -0.5283897621411056 1800.0 1 L r 19530805290 nan nan nan nan nan nan nan nan nan nan nan nan nan nan nan nan nan nan nan nan nan nan 1e-07 1e-07 0.0 0.0 0.0 0.0 2 0
_Sky_3286425153 2007 "Sky positions from PS1" 128.96987795068208 -0.6569146331054442 1800.0 1 L r 19530793409 nan nan nan nan nan nan nan nan nan nan nan nan nan nan nan nan nan nan nan nan nan nan 1e-07 1e-07 0.0 0.0 0.0 0.0 2 0
_Sky_3286435941 2007 "Sky positions from PS1" 128.99324576797414 -0.6578226170320974 1800.0 1 L r 19530804197 nan nan nan nan nan nan nan nan nan nan nan nan nan nan nan nan nan nan nan nan nan nan 1e-07 1e-07 0.0 0.0 0.0 0.0 2 0
_Sky_3286418228 2007 "Sky positions from PS1" 128.98021992492417 -0.5942595435844652 1800.0 1 L r 19530786484 nan nan nan nan nan nan nan nan nan nan nan nan nan nan nan nan nan nan nan nan nan nan 1e-07 1e-07 0.0 0.0 0.0 0.0 2 0
_Sky_3286429873 2007 "Sky positions from PS1" 129.07706010945142 -0.5505624128044869 1800.0 1 L r 19530798129 nan nan nan nan nan nan nan nan nan nan nan nan nan nan nan nan nan nan nan nan nan nan 1e-07 1e-07 0.0 0.0 0.0 0.0 2 0
_Sky_3286450285 2007 "Sky positions from PS1" 129.02760161535153 -0.510352231780575 1800.0 1 L r 19530818541 nan nan nan nan nan nan nan nan nan nan nan nan nan nan nan nan nan nan nan nan nan nan 1e-07 1e-07 0.0 0.0 0.0 0.0 2 0
_Sky_3286416821 2007 "Sky positions from PS1" 129.05212472995396 -0.3827377494549345 1800.0 1 L r 19530785077 nan nan nan nan nan nan nan nan nan nan nan nan nan nan nan nan nan nan nan nan nan nan 1e-07 1e-07 0.0 0.0 0.0 0.0 2 0
_Sky_3286424035 2007 "Sky positions from PS1" 128.7376030804336 -0.2943214079113307 1800.0 1 L r 19530792291 nan nan nan nan nan nan nan nan nan nan nan nan nan nan nan nan nan nan nan nan nan nan 1e-07 1e-07 0.0 0.0 0.0 0.0 2 0
_Sky_3286408329 2007 "Sky positions from PS1" 128.72572102413224 -0.2737360836446666 1800.0 1 L r 19530776585 nan nan nan nan nan nan nan nan nan nan nan nan nan nan nan nan nan nan nan nan nan nan 1e-07 1e-07 0.0 0.0 0.0 0.0 2 0
_Sky_3286449031 2007 "Sky positions from PS1" 128.8077338694318 -0.3382441525456789 1800.0 1 L r 19530817287 nan nan nan nan nan nan nan nan nan nan nan nan nan nan nan nan nan nan nan nan nan nan 1e-07 1e-07 0.0 0.0 0.0 0.0 2 0
_Sky_3286439536 2007 "Sky positions from PS1" 128.81977048233747 -0.2724122826828672 1800.0 1 L r 19530807792 nan nan nan nan nan nan nan nan nan nan nan nan nan nan nan nan nan nan nan nan nan nan 1e-07 1e-07 0.0 0.0 0.0 0.0 2 0
_Sky_3286433123 2007 "Sky positions from PS1" 128.73689878944933 -0.210411333598819 1800.0 1 L r 19530801379 nan nan nan nan nan nan nan nan nan nan nan nan nan nan nan nan nan nan nan nan nan nan 1e-07 1e-07 0.0 0.0 0.0 0.0 2 0
_Sky_3286444319 2007 "Sky positions from PS1" 128.76058336194532 -0.2511737631874431 1800.0 1 L r 19530812575 nan nan nan nan nan nan nan nan nan nan nan nan nan nan nan nan nan nan nan nan nan nan 1e-07 1e-07 0.0 0.0 0.0 0.0 2 0
_Sky_3286426142 2007 "Sky positions from PS1" 128.78367709161003 -0.2502032084254982 1800.0 1 L r 19530794398 nan nan nan nan nan nan nan nan nan nan nan nan nan nan nan nan nan nan nan nan nan nan 1e-07 1e-07 0.0 0.0 0.0 0.0 2 0
_Sky_3286444289 2007 "Sky positions from PS1" 128.7131913928119 -0.1666472143254029 1800.0 1 L r 19530812545 nan nan nan nan nan nan nan nan nan nan nan nan nan nan nan nan nan nan nan nan nan nan 1e-07 1e-07 0.0 0.0 0.0 0.0 2 0
_Sky_3286442668 2007 "Sky positions from PS1" 128.7971407659034 -0.1457008490209989 1800.0 1 L r 19530810924 nan nan nan nan nan nan nan nan nan nan nan nan nan nan nan nan nan nan nan nan nan nan 1e-07 1e-07 0.0 0.0 0.0 0.0 2 0
_Sky_3286449463 2007 "Sky positions from PS1" 128.80882977234825 -0.1234784588491152 1800.0 1 L r 19530817719 nan nan nan nan nan nan nan nan nan nan nan nan nan nan nan nan nan nan nan nan nan nan 1e-07 1e-07 0.0 0.0 0.0 0.0 2 0
_Sky_3286448929 2007 "Sky positions from PS1" 128.82112495626285 -0.1018527978868204 1800.0 1 L r 19530817185 nan nan nan nan nan nan nan nan nan nan nan nan nan nan nan nan nan nan nan nan nan nan 1e-07 1e-07 0.0 0.0 0.0 0.0 2 0
_Sky_3286443523 2007 "Sky positions from PS1" 128.77230668685664 -0.0593340605492807 1800.0 1 L r 19530811779 nan nan nan nan nan nan nan nan nan nan nan nan nan nan nan nan nan nan nan nan nan nan 1e-07 1e-07 0.0 0.0 0.0 0.0 2 0
_Sky_3286439935 2007 "Sky positions from PS1" 128.90447712119555 -0.3378671617194099 1800.0 1 L r 19530808191 nan nan nan nan nan nan nan nan nan nan nan nan nan nan nan nan nan nan nan nan nan nan 1e-07 1e-07 0.0 0.0 0.0 0.0 2 0
_Sky_3286424257 2007 "Sky positions from PS1" 128.91602957716728 -0.2733448439860613 1800.0 1 L r 19530792513 nan nan nan nan nan nan nan nan nan nan nan nan nan nan nan nan nan nan nan nan nan nan 1e-07 1e-07 0.0 0.0 0.0 0.0 2 0
_Sky_3286424371 2007 "Sky positions from PS1" 128.94102502593265 -0.2733896670181758 1800.0 1 L r 19530792627 nan nan nan nan nan nan nan nan nan nan nan nan nan nan nan nan nan nan nan nan nan nan 1e-07 1e-07 0.0 0.0 0.0 0.0 2 0
_Sky_3286424582 2007 "Sky positions from PS1" 128.855712666546 -0.2501757883248317 1800.0 1 L r 19530792838 nan nan nan nan nan nan nan nan nan nan nan nan nan nan nan nan nan nan nan nan nan nan 1e-07 1e-07 0.0 0.0 0.0 0.0 2 0
_Sky_3286410732 2007 "Sky positions from PS1" 128.85672245623385 -0.2080229164283452 1800.0 1 L r 19530778988 nan nan nan nan nan nan nan nan nan nan nan nan nan nan nan nan nan nan nan nan nan nan 1e-07 1e-07 0.0 0.0 0.0 0.0 2 0
_Sky_3286434920 2007 "Sky positions from PS1" 128.91530801217203 -0.2289023471158396 1800.0 1 L r 19530803176 nan nan nan nan nan nan nan nan nan nan nan nan nan nan nan nan nan nan nan nan nan nan 1e-07 1e-07 0.0 0.0 0.0 0.0 2 0
_Sky_3286408985 2007 "Sky positions from PS1" 128.92705212001042 -0.250639446620083 1800.0 1 L r 19530777241 nan nan nan nan nan nan nan nan nan nan nan nan nan nan nan nan nan nan nan nan nan nan 1e-07 1e-07 0.0 0.0 0.0 0.0 2 0
_Sky_3286428942 2007 "Sky positions from PS1" 128.90407604967055 -0.2068154001939063 1800.0 1 L r 19530797198 nan nan nan nan nan nan nan nan nan nan nan nan nan nan nan nan nan nan nan nan nan nan 1e-07 1e-07 0.0 0.0 0.0 0.0 2 0
_Sky_3286450650 2007 "Sky positions from PS1" 128.96482826414558 -0.2713296389399272 1800.0 1 L r 19530818906 nan nan nan nan nan nan nan nan nan nan nan nan nan nan nan nan nan nan nan nan nan nan 1e-07 1e-07 0.0 0.0 0.0 0.0 2 0
_Sky_3286436111 2007 "Sky positions from PS1" 128.98933179976282 -0.2718244352789605 1800.0 1 L r 19530804367 nan nan nan nan nan nan nan nan nan nan nan nan nan nan nan nan nan nan nan nan nan nan 1e-07 1e-07 0.0 0.0 0.0 0.0 2 0
_Sky_3286447998 2007 "Sky positions from PS1" 129.0509703239361 -0.3364046301737173 1800.0 1 L r 19530816254 nan nan nan nan nan nan nan nan nan nan nan nan nan nan nan nan nan nan nan nan nan nan 1e-07 1e-07 0.0 0.0 0.0 0.0 2 0
_Sky_3286415057 2007 "Sky positions from PS1" 128.9646839751472 -0.2287006806269174 1800.0 1 L r 19530783313 nan nan nan nan nan nan nan nan nan nan nan nan nan nan nan nan nan nan nan nan nan nan 1e-07 1e-07 0.0 0.0 0.0 0.0 2 0
_Sky_3286421095 2007 "Sky positions from PS1" 129.01485349167362 -0.2282049472071333 1800.0 1 L r 19530789351 nan nan nan nan nan nan nan nan nan nan nan nan nan nan nan nan nan nan nan nan nan nan 1e-07 1e-07 0.0 0.0 0.0 0.0 2 0
_Sky_3286414489 2007 "Sky positions from PS1" 129.0387607805764 -0.1857397661216858 1800.0 1 L r 19530782745 nan nan nan nan nan nan nan nan nan nan nan nan nan nan nan nan nan nan nan nan nan nan 1e-07 1e-07 0.0 0.0 0.0 0.0 2 0
_Sky_3286439418 2007 "Sky positions from PS1" 128.94076013688473 -0.1013158085782219 1800.0 1 L r 19530807674 nan nan nan nan nan nan nan nan nan nan nan nan nan nan nan nan nan nan nan nan nan nan 1e-07 1e-07 0.0 0.0 0.0 0.0 2 0
_Sky_3286417441 2007 "Sky positions from PS1" 128.88154362203608 -0.0797429248773746 1800.0 1 L r 19530785697 nan nan nan nan nan nan nan nan nan nan nan nan nan nan nan nan nan nan nan nan nan nan 1e-07 1e-07 0.0 0.0 0.0 0.0 2 0
