output/Jan25/final_nf_input/field_e_L1_visit2_final_targets.ecsv
# %ECSV 1.0
# ---
# datatype:
# - {name: ob_code, datatype: string}
# - {name: catId, datatype: int32}
# - {name: description, datatype: string}
# - {name: R.A., datatype: float64}
# - {name: Dec., datatype: float64}
# - {name: Exposure Time, datatype: float64}
# - {name: Priority, datatype: int32}
# - {name: resolution, datatype: string}
# - {name: reference_arm, datatype: string}
# - {name: ID, datatype: int64}
# - {name: g_hsc, datatype: float64}
# - {name: g_hsc_err, datatype: float64}
# - {name: r2_hsc, datatype: float64}
# - {name: r2_hsc_err, datatype: float64}
# - {name: i2_hsc, datatype: float64}
# - {name: i2_hsc_err, datatype: float64}
# - {name: z_hsc, datatype: float64}
# - {name: z_hsc_err, datatype: float64}
# - {name: y_hsc, datatype: float64}
# - {name: y_hsc_err, datatype: float64}
# - {name: epoch, datatype: float64}
# - {name: input_catalog_id, datatype: float64}
# - {name: psf_flux_g, datatype: float64}
# - {name: psf_flux_error_g, datatype: float64}
# - {name: psf_flux_r, datatype: float64}
# - {name: psf_flux_error_r, datatype: float64}
# - {name: psf_flux_i, datatype: float64}
# - {name: psf_flux_error_i, datatype: float64}
# - {name: psf_flux_z, datatype: float64}
# - {name: psf_flux_error_z, datatype: float64}
# - {name: psf_flux_y, datatype: float64}
# - {name: psf_flux_error_y, datatype: float64}
# - {name: parallax, datatype: float64}
# - {name: parallax_error, datatype: float64}
# - {name: pmra, datatype: float64}
# - {name: pmra_error, datatype: float64}
# - {name: pmdec, datatype: float64}
# - {name: pmdec_error, datatype: float64}
# - {name: target_type, datatype: int32}
# - {name: stage, datatype: int32}
# schema: astropy-2.0
ob_code catId description R.A. Dec. "Exposure Time" Priority resolution reference_arm ID g_hsc g_hsc_err r2_hsc r2_hsc_err i2_hsc i2_hsc_err z_hsc z_hsc_err y_hsc y_hsc_err epoch input_catalog_id psf_flux_g psf_flux_error_g psf_flux_r psf_flux_error_r psf_flux_i psf_flux_error_i psf_flux_z psf_flux_error_z psf_flux_y psf_flux_error_y parallax parallax_error pmra pmra_error pmdec pmdec_error target_type stage
[from data line 1341]
_Star_3075724967993411328 3006 Fstar_v3.3 132.08867878534426 1.2141642092022151 1800.0 1 L r 3075724967993411328 nan nan nan nan nan nan nan nan nan nan 2016.0 3006.0 138543.45 2199.11 174464.29 862.73 192143.75 2066.84 193528.94 1044.53 201254.91 6856.93 0.0960418115591077 0.15777752 -1.6945058826605264 0.1822368 1.0879703447153546 0.13570467 3 0
_Star_3075725139792125952 3006 Fstar_v3.3 132.11977225023028 1.2407578069331229 1800.0 1 L r 3075725139792125952 nan nan nan nan nan nan nan nan nan nan 2016.0 3006.0 42129.49 340.07 61317.71 491.62 69686.11 619.05 72809.18 994.83 72068.68 1486.53 -0.3635061470224219 0.40671474 0.5643529377072485 0.4548289000000001 -0.1029030791930711 0.40136307 3 0
_Star_3075728438327042560 3006 Fstar_v3.3 132.07234334434432 1.2741711935222575 1800.0 1 L r 3075728438327042560 nan nan nan nan nan nan nan nan nan nan 2016.0 3006.0 216563.99 671.39 295329.0 1179.15 334030.89 1317.07 342883.06 2125.7 343167.49 3389.21 0.2660611218806297 0.11601987 -2.749843134558745 0.13036089 -1.0260328855367715 0.100312494 3 0
_Star_3075728644485484544 3006 Fstar_v3.3 132.07415740868615 1.2878835656324636 1800.0 1 L r 3075728644485484544 nan nan nan nan nan nan nan nan nan nan 2016.0 3006.0 481400.19 3716.46 605935.16 1141.29 644623.35 1741.38 650348.15 3785.04 645990.51 4920.48 0.1214476126129661 0.0734113159999999 -2.585972030003304 0.0956563 1.1047142178813545 0.065858684 3 0
_Star_3075822588306038528 3006 Fstar_v3.3 132.08080588926106 1.3105295357936342 1800.0 1 L r 3075822588306038528 nan nan nan nan nan nan nan nan nan nan 2016.0 3006.0 33449.24 625.99 44650.52 502.5 49694.27 480.54 45783.19 2921.69 56653.42 2275.3 -0.6749174777096782 0.47486115 -2.572627553874536 0.54056305 -2.082186118439485 0.4023445 3 0
_Star_3075514347092239104 3006 Fstar_v3.3 132.2718105032034 0.826203190479875 1800.0 1 L r 3075514347092239104 nan nan nan nan nan nan nan nan nan nan 2016.0 3006.0 515212.32 2220.79 699240.08 1653.85 786731.28 1568.05 793718.12 2690.96 805426.95 5114.89 0.3348280680753345 0.06144856 -3.779572557295952 0.07158347 1.9901229996311305 0.057408288 3 0
_Star_3075508810879625088 3006 Fstar_v3.3 132.2343445008659 0.8472548873063676 1800.0 1 L r 3075508810879625088 nan nan nan nan nan nan nan nan nan nan 2016.0 3006.0 279528.5 2842.31 391909.59 2211.61 451675.0 2454.86 455980.14 2853.72 472962.29 3606.02 0.3556590285534353 0.093704335 -4.863352541700519 0.10964841 -4.314880894530152 0.081559725 3 0
_Star_3075528499009781248 3006 Fstar_v3.3 132.22856449419086 0.9766473873617748 1800.0 1 L r 3075528499009781248 nan nan nan nan nan nan nan nan nan nan 2016.0 3006.0 76430.4 378.94 97397.2 953.58 104989.55 1225.66 101509.35 534.41 107286.79 4769.3 -0.4350176965345894 0.2501881 -1.84293936045026 0.33707106 0.0315896078792982 0.2173423 3 0
_Star_3075516473101343616 3006 Fstar_v3.3 132.26775368973642 0.9569548059249636 1800.0 1 L r 3075516473101343616 nan nan nan nan nan nan nan nan nan nan 2016.0 3006.0 232930.37 1211.49 315606.52 1167.1 356735.64 2015.75 354867.38 4125.44 369646.08 3357.92 0.2040308358640247 0.10275475 0.0901319960394334 0.12750192 -3.042319616938965 0.095207125 3 0
_Star_3075511662737902464 3006 Fstar_v3.3 132.35668189866925 0.837207657759011 1800.0 1 L r 3075511662737902464 nan nan nan nan nan nan nan nan nan nan 2016.0 3006.0 65220.85 634.71 97370.17 587.32 113361.59 540.11 117475.14 972.38 121704.39 2529.96 0.0707548174344706 0.2267049 3.187522944825802 0.27395496 -2.8373815445980983 0.22209476 3 0
_Star_3075512109414531840 3006 Fstar_v3.3 132.35923651196055 0.8870588516969519 1800.0 1 L r 3075512109414531840 nan nan nan nan nan nan nan nan nan nan 2016.0 3006.0 322868.77 1895.75 448648.57 1291.31 509736.86 1481.23 511241.68 2136.81 529841.5 3672.22 0.3828365998251752 0.084166564 1.177782882712232 0.09864575 -3.23186700438003 0.080108106 3 0
_Star_3075516610540272512 3006 Fstar_v3.3 132.34248591352352 0.9147070693939788 1800.0 1 L r 3075516610540272512 nan nan nan nan nan nan nan nan nan nan 2016.0 3006.0 38196.75 374.64 48814.23 586.9 53780.69 476.27 52590.41 1547.43 57436.27 1463.76 -0.2993215606731203 0.3755048 -0.7635610849587798 0.4389314 -2.7278647787269388 0.3571636 3 0
_Star_3075465208370871040 3006 Fstar_v3.3 132.4623587091334 0.824062390471043 1800.0 1 L r 3075465208370871040 nan nan nan nan nan nan nan nan nan nan 2016.0 3006.0 52556.51 389.96 69142.74 585.82 72728.77 752.38 75042.35 1592.03 75771.59 2675.33 0.4375085258083842 0.3313027999999999 -2.084440305875625 0.40668324 0.0668830133467627 0.27739793 3 0
_Star_3075555127810057728 3006 Fstar_v3.3 132.66820561702497 0.8103905075974174 1800.0 1 L r 3075555127810057728 nan nan nan nan nan nan nan nan nan nan 2016.0 3006.0 63601.37 251.77 88061.59 488.51 99978.5 488.41 103035.4 697.41 112301.75 4801.39 -0.1844964771073582 0.26104376 -0.9398429507260324 0.2650422 -2.8458616906718315 0.20674725 3 0
_Star_3075512972702675840 3006 Fstar_v3.3 132.48036438196658 0.8848718438865223 1800.0 1 L r 3075512972702675840 nan nan nan nan nan nan nan nan nan nan 2016.0 3006.0 166228.65 3975.91 233037.6 951.69 249290.71 4979.68 254066.03 3013.96 287386.28 2817.92 -0.2868142661671953 0.14280486 -0.0164897287555217 0.15733482 -0.0944616338266776 0.10511513 3 0
_Star_3075512934047481472 3006 Fstar_v3.3 132.52044106039384 0.904610216257202 1800.0 1 L r 3075512934047481472 nan nan nan nan nan nan nan nan nan nan 2016.0 3006.0 38831.71 652.86 56773.58 514.59 65040.87 681.48 66067.28 1174.04 75312.42 2332.34 -0.1187365808792989 0.38657326 -2.3941601382336333 0.42841473 -2.9138515905237705 0.2893431 3 0
_Star_3075559152191155200 3006 Fstar_v3.3 132.65401695430617 0.8853530475754642 1800.0 1 L r 3075559152191155200 nan nan nan nan nan nan nan nan nan nan 2016.0 3006.0 261858.16 2627.9 347749.35 1327.92 386176.95 1697.32 392524.19 3625.77 397325.07 3082.4 0.1763388078011383 0.112045765 -0.659858310053099 0.11581773 0.6920107651842075 0.07977229 3 0
_Star_3075606907932005632 3006 Fstar_v3.3 132.55375834329558 0.93394154561074 1800.0 1 L r 3075606907932005632 nan nan nan nan nan nan nan nan nan nan 2016.0 3006.0 21748.36 352.79 28336.52 359.64 31196.51 338.39 33705.95 929.44 39151.32 2837.79 0.1388594284553172 0.681492 3.711990795513044 0.73856044 -3.0290574401259347 0.5919026 3 0
_Star_3075560453565572352 3006 Fstar_v3.3 132.61501136853468 0.953727661046111 1800.0 1 L r 3075560453565572352 nan nan nan nan nan nan nan nan nan nan 2016.0 3006.0 78607.92 581.23 100838.4 799.38 111559.46 665.0 112550.2 937.32 117226.52 2444.97 0.0112721349432321 0.24420877 -0.2674078242786037 0.26112455 -5.512236445387205 0.17927767 3 0
_Star_3075530938551234560 3006 Fstar_v3.3 132.2348000037866 1.0409043990131832 1800.0 1 L r 3075530938551234560 nan nan nan nan nan nan nan nan nan nan 2016.0 3006.0 42160.58 461.43 53523.76 651.66 60315.16 539.75 60004.87 1340.71 64843.5 4603.45 0.6543569893801371 0.3867569 1.196969916894794 0.5307778000000001 -4.010063426094081 0.356275 3 0
_Star_3075534821201687552 3006 Fstar_v3.3 132.2542208223339 1.1030224526956038 1800.0 1 L r 3075534821201687552 nan nan nan nan nan nan nan nan nan nan 2016.0 3006.0 196510.85 1521.97 255168.16 857.82 279940.8 933.88 279528.5 1348.55 285381.94 1978.71 0.3560005494937159 0.13141105 -1.0127316553766414 0.17799908 -9.706769886659556 0.1288489 3 0
_Star_3075625771429288320 3006 Fstar_v3.3 132.28829230911794 1.1280260725393083 1800.0 1 L r 3075625771429288320 nan nan nan nan nan nan nan nan nan nan 2016.0 3006.0 66875.33 884.13 83619.3 536.65 92016.59 506.04 92237.18 1348.98 91139.49 1454.89 0.2762402030025463 0.28750417 3.530332417208344 0.4061636 -4.93208316954335 0.26940522 3 0
_Star_3075518534685668096 3006 Fstar_v3.3 132.33107058395728 1.0040883366603464 1800.0 1 L r 3075518534685668096 nan nan nan nan nan nan nan nan nan nan 2016.0 3006.0 145581.52 592.66 206626.49 923.0 240052.34 954.47 246119.8 1056.12 251018.64 2784.53 0.1538443253901127 0.14160036 -1.9460847090434303 0.17757854 0.2089381518057735 0.13240635 3 0
_Star_3075530423155152768 3006 Fstar_v3.3 132.33997480531326 1.0292780417397105 1800.0 1 L r 3075530423155152768 nan nan nan nan nan nan nan nan nan nan 2016.0 3006.0 195860.16 2591.9 257505.28 977.62 286883.88 1138.57 286382.36 3280.48 292244.27 3286.53 0.1403896404155921 0.12930219 -2.036072404263127 0.18800296 1.0137216318011562 0.11965323 3 0
_Star_3075518328527234176 3006 Fstar_v3.3 132.38969487881502 0.9972928121659618 1800.0 1 L r 3075518328527234176 nan nan nan nan nan nan nan nan nan nan 2016.0 3006.0 23484.75 690.96 29833.62 395.02 32736.07 504.76 33764.98 697.29 41578.27 2920.49 0.3382091645330393 0.66743964 2.31903874009284 0.8504370000000001 -5.3019997683943565 0.68040234 3 0
_Star_3075612268052101376 3006 Fstar_v3.3 132.39198530108334 1.029571880400851 1800.0 1 L r 3075612268052101376 nan nan nan nan nan nan nan nan nan nan 2016.0 3006.0 117756.77 2955.26 154477.82 600.99 165495.55 744.3 165632.83 1521.11 168634.32 3482.38 0.1025188453030278 0.16163392 -5.7553523734269145 0.20108068 -5.029102982012086 0.15603681 3 0
_Star_3075629211698590080 3006 Fstar_v3.3 132.2766146072899 1.1886794367190725 1800.0 1 L r 3075629211698590080 nan nan nan nan nan nan nan nan nan nan 2016.0 3006.0 105241.25 544.36 145246.62 911.82 165388.89 694.31 170367.31 1090.55 173438.74 1766.44 0.8537073653406212 0.19077784 -1.4396728631719782 0.2296708 -0.9385506180576892 0.19062644 3 0
_Star_3075820384986268160 3006 Fstar_v3.3 132.244484088837 1.3161531777637971 1800.0 1 L r 3075820384986268160 nan nan nan nan nan nan nan nan nan nan 2016.0 3006.0 147810.89 1198.02 197126.99 1066.85 222816.13 689.54 222058.05 1252.7 230624.98 2557.88 0.1629800917481896 0.14179644 0.2442762511998819 0.17099188 -5.86350543079208 0.14621617 3 0
_Star_3075630581792681728 3006 Fstar_v3.3 132.2898234806041 1.242335633584864 1800.0 1 L r 3075630581792681728 nan nan nan nan nan nan nan nan nan nan 2016.0 3006.0 417932.76 1426.55 543182.96 1791.04 597236.58 1681.03 599716.74 2164.14 603540.59 4638.83 0.0501413551497027 0.076569706 -1.3900607097760045 0.09007098 1.6119294336792955 0.068038456 3 0
_Star_3075629310482348288 3006 Fstar_v3.3 132.30928552466048 1.168555115620623 1800.0 1 L r 3075629310482348288 nan nan nan nan nan nan nan nan nan nan 2016.0 3006.0 37975.75 129.9 47813.01 935.13 54163.46 636.5 52479.11 1190.4 56284.2 3155.32 -0.3505780674341555 0.44236916 0.297541552605713 0.6118650999999999 -3.3410552476922475 0.39676756 3 0
_Star_3075629276122612608 3006 Fstar_v3.3 132.3316604892658 1.1820988204537035 1800.0 1 L r 3075629276122612608 nan nan nan nan nan nan nan nan nan nan 2016.0 3006.0 55593.77 702.62 73199.18 835.32 81655.65 982.96 85024.89 1668.8 89938.65 2830.77 0.4568494052367659 0.3168225 -3.0677240094024314 0.4357744000000001 -3.5127932024924293 0.29476646 3 0
_Star_3075631337706927616 3006 Fstar_v3.3 132.36598701609162 1.2505532828800785 1800.0 1 L r 3075631337706927616 nan nan nan nan nan nan nan nan nan nan 2016.0 3006.0 24397.56 511.66 33136.46 552.81 35242.46 437.42 36346.82 980.03 44926.85 1418.68 -0.2087106187314107 0.5416448 -0.3920638010483527 0.76525044 0.2076219972845982 0.4852519 3 0
_Star_3075612783447156864 3006 Fstar_v3.3 132.45621466258163 1.0593594260570367 1800.0 1 L r 3075612783447156864 nan nan nan nan nan nan nan nan nan nan 2016.0 3006.0 178741.73 1859.63 245689.11 755.8 275515.69 1203.33 278449.28 861.97 290660.65 2502.81 0.2479440829989735 0.12116223 -0.1492459499011096 0.14290945 -5.538064543739639 0.10216006 3 0
_Star_3075612100547986688 3006 Fstar_v3.3 132.50160204660995 1.0638062807652189 1800.0 1 L r 3075612100547986688 nan nan nan nan nan nan nan nan nan nan 2016.0 3006.0 64089.38 415.32 83419.17 963.7 89640.85 707.15 85993.62 1570.36 97110.51 2112.44 0.1301037311963673 0.2919075 1.8814767551637248 0.32308212 -6.370969325230182 0.24655865 3 0
_Star_3075614707592532352 3006 Fstar_v3.3 132.48483729920102 1.1229890076005888 1800.0 1 L r 3075614707592532352 nan nan nan nan nan nan nan nan nan nan 2016.0 3006.0 97738.63 795.96 129893.11 804.43 143544.29 715.52 142779.74 1563.99 148506.86 2398.02 -0.2485615079894845 0.22054908 -1.7779259888786985 0.26696014 0.1431299427434733 0.17340732 3 0
_Star_3075614437010190848 3006 Fstar_v3.3 132.50299628785663 1.1019193777166865 1800.0 1 L r 3075614437010190848 nan nan nan nan nan nan nan nan nan nan 2016.0 3006.0 35265.19 801.03 38874.65 1113.07 52209.13 1334.2 49643.92 1263.35 56196.07 1874.28 -0.9951272617066814 0.47752213 -0.8950464722013385 0.55924827 0.5814994335729683 0.34947976 3 0
_Star_3075609557927319808 3006 Fstar_v3.3 132.6615773819827 1.03623093098315 1800.0 1 L r 3075609557927319808 nan nan nan nan nan nan nan nan nan nan 2016.0 3006.0 163963.26 708.41 216125.78 743.09 236715.16 801.67 242117.42 1266.18 258051.41 3187.21 -0.0562895459159859 0.12286958 -1.2846181466242728 0.1399841 -5.012024989321402 0.100317 3 0
_Star_3075614329635417984 3006 Fstar_v3.3 132.57539670207078 1.1433199448993785 1800.0 1 L r 3075614329635417984 nan nan nan nan nan nan nan nan nan nan 2016.0 3006.0 141836.01 1309.62 191807.85 1151.66 216046.06 634.76 216145.53 1417.63 224505.25 4968.44 0.0452846976444392 0.1479322 -1.7252931705387249 0.19498801 -0.1322831486142133 0.1185719 3 0
_Star_3075626905299666688 3006 Fstar_v3.3 132.44578049100394 1.1640877686753213 1800.0 1 L r 3075626905299666688 nan nan nan nan nan nan nan nan nan nan 2016.0 3006.0 27314.08 376.65 36070.0 736.56 40849.42 560.52 39791.11 897.13 43714.57 1708.18 0.8765827599057417 0.64552 -2.5065348080286367 0.90551555 0.1180012353700491 0.5532701 3 0
_Star_3075615291708096896 3006 Fstar_v3.3 132.5121184699652 1.1594320252045551 1800.0 1 L r 3075615291708096896 nan nan nan nan nan nan nan nan nan nan 2016.0 3006.0 154094.3 1132.71 201365.96 1036.56 220671.32 899.36 223782.7 2427.37 233940.81 1923.26 0.3453679321913665 0.16953285 -0.6143515300461777 0.1972423 -4.62488892860926 0.12400359 3 0
_Star_3075627455055493120 3006 Fstar_v3.3 132.49299943949262 1.2069673602138953 1800.0 1 L r 3075627455055493120 nan nan nan nan nan nan nan nan nan nan 2016.0 3006.0 32376.22 451.53 43007.69 528.18 45338.42 797.42 45627.42 520.22 45092.74 1452.58 0.7264998516023352 0.5055556999999999 0.3207297956250059 0.65104806 0.1420351776313683 0.422076 3 0
_Star_3075634949773962368 3006 Fstar_v3.3 132.54512541225722 1.3095359260411952 1800.0 1 L r 3075634949773962368 nan nan nan nan nan nan nan nan nan nan 2016.0 3006.0 153952.24 1384.21 192019.91 834.59 209173.17 1215.27 206988.35 2186.3 205658.14 3579.81 0.0798330514971285 0.13940968 -0.6839944757116136 0.18529308 -7.00382454577804 0.11765577 3 0
_Star_3075620342589642496 3006 Fstar_v3.3 132.64713356076768 1.176403889733174 1800.0 1 L r 3075620342589642496 nan nan nan nan nan nan nan nan nan nan 2016.0 3006.0 66103.73 664.61 86589.68 624.94 93030.66 677.16 97972.93 1429.43 98334.52 3000.2 0.3189434467028772 0.23960827 -2.2288777667367285 0.2815779 -0.096025800990028 0.17182082 3 0
_Star_3075635636968721408 3006 Fstar_v3.3 132.59624928093584 1.3058879547517137 1800.0 1 L r 3075635636968721408 nan nan nan nan nan nan nan nan nan nan 2016.0 3006.0 49488.76 462.6 63659.95 593.78 70864.08 520.25 70753.25 2817.46 73937.78 2356.91 0.7954004254110071 0.34494293 0.9694385480146792 0.44462234 -6.847906905935313 0.2637424 3 0
_Star_3075623297527164800 3006 Fstar_v3.3 132.67198999656628 1.2658007490478305 1800.0 1 L r 3075623297527164800 nan nan nan nan nan nan nan nan nan nan 2016.0 3006.0 107603.52 749.25 137425.26 650.21 148931.41 545.67 149756.79 1277.38 156670.21 3876.87 -0.0408025420765095 0.17434664 -1.556478589377306 0.2151649 0.3989662657186975 0.12583742 3 0
