output/Jan25/final_nf_input/field_b_L1_visit2_final_targets.ecsv
# %ECSV 1.0
# ---
# datatype:
# - {name: ob_code, datatype: string}
# - {name: catId, datatype: int32}
# - {name: description, datatype: string}
# - {name: R.A., datatype: float64}
# - {name: Dec., datatype: float64}
# - {name: Exposure Time, datatype: float64}
# - {name: Priority, datatype: int32}
# - {name: resolution, datatype: string}
# - {name: reference_arm, datatype: string}
# - {name: ID, datatype: int64}
# - {name: g_hsc, datatype: float64}
# - {name: g_hsc_err, datatype: float64}
# - {name: r2_hsc, datatype: float64}
# - {name: r2_hsc_err, datatype: float64}
# - {name: i2_hsc, datatype: float64}
# - {name: i2_hsc_err, datatype: float64}
# - {name: z_hsc, datatype: float64}
# - {name: z_hsc_err, datatype: float64}
# - {name: y_hsc, datatype: float64}
# - {name: y_hsc_err, datatype: float64}
# - {name: epoch, datatype: float64}
# - {name: input_catalog_id, datatype: float64}
# - {name: psf_flux_g, datatype: float64}
# - {name: psf_flux_error_g, datatype: float64}
# - {name: psf_flux_r, datatype: float64}
# - {name: psf_flux_error_r, datatype: float64}
# - {name: psf_flux_i, datatype: float64}
# - {name: psf_flux_error_i, datatype: float64}
# - {name: psf_flux_z, datatype: float64}
# - {name: psf_flux_error_z, datatype: float64}
# - {name: psf_flux_y, datatype: float64}
# - {name: psf_flux_error_y, datatype: float64}
# - {name: parallax, datatype: float64}
# - {name: parallax_error, datatype: float64}
# - {name: pmra, datatype: float64}
# - {name: pmra_error, datatype: float64}
# - {name: pmdec, datatype: float64}
# - {name: pmdec_error, datatype: float64}
# - {name: target_type, datatype: int32}
# - {name: stage, datatype: int32}
# schema: astropy-2.0
ob_code catId description R.A. Dec. "Exposure Time" Priority resolution reference_arm ID g_hsc g_hsc_err r2_hsc r2_hsc_err i2_hsc i2_hsc_err z_hsc z_hsc_err y_hsc y_hsc_err epoch input_catalog_id psf_flux_g psf_flux_error_g psf_flux_r psf_flux_error_r psf_flux_i psf_flux_error_i psf_flux_z psf_flux_error_z psf_flux_y psf_flux_error_y parallax parallax_error pmra pmra_error pmdec pmdec_error target_type stage
[from data line 257]
_Cos_40691164407416432 11 "HSC-SSP Public Data Release 4 (Wide)" 38.79043277480965 -0.4468629414189329 1800.0 1 L r 40691164407416432 1082.0131 30.650124 1066.5153 34.76471 1709.739 65.406654 1803.0118 135.62224 2452.0034 253.15532 nan nan nan nan nan nan nan nan nan nan nan nan 1e-07 1e-07 0.0 0.0 0.0 0.0 1 0
_Cos_40691164407416520 11 "HSC-SSP Public Data Release 4 (Wide)" 38.713293938419554 -0.4435570423707444 1800.0 1 L r 40691164407416520 411.49054 20.85113 593.8847 21.598026 1217.8596 34.28244 1563.9014 83.312195 1834.4236 231.96634 nan nan nan nan nan nan nan nan nan nan nan nan 1e-07 1e-07 0.0 0.0 0.0 0.0 1 0
_Cos_40691164407416583 11 "HSC-SSP Public Data Release 4 (Wide)" 38.75382002346785 -0.44382140710835033 1800.0 1 L r 40691164407416583 507.56906 24.505625 698.20636 25.91299 993.1024 54.602787 915.13495 95.020905 1209.8193 293.4632 nan nan nan nan nan nan nan nan nan nan nan nan 1e-07 1e-07 0.0 0.0 0.0 0.0 1 0
_Cos_40691164407416627 11 "HSC-SSP Public Data Release 4 (Wide)" 38.69464180732324 -0.442763454650181 1800.0 1 L r 40691164407416627 1500.2203 26.52783 2169.721 28.681467 3628.2532 33.52108 4867.072 81.310295 4827.501 145.20833 nan nan nan nan nan nan nan nan nan nan nan nan 1e-07 1e-07 0.0 0.0 0.0 0.0 1 0
_Cos_40691164407416655 11 "HSC-SSP Public Data Release 4 (Wide)" 38.66188904852473 -0.4430960199817819 1800.0 1 L r 40691164407416655 366.93988 25.677254 432.57916 27.125221 964.05927 42.59002 1148.7574 99.75371 1659.3845 220.76883 nan nan nan nan nan nan nan nan nan nan nan nan 1e-07 1e-07 0.0 0.0 0.0 0.0 1 0
_Cos_40691164407417651 11 "HSC-SSP Public Data Release 4 (Wide)" 38.66121061493125 -0.4216630536653942 1800.0 1 L r 40691164407417651 388.64703 25.981289 566.1658 29.453508 1345.946 39.13818 1760.0999 89.004456 2194.9968 195.40004 nan nan nan nan nan nan nan nan nan nan nan nan 1e-07 1e-07 0.0 0.0 0.0 0.0 1 0
_Cos_40691164407418259 11 "HSC-SSP Public Data Release 4 (Wide)" 38.63726496894005 -0.41075544574514156 1800.0 1 L r 40691164407418259 836.5764 23.673979 1031.6438 35.136333 1304.5325 41.008186 1853.8346 98.94221 3238.6992 230.02371 nan nan nan nan nan nan nan nan nan nan nan nan 1e-07 1e-07 0.0 0.0 0.0 0.0 1 0
_Cos_40691164407418676 11 "HSC-SSP Public Data Release 4 (Wide)" 38.617253708757175 -0.40051472410788475 1800.0 1 L r 40691164407418676 1440.7144 32.906757 1891.2654 40.803665 2158.9094 47.912197 2196.0713 121.2304 3192.638 299.5675 nan nan nan nan nan nan nan nan nan nan nan nan 1e-07 1e-07 0.0 0.0 0.0 0.0 1 0
_Cos_40691164407418877 11 "HSC-SSP Public Data Release 4 (Wide)" 38.65390100418493 -0.39640407173148906 1800.0 1 L r 40691164407418877 503.8226 26.35206 805.1085 31.359274 1530.5096 39.92473 2394.6501 103.176094 2975.6558 222.98436 nan nan nan nan nan nan nan nan nan nan nan nan 1e-07 1e-07 0.0 0.0 0.0 0.0 1 0
_Cos_40691164407419231 11 "HSC-SSP Public Data Release 4 (Wide)" 38.6481214341202 -0.39131523057986956 1800.0 1 L r 40691164407419231 1195.5754 23.147179 1976.0829 29.498957 2939.2976 34.765774 4966.867 80.243904 6749.1396 171.71753 nan nan nan nan nan nan nan nan nan nan nan nan 1e-07 1e-07 0.0 0.0 0.0 0.0 1 0
_Cos_40691164407420523 11 "HSC-SSP Public Data Release 4 (Wide)" 38.61903804792516 -0.367143373581555 1800.0 1 L r 40691164407420523 782.3659 28.66394 689.222 52.121742 1612.3014 43.914635 1490.6288 100.11778 2620.135 264.96 nan nan nan nan nan nan nan nan nan nan nan nan 1e-07 1e-07 0.0 0.0 0.0 0.0 1 0
_Cos_40691164407420731 11 "HSC-SSP Public Data Release 4 (Wide)" 38.655450686037106 -0.36169072285834003 1800.0 1 L r 40691164407420731 944.6181 24.78673 960.40753 27.627972 1355.1405 37.271725 1581.894 78.53196 2089.4902 199.89742 nan nan nan nan nan nan nan nan nan nan nan nan 1e-07 1e-07 0.0 0.0 0.0 0.0 1 0
_Cos_40691164407421087 11 "HSC-SSP Public Data Release 4 (Wide)" 38.62979246065269 -0.3556029056351599 1800.0 1 L r 40691164407421087 845.92004 24.137926 674.47314 22.560087 941.6992 33.917477 1285.6882 118.943855 2624.28 277.64548 nan nan nan nan nan nan nan nan nan nan nan nan 1e-07 1e-07 0.0 0.0 0.0 0.0 1 0
_Cos_40691164407421887 11 "HSC-SSP Public Data Release 4 (Wide)" 38.63424362094523 -0.33683044156033765 1800.0 1 L r 40691164407421887 1015.2173 20.106934 1047.6414 27.63697 1152.5754 35.621777 1253.442 78.18771 2081.2097 169.27896 nan nan nan nan nan nan nan nan nan nan nan nan 1e-07 1e-07 0.0 0.0 0.0 0.0 1 0
_Cos_40691164407423071 11 "HSC-SSP Public Data Release 4 (Wide)" 38.65670004836536 -0.31486177117557307 1800.0 1 L r 40691164407423071 425.58643 20.389322 647.30994 27.50322 1100.5436 35.97401 1536.7701 84.42719 1169.8427 153.7444 nan nan nan nan nan nan nan nan nan nan nan nan 1e-07 1e-07 0.0 0.0 0.0 0.0 1 0
_Cos_40691164407423723 11 "HSC-SSP Public Data Release 4 (Wide)" 38.63391753400387 -0.3017628756708707 1800.0 1 L r 40691164407423723 683.91125 22.305983 827.1339 26.756966 997.56635 39.471684 1134.9893 81.26829 14344.468 1027.3837 nan nan nan nan nan nan nan nan nan nan nan nan 1e-07 1e-07 0.0 0.0 0.0 0.0 1 0
_Cos_40691164407424204 11 "HSC-SSP Public Data Release 4 (Wide)" 38.701441986307174 -0.29238403132105506 1800.0 1 L r 40691164407424204 1018.1141 28.740242 1488.2994 40.714222 2295.406 45.863197 3284.5095 92.814026 6500.7407 234.1927 nan nan nan nan nan nan nan nan nan nan nan nan 1e-07 1e-07 0.0 0.0 0.0 0.0 1 0
_Cos_40691164407424551 11 "HSC-SSP Public Data Release 4 (Wide)" 38.6661115697643 -0.28409007344049997 1800.0 1 L r 40691164407424551 860.3696 23.877798 951.8915 24.553816 1270.6844 34.50891 1996.769 101.52948 1913.5337 185.19308 nan nan nan nan nan nan nan nan nan nan nan nan 1e-07 1e-07 0.0 0.0 0.0 0.0 1 0
_Cos_40691164407424610 11 "HSC-SSP Public Data Release 4 (Wide)" 38.6353666378418 -0.2818361258374345 1800.0 1 L r 40691164407424610 707.1793 26.461107 816.82306 27.662285 1480.6862 36.258526 2261.7246 93.331604 1958.7753 176.16245 nan nan nan nan nan nan nan nan nan nan nan nan 1e-07 1e-07 0.0 0.0 0.0 0.0 1 0
_Cos_40691164407424857 11 "HSC-SSP Public Data Release 4 (Wide)" 38.656283953792105 -0.2785810549673886 1800.0 1 L r 40691164407424857 408.14404 24.342426 640.91925 33.551804 949.7596 45.51292 1484.9956 94.458244 1464.2354 215.33813 nan nan nan nan nan nan nan nan nan nan nan nan 1e-07 1e-07 0.0 0.0 0.0 0.0 1 0
_Cos_40691168702365959 11 "HSC-SSP Public Data Release 4 (Wide)" 38.61999958793418 -0.2749332468917765 1800.0 1 L r 40691168702365959 421.78043 31.314558 530.51526 35.60985 2208.6382 141.0972 673.4728 138.85538 784.96423 294.94818 nan nan nan nan nan nan nan nan nan nan nan nan 1e-07 1e-07 0.0 0.0 0.0 0.0 1 0
_Cos_40691168702366038 11 "HSC-SSP Public Data Release 4 (Wide)" 38.69441843564263 -0.272816403195848 1800.0 1 L r 40691168702366038 529.175 37.223057 625.77747 50.558384 988.7821 57.745697 1495.8654 116.08965 1168.3527 178.48285 nan nan nan nan nan nan nan nan nan nan nan nan 1e-07 1e-07 0.0 0.0 0.0 0.0 1 0
_Cos_40691168702368140 11 "HSC-SSP Public Data Release 4 (Wide)" 38.6603764038071 -0.22053196340624587 1800.0 1 L r 40691168702368140 574.3386 25.636648 810.26666 20.185688 1625.7135 36.67657 2304.8176 101.42928 3485.4795 248.39023 nan nan nan nan nan nan nan nan nan nan nan nan 1e-07 1e-07 0.0 0.0 0.0 0.0 1 0
_Cos_40691168702368319 11 "HSC-SSP Public Data Release 4 (Wide)" 38.78875061494102 -0.21632695993605566 1800.0 1 L r 40691168702368319 977.7094 29.845434 1022.7605 38.039825 1927.5554 45.888187 2070.9578 88.4619 2737.0918 229.06464 nan nan nan nan nan nan nan nan nan nan nan nan 1e-07 1e-07 0.0 0.0 0.0 0.0 1 0
_Cos_40691168702369340 11 "HSC-SSP Public Data Release 4 (Wide)" 38.705000164864714 -0.19130891725522978 1800.0 1 L r 40691168702369340 1706.4016 26.04323 2479.3655 34.298126 2173.9885 44.13981 3039.6353 106.29404 2017.708 179.99501 nan nan nan nan nan nan nan nan nan nan nan nan 1e-07 1e-07 0.0 0.0 0.0 0.0 1 0
_Cos_40691168702369746 11 "HSC-SSP Public Data Release 4 (Wide)" 38.6712267057816 -0.18104491403576878 1800.0 1 L r 40691168702369746 502.6864 21.897917 753.83716 23.919493 1789.0228 39.472897 2757.8926 85.352684 3344.9482 195.44102 nan nan nan nan nan nan nan nan nan nan nan nan 1e-07 1e-07 0.0 0.0 0.0 0.0 1 0
_Cos_40691168702370067 11 "HSC-SSP Public Data Release 4 (Wide)" 38.712874782379565 -0.1728972745652365 1800.0 1 L r 40691168702370067 822.76215 26.579718 1246.8379 37.954765 1698.3898 44.683117 2806.124 93.73265 2981.0273 212.95894 nan nan nan nan nan nan nan nan nan nan nan nan 1e-07 1e-07 0.0 0.0 0.0 0.0 1 0
_Cos_40691168702371148 11 "HSC-SSP Public Data Release 4 (Wide)" 38.64562143651374 -0.14582209170321347 1800.0 1 L r 40691168702371148 425.57782 19.968979 499.91513 21.390064 918.7843 33.441227 598.8933 83.21174 794.1984 196.05446 nan nan nan nan nan nan nan nan nan nan nan nan 1e-07 1e-07 0.0 0.0 0.0 0.0 1 0
_Cos_40691168702371481 11 "HSC-SSP Public Data Release 4 (Wide)" 38.757644355819615 -0.13698300046332995 1800.0 1 L r 40691168702371481 440.448 21.677147 470.621 36.50488 1015.15936 50.036804 1003.28534 116.63732 1505.8774 251.6608 nan nan nan nan nan nan nan nan nan nan nan nan 1e-07 1e-07 0.0 0.0 0.0 0.0 1 0
_Cos_40691168702371510 11 "HSC-SSP Public Data Release 4 (Wide)" 38.717050707206546 -0.13604373330758093 1800.0 1 L r 40691168702371510 1577.9734 19.114021 1724.536 25.141096 2323.9956 35.42841 2602.925 87.350845 2841.5085 169.72318 nan nan nan nan nan nan nan nan nan nan nan nan 1e-07 1e-07 0.0 0.0 0.0 0.0 1 0
_Cos_40691168702372358 11 "HSC-SSP Public Data Release 4 (Wide)" 38.771253834786215 -0.11485595653239143 1800.0 1 L r 40691168702372358 703.3553 34.481457 533.8263 35.59816 1010.8364 35.692574 1481.8365 78.39455 2295.934 263.11862 nan nan nan nan nan nan nan nan nan nan nan nan 1e-07 1e-07 0.0 0.0 0.0 0.0 1 0
_Cos_40691168702384355 11 "HSC-SSP Public Data Release 4 (Wide)" 38.665556551725416 -0.2614839114223592 1800.0 1 L r 40691168702384355 935.0404 21.574953 1270.2054 23.297981 2051.775 37.503536 2982.6343 79.19564 2570.5974 177.31512 nan nan nan nan nan nan nan nan nan nan nan nan 1e-07 1e-07 0.0 0.0 0.0 0.0 1 0
_Cos_40691168702384466 11 "HSC-SSP Public Data Release 4 (Wide)" 38.71688804404287 -0.2582296245840831 1800.0 1 L r 40691168702384466 584.32214 21.42181 687.8205 27.952826 1061.8583 38.833145 1168.1139 82.042114 1897.1906 190.04001 nan nan nan nan nan nan nan nan nan nan nan nan 1e-07 1e-07 0.0 0.0 0.0 0.0 1 0
_Cos_40691168702384510 11 "HSC-SSP Public Data Release 4 (Wide)" 38.683528621652044 -0.2550217780398437 1800.0 1 L r 40691168702384510 1138.103 23.463396 1659.4064 29.138638 2171.4163 48.996544 3713.1548 95.95715 5107.5864 223.46396 nan nan nan nan nan nan nan nan nan nan nan nan 1e-07 1e-07 0.0 0.0 0.0 0.0 1 0
_Cos_40691168702385267 11 "HSC-SSP Public Data Release 4 (Wide)" 38.65307275912862 -0.23983521611265843 1800.0 1 L r 40691168702385267 893.6383 23.993849 851.2335 21.40188 1743.0164 33.111565 1942.0406 72.74102 1927.1736 164.73198 nan nan nan nan nan nan nan nan nan nan nan nan 1e-07 1e-07 0.0 0.0 0.0 0.0 1 0
_Cos_40691168702385331 11 "HSC-SSP Public Data Release 4 (Wide)" 38.76742273540759 -0.23918383123513562 1800.0 1 L r 40691168702385331 527.7314 20.883661 742.10504 24.862534 1736.8739 40.55969 2278.8066 84.94918 2617.379 202.30621 nan nan nan nan nan nan nan nan nan nan nan nan 1e-07 1e-07 0.0 0.0 0.0 0.0 1 0
_Cos_40691168702385387 11 "HSC-SSP Public Data Release 4 (Wide)" 38.70343928328407 -0.23795166805414575 1800.0 1 L r 40691168702385387 268.17807 25.814964 376.33005 33.07612 1010.84406 45.205112 1441.108 89.04326 921.3827 176.49559 nan nan nan nan nan nan nan nan nan nan nan nan 1e-07 1e-07 0.0 0.0 0.0 0.0 1 0
_Cos_40691168702385559 11 "HSC-SSP Public Data Release 4 (Wide)" 38.63275679682871 -0.23529496611789433 1800.0 1 L r 40691168702385559 615.3893 37.4921 668.7458 27.059769 1135.3334 34.260426 1420.746 73.06659 1331.9454 141.23552 nan nan nan nan nan nan nan nan nan nan nan nan 1e-07 1e-07 0.0 0.0 0.0 0.0 1 0
_Cos_40691168702385812 11 "HSC-SSP Public Data Release 4 (Wide)" 38.76887359116062 -0.22854800490421304 1800.0 1 L r 40691168702385812 1275.0409 25.906586 1390.7181 38.918194 2457.543 55.576225 3353.4683 122.53145 3523.201 244.36253 nan nan nan nan nan nan nan nan nan nan nan nan 1e-07 1e-07 0.0 0.0 0.0 0.0 1 0
_Cos_40691168702386164 11 "HSC-SSP Public Data Release 4 (Wide)" 38.746941244990744 -0.22280887156839568 1800.0 1 L r 40691168702386164 681.5818 18.85681 765.15466 21.552032 1197.4652 37.288414 1893.7659 76.80179 2178.8584 242.22166 nan nan nan nan nan nan nan nan nan nan nan nan 1e-07 1e-07 0.0 0.0 0.0 0.0 1 0
_Cos_40691168702386441 11 "HSC-SSP Public Data Release 4 (Wide)" 38.71894110119037 -0.21767455194201774 1800.0 1 L r 40691168702386441 800.2101 21.826916 1068.1293 32.783108 1784.9619 43.337914 1794.1536 81.98534 2108.797 176.83464 nan nan nan nan nan nan nan nan nan nan nan nan 1e-07 1e-07 0.0 0.0 0.0 0.0 1 0
_Cos_40691168702386753 11 "HSC-SSP Public Data Release 4 (Wide)" 38.6857445015012 -0.2122633402054115 1800.0 1 L r 40691168702386753 772.7901 29.278336 766.8325 28.809889 963.8182 36.5556 916.75745 74.99817 1502.3468 158.73546 nan nan nan nan nan nan nan nan nan nan nan nan 1e-07 1e-07 0.0 0.0 0.0 0.0 1 0
_Cos_40691168702387088 11 "HSC-SSP Public Data Release 4 (Wide)" 38.659301986003875 -0.20297891282854888 1800.0 1 L r 40691168702387088 699.3466 21.944094 724.29785 26.323677 939.7715 47.15806 1001.55756 92.58942 675.4302 150.98973 nan nan nan nan nan nan nan nan nan nan nan nan 1e-07 1e-07 0.0 0.0 0.0 0.0 1 0
_Cos_40691168702387197 11 "HSC-SSP Public Data Release 4 (Wide)" 38.734407827403174 -0.20123412360317672 1800.0 1 L r 40691168702387197 1359.699 25.784874 991.30383 34.40102 1770.8531 54.552788 1688.0173 100.851456 2237.6106 224.52931 nan nan nan nan nan nan nan nan nan nan nan nan 1e-07 1e-07 0.0 0.0 0.0 0.0 1 0
_Cos_40691168702387732 11 "HSC-SSP Public Data Release 4 (Wide)" 38.77129601429006 -0.1913393483014251 1800.0 1 L r 40691168702387732 1056.173 26.096163 1611.6027 43.1929 2347.0 53.180794 3937.7725 118.21667 5066.512 284.00275 nan nan nan nan nan nan nan nan nan nan nan nan 1e-07 1e-07 0.0 0.0 0.0 0.0 1 0
_Cos_40691168702388249 11 "HSC-SSP Public Data Release 4 (Wide)" 38.620541979245004 -0.1815800163791609 1800.0 1 L r 40691168702388249 1091.6268 25.230646 1106.2559 37.083645 942.0642 41.392418 1292.4373 112.484795 4488.3706 338.49493 nan nan nan nan nan nan nan nan nan nan nan nan 1e-07 1e-07 0.0 0.0 0.0 0.0 1 0
_Cos_40691168702388819 11 "HSC-SSP Public Data Release 4 (Wide)" 38.68743741814524 -0.1681675219319045 1800.0 1 L r 40691168702388819 639.70636 34.669353 927.0294 58.445316 1487.7632 53.128597 2513.0132 104.983185 2875.6096 238.26332 nan nan nan nan nan nan nan nan nan nan nan nan 1e-07 1e-07 0.0 0.0 0.0 0.0 1 0
_Cos_40691168702388884 11 "HSC-SSP Public Data Release 4 (Wide)" 38.65053421589715 -0.16479137237921165 1800.0 1 L r 40691168702388884 994.1954 24.67477 1054.1393 30.588383 1299.7794 38.958054 2009.468 89.13159 3078.778 213.06746 nan nan nan nan nan nan nan nan nan nan nan nan 1e-07 1e-07 0.0 0.0 0.0 0.0 1 0
_Cos_40691168702388940 11 "HSC-SSP Public Data Release 4 (Wide)" 38.771881954356424 -0.1623921066014507 1800.0 1 L r 40691168702388940 986.3442 19.717123 1114.1276 27.658735 1014.57477 34.13867 1327.9347 83.146774 1497.728 156.09846 nan nan nan nan nan nan nan nan nan nan nan nan 1e-07 1e-07 0.0 0.0 0.0 0.0 1 0
_Cos_40691168702389025 11 "HSC-SSP Public Data Release 4 (Wide)" 38.742248991392806 -0.16453173659969236 1800.0 1 L r 40691168702389025 925.18964 19.230576 953.73334 29.154196 1169.6261 54.11506 1070.5632 89.940125 1143.4625 173.19014 nan nan nan nan nan nan nan nan nan nan nan nan 1e-07 1e-07 0.0 0.0 0.0 0.0 1 0
_Cos_40691168702389546 11 "HSC-SSP Public Data Release 4 (Wide)" 38.69320329139156 -0.1505107340705782 1800.0 1 L r 40691168702389546 610.72345 33.17658 735.6881 47.69925 980.6918 57.788258 875.88776 113.03067 923.25037 317.92966 nan nan nan nan nan nan nan nan nan nan nan nan 1e-07 1e-07 0.0 0.0 0.0 0.0 1 0
