output/Jan25/final_nf_input/field_b_L2_visit2_final_targets.ecsv
# %ECSV 1.0
# ---
# datatype:
# - {name: ob_code, datatype: string}
# - {name: catId, datatype: int32}
# - {name: description, datatype: string}
# - {name: R.A., datatype: float64}
# - {name: Dec., datatype: float64}
# - {name: Exposure Time, datatype: float64}
# - {name: Priority, datatype: int32}
# - {name: resolution, datatype: string}
# - {name: reference_arm, datatype: string}
# - {name: ID, datatype: int64}
# - {name: g_hsc, datatype: float64}
# - {name: g_hsc_err, datatype: float64}
# - {name: r2_hsc, datatype: float64}
# - {name: r2_hsc_err, datatype: float64}
# - {name: i2_hsc, datatype: float64}
# - {name: i2_hsc_err, datatype: float64}
# - {name: z_hsc, datatype: float64}
# - {name: z_hsc_err, datatype: float64}
# - {name: y_hsc, datatype: float64}
# - {name: y_hsc_err, datatype: float64}
# - {name: epoch, datatype: float64}
# - {name: input_catalog_id, datatype: float64}
# - {name: psf_flux_g, datatype: float64}
# - {name: psf_flux_error_g, datatype: float64}
# - {name: psf_flux_r, datatype: float64}
# - {name: psf_flux_error_r, datatype: float64}
# - {name: psf_flux_i, datatype: float64}
# - {name: psf_flux_error_i, datatype: float64}
# - {name: psf_flux_z, datatype: float64}
# - {name: psf_flux_error_z, datatype: float64}
# - {name: psf_flux_y, datatype: float64}
# - {name: psf_flux_error_y, datatype: float64}
# - {name: parallax, datatype: float64}
# - {name: parallax_error, datatype: float64}
# - {name: pmra, datatype: float64}
# - {name: pmra_error, datatype: float64}
# - {name: pmdec, datatype: float64}
# - {name: pmdec_error, datatype: float64}
# - {name: target_type, datatype: int32}
# - {name: stage, datatype: int32}
# schema: astropy-2.0
ob_code catId description R.A. Dec. "Exposure Time" Priority resolution reference_arm ID g_hsc g_hsc_err r2_hsc r2_hsc_err i2_hsc i2_hsc_err z_hsc z_hsc_err y_hsc y_hsc_err epoch input_catalog_id psf_flux_g psf_flux_error_g psf_flux_r psf_flux_error_r psf_flux_i psf_flux_error_i psf_flux_z psf_flux_error_z psf_flux_y psf_flux_error_y parallax parallax_error pmra pmra_error pmdec pmdec_error target_type stage
[from data line 977]
_Cos_40691718458205888 11 "HSC-SSP Public Data Release 4 (Wide)" 37.97599369131428 -0.108466509374526 1800.0 1 L r 40691718458205888 794.1663 21.56418 1050.9601 33.514915 1262.1813 34.996796 1477.4819 90.319916 1604.0499 219.2507 nan nan nan nan nan nan nan nan nan nan nan nan 1e-07 1e-07 0.0 0.0 0.0 0.0 1 0
_Cos_40691718458205924 11 "HSC-SSP Public Data Release 4 (Wide)" 38.02839702718169 -0.10719511242943527 1800.0 1 L r 40691718458205924 732.886 27.596584 984.679 49.92675 1350.5248 59.11714 1334.182 105.40924 1337.0803 316.04993 nan nan nan nan nan nan nan nan nan nan nan nan 1e-07 1e-07 0.0 0.0 0.0 0.0 1 0
_Cos_40691718458206164 11 "HSC-SSP Public Data Release 4 (Wide)" 37.92595256668053 -0.10233132891523067 1800.0 1 L r 40691718458206164 785.33484 20.1688 1060.2666 28.62288 1202.4291 29.913504 1156.0146 73.62787 1262.7042 146.31581 nan nan nan nan nan nan nan nan nan nan nan nan 1e-07 1e-07 0.0 0.0 0.0 0.0 1 0
_Cos_40691722753147120 11 "HSC-SSP Public Data Release 4 (Wide)" 37.899923678109374 -0.08916357148928097 1800.0 1 L r 40691722753147120 630.4523 20.52992 887.7023 36.806854 1315.4607 40.977585 2148.1147 92.068855 3075.8074 232.98253 nan nan nan nan nan nan nan nan nan nan nan nan 1e-07 1e-07 0.0 0.0 0.0 0.0 1 0
_Cos_40691722753147863 11 "HSC-SSP Public Data Release 4 (Wide)" 37.874629270510155 -0.06959976982995254 1800.0 1 L r 40691722753147863 683.16187 24.362669 899.0051 47.208553 1187.738 63.727734 1129.6353 96.05781 802.37476 191.92432 nan nan nan nan nan nan nan nan nan nan nan nan 1e-07 1e-07 0.0 0.0 0.0 0.0 1 0
_Cos_40691722753148649 11 "HSC-SSP Public Data Release 4 (Wide)" 37.9490161680565 -0.04553160956562954 1800.0 1 L r 40691722753148649 972.7059 21.790182 1040.3015 36.384457 1456.3597 56.29429 1527.637 98.51384 1367.66 204.49965 nan nan nan nan nan nan nan nan nan nan nan nan 1e-07 1e-07 0.0 0.0 0.0 0.0 1 0
_Cos_40691722753149852 11 "HSC-SSP Public Data Release 4 (Wide)" 37.92600639311364 -0.012407546383585143 1800.0 1 L r 40691722753149852 525.1489 20.92914 611.9116 26.68673 1129.0922 31.72278 1632.9695 73.70498 2226.4443 248.3237 nan nan nan nan nan nan nan nan nan nan nan nan 1e-07 1e-07 0.0 0.0 0.0 0.0 1 0
_Cos_40691722753165144 11 "HSC-SSP Public Data Release 4 (Wide)" 37.991063418523936 -0.08865241689931849 1800.0 1 L r 40691722753165144 378.19196 15.245276 568.77765 33.27224 974.3808 31.678806 1367.2991 73.94815 1620.0107 172.91412 nan nan nan nan nan nan nan nan nan nan nan nan 1e-07 1e-07 0.0 0.0 0.0 0.0 1 0
_Cos_40691722753165671 11 "HSC-SSP Public Data Release 4 (Wide)" 37.97232385765614 -0.08430626360175066 1800.0 1 L r 40691722753165671 701.23773 19.117002 880.0163 33.453014 1087.7633 30.494558 1653.5072 78.11525 2068.7278 197.63397 nan nan nan nan nan nan nan nan nan nan nan nan 1e-07 1e-07 0.0 0.0 0.0 0.0 1 0
_Cos_40691722753166000 11 "HSC-SSP Public Data Release 4 (Wide)" 37.875582116102294 -0.07680099469110534 1800.0 1 L r 40691722753166000 777.6923 26.122208 1134.3647 40.5627 1735.6606 48.405426 2546.337 107.60497 2648.29 235.50945 nan nan nan nan nan nan nan nan nan nan nan nan 1e-07 1e-07 0.0 0.0 0.0 0.0 1 0
_Cos_40691722753166205 11 "HSC-SSP Public Data Release 4 (Wide)" 38.00773971028168 -0.06176746943939485 1800.0 1 L r 40691722753166205 1223.4242 24.309977 1419.952 31.363352 1464.3401 55.578663 1968.6434 117.65876 3445.1265 317.82162 nan nan nan nan nan nan nan nan nan nan nan nan 1e-07 1e-07 0.0 0.0 0.0 0.0 1 0
_Cos_40691722753167172 11 "HSC-SSP Public Data Release 4 (Wide)" 37.933015287934424 -0.05235775203394136 1800.0 1 L r 40691722753167172 1718.2462 19.844702 2444.9817 34.428112 3322.6975 45.70002 6007.9443 115.312805 5038.6743 250.07693 nan nan nan nan nan nan nan nan nan nan nan nan 1e-07 1e-07 0.0 0.0 0.0 0.0 1 0
_Cos_40691722753167777 11 "HSC-SSP Public Data Release 4 (Wide)" 37.91053083579896 -0.039381302696393936 1800.0 1 L r 40691722753167777 386.6533 21.792223 514.61194 36.531376 1516.5074 73.93189 1433.3417 112.48535 1161.0687 312.72458 nan nan nan nan nan nan nan nan nan nan nan nan 1e-07 1e-07 0.0 0.0 0.0 0.0 1 0
_Cos_40691722753168104 11 "HSC-SSP Public Data Release 4 (Wide)" 37.91491980341096 -0.03148409824218415 1800.0 1 L r 40691722753168104 1025.1898 24.64228 1475.8091 50.09518 1802.2795 60.475006 2623.2957 123.52661 1734.5592 204.99136 nan nan nan nan nan nan nan nan nan nan nan nan 1e-07 1e-07 0.0 0.0 0.0 0.0 1 0
_Cos_40691722753168508 11 "HSC-SSP Public Data Release 4 (Wide)" 37.9748184742606 -0.02242765143128415 1800.0 1 L r 40691722753168508 1578.7523 21.59538 1154.8331 19.699306 1450.9537 32.022797 3416.2659 101.89891 3557.7588 212.59297 nan nan nan nan nan nan nan nan nan nan nan nan 1e-07 1e-07 0.0 0.0 0.0 0.0 1 0
_Cos_40691722753169244 11 "HSC-SSP Public Data Release 4 (Wide)" 37.95664259881647 -0.01360418116929368 1800.0 1 L r 40691722753169244 927.90137 22.842619 856.08655 24.47903 938.3909 34.613163 1056.6028 78.75872 1368.4314 195.144 nan nan nan nan nan nan nan nan nan nan nan nan 1e-07 1e-07 0.0 0.0 0.0 0.0 1 0
_Cos_40691722753169724 11 "HSC-SSP Public Data Release 4 (Wide)" 37.90165886546947 -0.0009507805638295972 1800.0 1 L r 40691722753169724 930.0675 18.590622 1280.886 26.810043 2386.343 45.709267 3526.8857 89.97901 5099.2305 255.37282 nan nan nan nan nan nan nan nan nan nan nan nan 1e-07 1e-07 0.0 0.0 0.0 0.0 1 0
_Cos_40691838717271040 11 "HSC-SSP Public Data Release 4 (Wide)" 37.82777059232965 -0.8484257009905587 1800.0 1 L r 40691838717271040 242.46103 28.196646 209.50134 18.808134 1078.1533 79.274475 599.4976 113.23038 361.4505 178.49216 nan nan nan nan nan nan nan nan nan nan nan nan 1e-07 1e-07 0.0 0.0 0.0 0.0 1 0
_Cos_40691838717288207 11 "HSC-SSP Public Data Release 4 (Wide)" 37.80164271256036 -0.8991416383873054 1800.0 1 L r 40691838717288207 424.06937 26.061611 594.31024 23.13992 917.01996 28.970663 1569.5132 54.518906 2278.427 108.63938 nan nan nan nan nan nan nan nan nan nan nan nan 1e-07 1e-07 0.0 0.0 0.0 0.0 1 0
_Cos_40691838717289501 11 "HSC-SSP Public Data Release 4 (Wide)" 37.8120187844912 -0.8752509836383903 1800.0 1 L r 40691838717289501 386.64972 25.671404 526.51996 34.95058 1158.7897 48.067127 1281.249 85.13647 1301.9213 148.28888 nan nan nan nan nan nan nan nan nan nan nan nan 1e-07 1e-07 0.0 0.0 0.0 0.0 1 0
_Cos_40691838717290055 11 "HSC-SSP Public Data Release 4 (Wide)" 37.78752656626923 -0.8646202922514181 1800.0 1 L r 40691838717290055 600.22327 20.96239 754.1948 19.528847 972.61255 28.389599 1104.5721 64.76278 1008.9919 130.12146 nan nan nan nan nan nan nan nan nan nan nan nan 1e-07 1e-07 0.0 0.0 0.0 0.0 1 0
_Cos_40691843012238888 11 "HSC-SSP Public Data Release 4 (Wide)" 37.86156292837168 -0.6636176371813259 1800.0 1 L r 40691843012238888 413.53677 22.779053 554.6242 38.75815 921.86536 44.615696 1119.3108 83.29734 1005.2884 166.32854 nan nan nan nan nan nan nan nan nan nan nan nan 1e-07 1e-07 0.0 0.0 0.0 0.0 1 0
_Cos_40691843012249651 11 "HSC-SSP Public Data Release 4 (Wide)" 37.82368694254844 -0.8313969204709092 1800.0 1 L r 40691843012249651 777.0876 21.76977 1047.3007 26.976156 1642.0544 38.005493 2342.4944 71.373 3608.1516 152.94687 nan nan nan nan nan nan nan nan nan nan nan nan 1e-07 1e-07 0.0 0.0 0.0 0.0 1 0
_Cos_40691843012250918 11 "HSC-SSP Public Data Release 4 (Wide)" 37.85476072844599 -0.8078337680688362 1800.0 1 L r 40691843012250918 1068.7189 22.608652 1437.5746 25.656357 1524.4202 28.451153 2366.8472 63.961926 3265.8193 140.6678 nan nan nan nan nan nan nan nan nan nan nan nan 1e-07 1e-07 0.0 0.0 0.0 0.0 1 0
_Cos_40691843012251263 11 "HSC-SSP Public Data Release 4 (Wide)" 37.81805470825433 -0.8007487120450247 1800.0 1 L r 40691843012251263 462.8085 27.362411 623.96387 29.322252 985.45416 32.837383 1173.6946 87.06758 1632.8806 172.19533 nan nan nan nan nan nan nan nan nan nan nan nan 1e-07 1e-07 0.0 0.0 0.0 0.0 1 0
_Cos_40691843012251950 11 "HSC-SSP Public Data Release 4 (Wide)" 37.83489077808813 -0.7884673184600928 1800.0 1 L r 40691843012251950 1155.7043 26.176836 1431.1711 32.71901 2044.5299 46.970596 3552.7761 91.91082 3914.598 229.61343 nan nan nan nan nan nan nan nan nan nan nan nan 1e-07 1e-07 0.0 0.0 0.0 0.0 1 0
_Cos_40691843012252426 11 "HSC-SSP Public Data Release 4 (Wide)" 37.857905439248334 -0.7800557402400297 1800.0 1 L r 40691843012252426 262.50708 29.178556 321.05096 27.743729 1093.645 50.25547 1200.4535 87.86917 80.65585 188.77348 nan nan nan nan nan nan nan nan nan nan nan nan 1e-07 1e-07 0.0 0.0 0.0 0.0 1 0
_Cos_40691843012254315 11 "HSC-SSP Public Data Release 4 (Wide)" 37.8616558255129 -0.7473256884740039 1800.0 1 L r 40691843012254315 907.59155 25.478506 1262.6053 36.11573 2335.854 47.793015 3504.007 94.197556 3910.1677 239.64957 nan nan nan nan nan nan nan nan nan nan nan nan 1e-07 1e-07 0.0 0.0 0.0 0.0 1 0
_Cos_40691843012254933 11 "HSC-SSP Public Data Release 4 (Wide)" 37.83044508123674 -0.7351725273377676 1800.0 1 L r 40691843012254933 749.19104 22.722206 1007.9923 23.992031 1220.8685 28.693085 1639.7781 64.79529 2112.3914 146.97005 nan nan nan nan nan nan nan nan nan nan nan nan 1e-07 1e-07 0.0 0.0 0.0 0.0 1 0
_Cos_40691843012255088 11 "HSC-SSP Public Data Release 4 (Wide)" 37.810276134764784 -0.732208226370143 1800.0 1 L r 40691843012255088 453.19864 21.884132 532.3665 29.361044 1055.2306 39.673344 1262.0386 72.45331 1756.0178 177.68724 nan nan nan nan nan nan nan nan nan nan nan nan 1e-07 1e-07 0.0 0.0 0.0 0.0 1 0
_Cos_40691843012255348 11 "HSC-SSP Public Data Release 4 (Wide)" 37.810190695530856 -0.7244158046844095 1800.0 1 L r 40691843012255348 540.8273 22.430346 701.0508 24.266008 1279.9568 31.898745 1477.1339 73.242775 2519.5024 207.36673 nan nan nan nan nan nan nan nan nan nan nan nan 1e-07 1e-07 0.0 0.0 0.0 0.0 1 0
_Cos_40691843012255980 11 "HSC-SSP Public Data Release 4 (Wide)" 37.8364708650796 -0.7152910118688718 1800.0 1 L r 40691843012255980 466.21 21.893501 584.36255 22.267832 1008.3574 26.398693 1642.054 60.892918 1946.9669 132.36372 nan nan nan nan nan nan nan nan nan nan nan nan 1e-07 1e-07 0.0 0.0 0.0 0.0 1 0
_Cos_40691843012256143 11 "HSC-SSP Public Data Release 4 (Wide)" 37.78558762874088 -0.7121696014576981 1800.0 1 L r 40691843012256143 966.24817 25.03255 1102.0908 41.36353 1245.736 40.811405 1432.5159 82.95551 798.403 145.20076 nan nan nan nan nan nan nan nan nan nan nan nan 1e-07 1e-07 0.0 0.0 0.0 0.0 1 0
_Cos_40691843012256185 11 "HSC-SSP Public Data Release 4 (Wide)" 37.79940598691804 -0.7086321226475689 1800.0 1 L r 40691843012256185 693.0628 25.715326 781.5068 39.697887 1206.1758 42.16374 1329.3928 88.867424 1971.5281 190.68579 nan nan nan nan nan nan nan nan nan nan nan nan 1e-07 1e-07 0.0 0.0 0.0 0.0 1 0
_Cos_40691843012257214 11 "HSC-SSP Public Data Release 4 (Wide)" 37.8433636922774 -0.6937360138865958 1800.0 1 L r 40691843012257214 694.53375 19.551046 817.59686 21.143723 1253.269 41.40532 1225.2424 70.72077 2930.3425 294.1053 nan nan nan nan nan nan nan nan nan nan nan nan 1e-07 1e-07 0.0 0.0 0.0 0.0 1 0
_Cos_40691843012258023 11 "HSC-SSP Public Data Release 4 (Wide)" 37.790147734599394 -0.6736549534242047 1800.0 1 L r 40691843012258023 754.4467 26.260303 806.5138 48.162468 1767.2252 54.342518 1602.5645 100.55627 1483.7848 196.36803 nan nan nan nan nan nan nan nan nan nan nan nan 1e-07 1e-07 0.0 0.0 0.0 0.0 1 0
_Cos_40691843012258438 11 "HSC-SSP Public Data Release 4 (Wide)" 37.81437992382208 -0.6675939378033833 1800.0 1 L r 40691843012258438 1058.5989 28.293127 1664.8473 38.476734 3038.432 44.462376 5040.0137 90.76415 5633.285 193.51692 nan nan nan nan nan nan nan nan nan nan nan nan 1e-07 1e-07 0.0 0.0 0.0 0.0 1 0
_Cos_40691847307201035 11 "HSC-SSP Public Data Release 4 (Wide)" 37.82105955042683 -0.5874958500940739 1800.0 1 L r 40691847307201035 1573.3976 28.750706 1702.1715 45.049683 2418.7207 67.10562 2701.8499 118.82396 4077.3562 284.45847 nan nan nan nan nan nan nan nan nan nan nan nan 1e-07 1e-07 0.0 0.0 0.0 0.0 1 0
_Cos_40691847307201552 11 "HSC-SSP Public Data Release 4 (Wide)" 37.82520784743344 -0.573619219592823 1800.0 1 L r 40691847307201552 785.2885 33.87609 913.0667 52.496273 1099.285 75.31251 1544.2821 112.47667 2120.731 301.70212 nan nan nan nan nan nan nan nan nan nan nan nan 1e-07 1e-07 0.0 0.0 0.0 0.0 1 0
_Cos_40691847307202402 11 "HSC-SSP Public Data Release 4 (Wide)" 37.82546819972561 -0.5511984783131941 1800.0 1 L r 40691847307202402 663.10114 21.590652 826.86804 25.247982 1055.513 35.94786 1814.9778 77.81642 1995.5459 186.39647 nan nan nan nan nan nan nan nan nan nan nan nan 1e-07 1e-07 0.0 0.0 0.0 0.0 1 0
_Cos_40691847307204410 11 "HSC-SSP Public Data Release 4 (Wide)" 37.854058446045336 -0.5000649287213884 1800.0 1 L r 40691847307204410 471.22818 24.006939 564.24304 34.226635 1039.0406 43.29326 1262.724 96.04675 1798.2891 260.84555 nan nan nan nan nan nan nan nan nan nan nan nan 1e-07 1e-07 0.0 0.0 0.0 0.0 1 0
_Cos_40691847307205021 11 "HSC-SSP Public Data Release 4 (Wide)" 37.814184329717584 -0.48470709795560574 1800.0 1 L r 40691847307205021 677.9975 18.430754 838.7206 21.73373 912.2265 25.381195 1249.1674 58.927704 2009.0214 123.06985 nan nan nan nan nan nan nan nan nan nan nan nan 1e-07 1e-07 0.0 0.0 0.0 0.0 1 0
_Cos_40691847307214519 11 "HSC-SSP Public Data Release 4 (Wide)" 37.86363132722584 -0.6466101692984528 1800.0 1 L r 40691847307214519 1109.0685 29.106703 1353.536 72.09288 1616.3723 52.240948 1981.0181 96.51367 2012.4296 202.68068 nan nan nan nan nan nan nan nan nan nan nan nan 1e-07 1e-07 0.0 0.0 0.0 0.0 1 0
_Cos_40691847307215240 11 "HSC-SSP Public Data Release 4 (Wide)" 37.788221897637385 -0.6298351385619231 1800.0 1 L r 40691847307215240 716.56573 26.817509 1116.0966 62.883747 1934.2869 51.67799 3353.888 93.66338 4740.1006 230.42928 nan nan nan nan nan nan nan nan nan nan nan nan 1e-07 1e-07 0.0 0.0 0.0 0.0 1 0
_Cos_40691847307215580 11 "HSC-SSP Public Data Release 4 (Wide)" 37.858543748352076 -0.6259311586428302 1800.0 1 L r 40691847307215580 642.6106 28.20699 932.3992 42.22447 1378.2163 42.128918 2192.5742 78.16173 2940.616 227.33249 nan nan nan nan nan nan nan nan nan nan nan nan 1e-07 1e-07 0.0 0.0 0.0 0.0 1 0
_Cos_40691847307216367 11 "HSC-SSP Public Data Release 4 (Wide)" 37.8613454151347 -0.6043026353720904 1800.0 1 L r 40691847307216367 608.2389 25.809801 858.01526 37.570583 913.32043 44.468533 1538.8417 100.77024 1892.7888 247.79434 nan nan nan nan nan nan nan nan nan nan nan nan 1e-07 1e-07 0.0 0.0 0.0 0.0 1 0
_Cos_40691847307216544 11 "HSC-SSP Public Data Release 4 (Wide)" 37.85479662319512 -0.6013097569194702 1800.0 1 L r 40691847307216544 1209.7982 30.726633 1571.9332 37.42922 1897.6744 37.83998 2844.0396 79.0762 3567.6836 195.39497 nan nan nan nan nan nan nan nan nan nan nan nan 1e-07 1e-07 0.0 0.0 0.0 0.0 1 0
_Cos_40691847307217510 11 "HSC-SSP Public Data Release 4 (Wide)" 37.781186794718735 -0.575374225745466 1800.0 1 L r 40691847307217510 644.5773 28.07745 452.5921 33.86671 1084.4557 33.658703 1899.8097 99.1178 689.3211 159.7118 nan nan nan nan nan nan nan nan nan nan nan nan 1e-07 1e-07 0.0 0.0 0.0 0.0 1 0
_Cos_40691847307217830 11 "HSC-SSP Public Data Release 4 (Wide)" 37.84231339274021 -0.5702804426038857 1800.0 1 L r 40691847307217830 657.3503 25.951181 718.18756 34.40616 997.0353 46.837265 1433.1832 97.50423 1586.364 203.33144 nan nan nan nan nan nan nan nan nan nan nan nan 1e-07 1e-07 0.0 0.0 0.0 0.0 1 0
_Cos_40691847307219061 11 "HSC-SSP Public Data Release 4 (Wide)" 37.78702619406093 -0.5441549672413362 1800.0 1 L r 40691847307219061 1426.6958 66.799034 1508.8383 39.305832 2251.944 48.558228 2465.1206 92.098045 1738.7345 148.34903 nan nan nan nan nan nan nan nan nan nan nan nan 1e-07 1e-07 0.0 0.0 0.0 0.0 1 0
_Cos_40691847307219516 11 "HSC-SSP Public Data Release 4 (Wide)" 37.81880756673832 -0.5355004833534937 1800.0 1 L r 40691847307219516 471.71262 24.330048 593.27106 19.387573 1113.1982 29.489725 1364.6504 67.95452 1637.7318 179.98106 nan nan nan nan nan nan nan nan nan nan nan nan 1e-07 1e-07 0.0 0.0 0.0 0.0 1 0
