output/Jan25/final_nf_input/field_b_L2_visit1_final_targets.ecsv
# %ECSV 1.0
# ---
# datatype:
# - {name: ob_code, datatype: string}
# - {name: catId, datatype: int32}
# - {name: description, datatype: string}
# - {name: R.A., datatype: float64}
# - {name: Dec., datatype: float64}
# - {name: Exposure Time, datatype: float64}
# - {name: Priority, datatype: int32}
# - {name: resolution, datatype: string}
# - {name: reference_arm, datatype: string}
# - {name: ID, datatype: int64}
# - {name: g_hsc, datatype: float64}
# - {name: g_hsc_err, datatype: float64}
# - {name: r2_hsc, datatype: float64}
# - {name: r2_hsc_err, datatype: float64}
# - {name: i2_hsc, datatype: float64}
# - {name: i2_hsc_err, datatype: float64}
# - {name: z_hsc, datatype: float64}
# - {name: z_hsc_err, datatype: float64}
# - {name: y_hsc, datatype: float64}
# - {name: y_hsc_err, datatype: float64}
# - {name: epoch, datatype: float64}
# - {name: input_catalog_id, datatype: float64}
# - {name: psf_flux_g, datatype: float64}
# - {name: psf_flux_error_g, datatype: float64}
# - {name: psf_flux_r, datatype: float64}
# - {name: psf_flux_error_r, datatype: float64}
# - {name: psf_flux_i, datatype: float64}
# - {name: psf_flux_error_i, datatype: float64}
# - {name: psf_flux_z, datatype: float64}
# - {name: psf_flux_error_z, datatype: float64}
# - {name: psf_flux_y, datatype: float64}
# - {name: psf_flux_error_y, datatype: float64}
# - {name: parallax, datatype: float64}
# - {name: parallax_error, datatype: float64}
# - {name: pmra, datatype: float64}
# - {name: pmra_error, datatype: float64}
# - {name: pmdec, datatype: float64}
# - {name: pmdec_error, datatype: float64}
# - {name: target_type, datatype: int32}
# - {name: stage, datatype: int32}
# schema: astropy-2.0
ob_code catId description R.A. Dec. "Exposure Time" Priority resolution reference_arm ID g_hsc g_hsc_err r2_hsc r2_hsc_err i2_hsc i2_hsc_err z_hsc z_hsc_err y_hsc y_hsc_err epoch input_catalog_id psf_flux_g psf_flux_error_g psf_flux_r psf_flux_error_r psf_flux_i psf_flux_error_i psf_flux_z psf_flux_error_z psf_flux_y psf_flux_error_y parallax parallax_error pmra pmra_error pmdec pmdec_error target_type stage
[from data line 1948]
_Sky_3284130046 2007 "Sky positions from PS1" 37.48718216677512 -0.2361430439300116 1800.0 1 L r 19400782247 nan nan nan nan nan nan nan nan nan nan nan nan nan nan nan nan nan nan nan nan nan nan 1e-07 1e-07 0.0 0.0 0.0 0.0 2 0
_Sky_3284115943 2007 "Sky positions from PS1" 37.57704468369809 -0.2566873398253822 1800.0 1 L r 19400768144 nan nan nan nan nan nan nan nan nan nan nan nan nan nan nan nan nan nan nan nan nan nan 1e-07 1e-07 0.0 0.0 0.0 0.0 2 0
_Sky_3284122970 2007 "Sky positions from PS1" 37.56337159439231 -0.2354026978395458 1800.0 1 L r 19400775171 nan nan nan nan nan nan nan nan nan nan nan nan nan nan nan nan nan nan nan nan nan nan 1e-07 1e-07 0.0 0.0 0.0 0.0 2 0
_Sky_3284157234 2007 "Sky positions from PS1" 37.68785684617086 -0.2771792177865322 1800.0 1 L r 19400809435 nan nan nan nan nan nan nan nan nan nan nan nan nan nan nan nan nan nan nan nan nan nan 1e-07 1e-07 0.0 0.0 0.0 0.0 2 0
_Sky_3284136491 2007 "Sky positions from PS1" 37.59863781707867 -0.2557523587891782 1800.0 1 L r 19400788692 nan nan nan nan nan nan nan nan nan nan nan nan nan nan nan nan nan nan nan nan nan nan 1e-07 1e-07 0.0 0.0 0.0 0.0 2 0
_Sky_3284112294 2007 "Sky positions from PS1" 37.58929736035821 -0.1910923465768071 1800.0 1 L r 19400764495 nan nan nan nan nan nan nan nan nan nan nan nan nan nan nan nan nan nan nan nan nan nan 1e-07 1e-07 0.0 0.0 0.0 0.0 2 0
_Sky_3284144953 2007 "Sky positions from PS1" 37.66160370394256 -0.1928112191532397 1800.0 1 L r 19400797154 nan nan nan nan nan nan nan nan nan nan nan nan nan nan nan nan nan nan nan nan nan nan 1e-07 1e-07 0.0 0.0 0.0 0.0 2 0
_Sky_3284140185 2007 "Sky positions from PS1" 37.69846292582804 -0.212384526013044 1800.0 1 L r 19400792386 nan nan nan nan nan nan nan nan nan nan nan nan nan nan nan nan nan nan nan nan nan nan 1e-07 1e-07 0.0 0.0 0.0 0.0 2 0
_Sky_3284123045 2007 "Sky positions from PS1" 37.46133303841186 -0.1489606758143913 1800.0 1 L r 19400775246 nan nan nan nan nan nan nan nan nan nan nan nan nan nan nan nan nan nan nan nan nan nan 1e-07 1e-07 0.0 0.0 0.0 0.0 2 0
_Sky_3284107335 2007 "Sky positions from PS1" 37.44923920359362 -0.1274695422892962 1800.0 1 L r 19400759536 nan nan nan nan nan nan nan nan nan nan nan nan nan nan nan nan nan nan nan nan nan nan 1e-07 1e-07 0.0 0.0 0.0 0.0 2 0
_Sky_3284124694 2007 "Sky positions from PS1" 37.5246352154249 -0.1690888754708256 1800.0 1 L r 19400776895 nan nan nan nan nan nan nan nan nan nan nan nan nan nan nan nan nan nan nan nan nan nan 1e-07 1e-07 0.0 0.0 0.0 0.0 2 0
_Sky_3284110297 2007 "Sky positions from PS1" 37.51074886759569 -0.104609170734027 1800.0 1 L r 19400762498 nan nan nan nan nan nan nan nan nan nan nan nan nan nan nan nan nan nan nan nan nan nan 1e-07 1e-07 0.0 0.0 0.0 0.0 2 0
_Sky_3284113437 2007 "Sky positions from PS1" 37.55106188027855 -0.1272617625108015 1800.0 1 L r 19400765638 nan nan nan nan nan nan nan nan nan nan nan nan nan nan nan nan nan nan nan nan nan nan 1e-07 1e-07 0.0 0.0 0.0 0.0 2 0
_Sky_3284115375 2007 "Sky positions from PS1" 37.45115026549135 -0.04034436480056 1800.0 1 L r 19400767576 nan nan nan nan nan nan nan nan nan nan nan nan nan nan nan nan nan nan nan nan nan nan 1e-07 1e-07 0.0 0.0 0.0 0.0 2 0
_Sky_3284150762 2007 "Sky positions from PS1" 37.52582374397788 -0.0841918303704181 1800.0 1 L r 19400802963 nan nan nan nan nan nan nan nan nan nan nan nan nan nan nan nan nan nan nan nan nan nan 1e-07 1e-07 0.0 0.0 0.0 0.0 2 0
_Sky_3284148272 2007 "Sky positions from PS1" 37.51267444291448 -0.0608299194399489 1800.0 1 L r 19400800473 nan nan nan nan nan nan nan nan nan nan nan nan nan nan nan nan nan nan nan nan nan nan 1e-07 1e-07 0.0 0.0 0.0 0.0 2 0
_Sky_3284128942 2007 "Sky positions from PS1" 37.57325219940274 -0.0419213435687729 1800.0 1 L r 19400781143 nan nan nan nan nan nan nan nan nan nan nan nan nan nan nan nan nan nan nan nan nan nan 1e-07 1e-07 0.0 0.0 0.0 0.0 2 0
_Sky_3284125307 2007 "Sky positions from PS1" 37.60004784527293 -0.1280607124533468 1800.0 1 L r 19400777508 nan nan nan nan nan nan nan nan nan nan nan nan nan nan nan nan nan nan nan nan nan nan 1e-07 1e-07 0.0 0.0 0.0 0.0 2 0
_Sky_3284104272 2007 "Sky positions from PS1" 37.6505787233522 -0.1702509504539178 1800.0 1 L r 19400756473 nan nan nan nan nan nan nan nan nan nan nan nan nan nan nan nan nan nan nan nan nan nan 1e-07 1e-07 0.0 0.0 0.0 0.0 2 0
_Sky_3284133670 2007 "Sky positions from PS1" 37.69866509387099 -0.1273762325672231 1800.0 1 L r 19400785871 nan nan nan nan nan nan nan nan nan nan nan nan nan nan nan nan nan nan nan nan nan nan 1e-07 1e-07 0.0 0.0 0.0 0.0 2 0
_Sky_3284155105 2007 "Sky positions from PS1" 37.62327918195098 -0.0841925167346147 1800.0 1 L r 19400807306 nan nan nan nan nan nan nan nan nan nan nan nan nan nan nan nan nan nan nan nan nan nan 1e-07 1e-07 0.0 0.0 0.0 0.0 2 0
_Sky_3284141618 2007 "Sky positions from PS1" 37.67529645497624 -0.0848325276028999 1800.0 1 L r 19400793819 nan nan nan nan nan nan nan nan nan nan nan nan nan nan nan nan nan nan nan nan nan nan 1e-07 1e-07 0.0 0.0 0.0 0.0 2 0
_Sky_3284129256 2007 "Sky positions from PS1" 37.66114785082059 -0.0630557105258696 1800.0 1 L r 19400781457 nan nan nan nan nan nan nan nan nan nan nan nan nan nan nan nan nan nan nan nan nan nan 1e-07 1e-07 0.0 0.0 0.0 0.0 2 0
_Sky_3284136950 2007 "Sky positions from PS1" 37.69860030080642 -0.0395865401651096 1800.0 1 L r 19400789151 nan nan nan nan nan nan nan nan nan nan nan nan nan nan nan nan nan nan nan nan nan nan 1e-07 1e-07 0.0 0.0 0.0 0.0 2 0
_Sky_3284149499 2007 "Sky positions from PS1" 37.72365152630984 -0.3436299756317199 1800.0 1 L r 19400801700 nan nan nan nan nan nan nan nan nan nan nan nan nan nan nan nan nan nan nan nan nan nan 1e-07 1e-07 0.0 0.0 0.0 0.0 2 0
_Sky_3284130222 2007 "Sky positions from PS1" 37.74857643348546 -0.3423895137512219 1800.0 1 L r 19400782423 nan nan nan nan nan nan nan nan nan nan nan nan nan nan nan nan nan nan nan nan nan nan 1e-07 1e-07 0.0 0.0 0.0 0.0 2 0
_Sky_3284105746 2007 "Sky positions from PS1" 37.77433767413687 -0.3410559929748472 1800.0 1 L r 19400757947 nan nan nan nan nan nan nan nan nan nan nan nan nan nan nan nan nan nan nan nan nan nan 1e-07 1e-07 0.0 0.0 0.0 0.0 2 0
_Sky_3284170126 2007 "Sky positions from PS1" 37.78511782667604 -0.2764526638773986 1800.0 1 L r 19402861807 nan nan nan nan nan nan nan nan nan nan nan nan nan nan nan nan nan nan nan nan nan nan 1e-07 1e-07 0.0 0.0 0.0 0.0 2 0
_Sky_3284190493 2007 "Sky positions from PS1" 37.8362250818837 -0.3206652133831914 1800.0 1 L r 19402882174 nan nan nan nan nan nan nan nan nan nan nan nan nan nan nan nan nan nan nan nan nan nan 1e-07 1e-07 0.0 0.0 0.0 0.0 2 0
_Sky_3284209038 2007 "Sky positions from PS1" 37.80869310994231 -0.1918569474072434 1800.0 1 L r 19402900719 nan nan nan nan nan nan nan nan nan nan nan nan nan nan nan nan nan nan nan nan nan nan 1e-07 1e-07 0.0 0.0 0.0 0.0 2 0
_Sky_3284159400 2007 "Sky positions from PS1" 37.86044851245003 -0.3194241151423252 1800.0 1 L r 19402851081 nan nan nan nan nan nan nan nan nan nan nan nan nan nan nan nan nan nan nan nan nan nan 1e-07 1e-07 0.0 0.0 0.0 0.0 2 0
_Sky_3284178527 2007 "Sky positions from PS1" 37.8954839699515 -0.3437786158755097 1800.0 1 L r 19402870208 nan nan nan nan nan nan nan nan nan nan nan nan nan nan nan nan nan nan nan nan nan nan 1e-07 1e-07 0.0 0.0 0.0 0.0 2 0
_Sky_3284189374 2007 "Sky positions from PS1" 37.90825427529583 -0.2784253819668097 1800.0 1 L r 19402881055 nan nan nan nan nan nan nan nan nan nan nan nan nan nan nan nan nan nan nan nan nan nan 1e-07 1e-07 0.0 0.0 0.0 0.0 2 0
_Sky_3284204933 2007 "Sky positions from PS1" 37.94344633043695 -0.3420138005283078 1800.0 1 L r 19402896614 nan nan nan nan nan nan nan nan nan nan nan nan nan nan nan nan nan nan nan nan nan nan 1e-07 1e-07 0.0 0.0 0.0 0.0 2 0
_Sky_3284166524 2007 "Sky positions from PS1" 37.93267714781949 -0.2759498264903088 1800.0 1 L r 19402858205 nan nan nan nan nan nan nan nan nan nan nan nan nan nan nan nan nan nan nan nan nan nan 1e-07 1e-07 0.0 0.0 0.0 0.0 2 0
_Sky_3284203367 2007 "Sky positions from PS1" 37.9092685456686 -0.2351896816815869 1800.0 1 L r 19402895048 nan nan nan nan nan nan nan nan nan nan nan nan nan nan nan nan nan nan nan nan nan nan 1e-07 1e-07 0.0 0.0 0.0 0.0 2 0
_Sky_3284207191 2007 "Sky positions from PS1" 37.896551701424784 -0.2145134365417838 1800.0 1 L r 19402898872 nan nan nan nan nan nan nan nan nan nan nan nan nan nan nan nan nan nan nan nan nan nan 1e-07 1e-07 0.0 0.0 0.0 0.0 2 0
_Sky_3284173027 2007 "Sky positions from PS1" 37.93151082228519 -0.1933304283337868 1800.0 1 L r 19402864708 nan nan nan nan nan nan nan nan nan nan nan nan nan nan nan nan nan nan nan nan nan nan 1e-07 1e-07 0.0 0.0 0.0 0.0 2 0
_Sky_3284197068 2007 "Sky positions from PS1" 37.96754825939181 -0.2127541095566684 1800.0 1 L r 19402888749 nan nan nan nan nan nan nan nan nan nan nan nan nan nan nan nan nan nan nan nan nan nan 1e-07 1e-07 0.0 0.0 0.0 0.0 2 0
_Sky_3284171997 2007 "Sky positions from PS1" 37.99366708888464 -0.2129453119373389 1800.0 1 L r 19402863678 nan nan nan nan nan nan nan nan nan nan nan nan nan nan nan nan nan nan nan nan nan nan 1e-07 1e-07 0.0 0.0 0.0 0.0 2 0
_Sky_3284190827 2007 "Sky positions from PS1" 37.8223140325089 -0.1701614350650755 1800.0 1 L r 19402882508 nan nan nan nan nan nan nan nan nan nan nan nan nan nan nan nan nan nan nan nan nan nan 1e-07 1e-07 0.0 0.0 0.0 0.0 2 0
_Sky_3284203172 2007 "Sky positions from PS1" 37.811112142349984 -0.1496553265217523 1800.0 1 L r 19402894853 nan nan nan nan nan nan nan nan nan nan nan nan nan nan nan nan nan nan nan nan nan nan 1e-07 1e-07 0.0 0.0 0.0 0.0 2 0
_Sky_3284177436 2007 "Sky positions from PS1" 37.80862535953248 -0.1055732908496742 1800.0 1 L r 19402869117 nan nan nan nan nan nan nan nan nan nan nan nan nan nan nan nan nan nan nan nan nan nan 1e-07 1e-07 0.0 0.0 0.0 0.0 2 0
_Sky_3284214225 2007 "Sky positions from PS1" 37.834691430436784 -0.1055455280108292 1800.0 1 L r 19402905906 nan nan nan nan nan nan nan nan nan nan nan nan nan nan nan nan nan nan nan nan nan nan 1e-07 1e-07 0.0 0.0 0.0 0.0 2 0
_Sky_3284107067 2007 "Sky positions from PS1" 37.72277057970874 -0.0826422430864838 1800.0 1 L r 19400759268 nan nan nan nan nan nan nan nan nan nan nan nan nan nan nan nan nan nan nan nan nan nan 1e-07 1e-07 0.0 0.0 0.0 0.0 2 0
_Sky_3284147665 2007 "Sky positions from PS1" 37.76069945695393 -0.0631560575674493 1800.0 1 L r 19400799866 nan nan nan nan nan nan nan nan nan nan nan nan nan nan nan nan nan nan nan nan nan nan 1e-07 1e-07 0.0 0.0 0.0 0.0 2 0
_Sky_3284133049 2007 "Sky positions from PS1" 37.72199563816393 -0.0408086076390348 1800.0 1 L r 19400785250 nan nan nan nan nan nan nan nan nan nan nan nan nan nan nan nan nan nan nan nan nan nan 1e-07 1e-07 0.0 0.0 0.0 0.0 2 0
_Sky_3284109788 2007 "Sky positions from PS1" 37.74671907911266 -0.0406585389281946 1800.0 1 L r 19400761989 nan nan nan nan nan nan nan nan nan nan nan nan nan nan nan nan nan nan nan nan nan nan 1e-07 1e-07 0.0 0.0 0.0 0.0 2 0
_Sky_3284143682 2007 "Sky positions from PS1" 37.76040121981631 -0.0202762833546845 1800.0 1 L r 19400795883 nan nan nan nan nan nan nan nan nan nan nan nan nan nan nan nan nan nan nan nan nan nan 1e-07 1e-07 0.0 0.0 0.0 0.0 2 0
_Sky_3284178991 2007 "Sky positions from PS1" 37.78564030249778 -0.0190889490989615 1800.0 1 L r 19402870672 nan nan nan nan nan nan nan nan nan nan nan nan nan nan nan nan nan nan nan nan nan nan 1e-07 1e-07 0.0 0.0 0.0 0.0 2 0
_Sky_3284199649 2007 "Sky positions from PS1" 37.79666966272861 -0.0428470665251465 1800.0 1 L r 19402891330 nan nan nan nan nan nan nan nan nan nan nan nan nan nan nan nan nan nan nan nan nan nan 1e-07 1e-07 0.0 0.0 0.0 0.0 2 0
_Sky_3284179410 2007 "Sky positions from PS1" 37.84619816834061 -0.0428055675562059 1800.0 1 L r 19402871091 nan nan nan nan nan nan nan nan nan nan nan nan nan nan nan nan nan nan nan nan nan nan 1e-07 1e-07 0.0 0.0 0.0 0.0 2 0
_Sky_3284172419 2007 "Sky positions from PS1" 37.89383106967977 -0.1697935547596047 1800.0 1 L r 19402864100 nan nan nan nan nan nan nan nan nan nan nan nan nan nan nan nan nan nan nan nan nan nan 1e-07 1e-07 0.0 0.0 0.0 0.0 2 0
_Sky_3284195573 2007 "Sky positions from PS1" 37.91978134685287 -0.1717323296402232 1800.0 1 L r 19402887254 nan nan nan nan nan nan nan nan nan nan nan nan nan nan nan nan nan nan nan nan nan nan 1e-07 1e-07 0.0 0.0 0.0 0.0 2 0
_Sky_3284209965 2007 "Sky positions from PS1" 37.90811098153199 -0.1053655927188113 1800.0 1 L r 19402901646 nan nan nan nan nan nan nan nan nan nan nan nan nan nan nan nan nan nan nan nan nan nan 1e-07 1e-07 0.0 0.0 0.0 0.0 2 0
_Sky_3284210369 2007 "Sky positions from PS1" 37.9301641569688 -0.1496477705146601 1800.0 1 L r 19402902050 nan nan nan nan nan nan nan nan nan nan nan nan nan nan nan nan nan nan nan nan nan nan 1e-07 1e-07 0.0 0.0 0.0 0.0 2 0
_Sky_3284183426 2007 "Sky positions from PS1" 37.91873308778869 -0.0862324842899657 1800.0 1 L r 19402875107 nan nan nan nan nan nan nan nan nan nan nan nan nan nan nan nan nan nan nan nan nan nan 1e-07 1e-07 0.0 0.0 0.0 0.0 2 0
_Sky_3284187673 2007 "Sky positions from PS1" 37.908112633762606 -0.0632446019347052 1800.0 1 L r 19402879354 nan nan nan nan nan nan nan nan nan nan nan nan nan nan nan nan nan nan nan nan nan nan 1e-07 1e-07 0.0 0.0 0.0 0.0 2 0
_Sky_3284163922 2007 "Sky positions from PS1" 37.88349359466197 -0.0203668453381855 1800.0 1 L r 19402855603 nan nan nan nan nan nan nan nan nan nan nan nan nan nan nan nan nan nan nan nan nan nan 1e-07 1e-07 0.0 0.0 0.0 0.0 2 0
_Sky_3284176241 2007 "Sky positions from PS1" 37.955372186563785 -0.06321841307345 1800.0 1 L r 19402867922 nan nan nan nan nan nan nan nan nan nan nan nan nan nan nan nan nan nan nan nan nan nan 1e-07 1e-07 0.0 0.0 0.0 0.0 2 0
_Sky_3284173219 2007 "Sky positions from PS1" 37.98041665064802 -0.0628482649889383 1800.0 1 L r 19402864900 nan nan nan nan nan nan nan nan nan nan nan nan nan nan nan nan nan nan nan nan nan nan 1e-07 1e-07 0.0 0.0 0.0 0.0 2 0
_Sky_3284183397 2007 "Sky positions from PS1" 37.96571487466534 -0.0429784373886252 1800.0 1 L r 19402875078 nan nan nan nan nan nan nan nan nan nan nan nan nan nan nan nan nan nan nan nan nan nan 1e-07 1e-07 0.0 0.0 0.0 0.0 2 0
_Sky_3284206012 2007 "Sky positions from PS1" 38.01500892660028 -0.5101848299252794 1800.0 1 L r 19402897693 nan nan nan nan nan nan nan nan nan nan nan nan nan nan nan nan nan nan nan nan nan nan 1e-07 1e-07 0.0 0.0 0.0 0.0 2 0
_Sky_3284198064 2007 "Sky positions from PS1" 38.028088557931184 -0.4911300680211865 1800.0 1 L r 19402889745 nan nan nan nan nan nan nan nan nan nan nan nan nan nan nan nan nan nan nan nan nan nan 1e-07 1e-07 0.0 0.0 0.0 0.0 2 0
_Sky_3284205523 2007 "Sky positions from PS1" 38.05174615428668 -0.4053633378372903 1800.0 1 L r 19402897204 nan nan nan nan nan nan nan nan nan nan nan nan nan nan nan nan nan nan nan nan nan nan 1e-07 1e-07 0.0 0.0 0.0 0.0 2 0
_Sky_3284174933 2007 "Sky positions from PS1" 38.01563367119206 -0.3836255724277254 1800.0 1 L r 19402866614 nan nan nan nan nan nan nan nan nan nan nan nan nan nan nan nan nan nan nan nan nan nan 1e-07 1e-07 0.0 0.0 0.0 0.0 2 0
_Sky_3284178195 2007 "Sky positions from PS1" 38.02929381316926 -0.3617607303599636 1800.0 1 L r 19402869876 nan nan nan nan nan nan nan nan nan nan nan nan nan nan nan nan nan nan nan nan nan nan 1e-07 1e-07 0.0 0.0 0.0 0.0 2 0
_Sky_3284178860 2007 "Sky positions from PS1" 38.0412339603919 -0.3848685627464603 1800.0 1 L r 19402870541 nan nan nan nan nan nan nan nan nan nan nan nan nan nan nan nan nan nan nan nan nan nan 1e-07 1e-07 0.0 0.0 0.0 0.0 2 0
_Sky_3284167825 2007 "Sky positions from PS1" 38.0639566372929 -0.3849323772453826 1800.0 1 L r 19402859506 nan nan nan nan nan nan nan nan nan nan nan nan nan nan nan nan nan nan nan nan nan nan 1e-07 1e-07 0.0 0.0 0.0 0.0 2 0
