output/Jan25/final_nf_input/field_a_L1_visit1_final_targets.ecsv
# %ECSV 1.0
# ---
# datatype:
# - {name: ob_code, datatype: string}
# - {name: catId, datatype: int32}
# - {name: description, datatype: string}
# - {name: R.A., datatype: float64}
# - {name: Dec., datatype: float64}
# - {name: Exposure Time, datatype: float64}
# - {name: Priority, datatype: int32}
# - {name: resolution, datatype: string}
# - {name: reference_arm, datatype: string}
# - {name: ID, datatype: int64}
# - {name: g_hsc, datatype: float64}
# - {name: g_hsc_err, datatype: float64}
# - {name: r2_hsc, datatype: float64}
# - {name: r2_hsc_err, datatype: float64}
# - {name: i2_hsc, datatype: float64}
# - {name: i2_hsc_err, datatype: float64}
# - {name: z_hsc, datatype: float64}
# - {name: z_hsc_err, datatype: float64}
# - {name: y_hsc, datatype: float64}
# - {name: y_hsc_err, datatype: float64}
# - {name: epoch, datatype: float64}
# - {name: input_catalog_id, datatype: float64}
# - {name: psf_flux_g, datatype: float64}
# - {name: psf_flux_error_g, datatype: float64}
# - {name: psf_flux_r, datatype: float64}
# - {name: psf_flux_error_r, datatype: float64}
# - {name: psf_flux_i, datatype: float64}
# - {name: psf_flux_error_i, datatype: float64}
# - {name: psf_flux_z, datatype: float64}
# - {name: psf_flux_error_z, datatype: float64}
# - {name: psf_flux_y, datatype: float64}
# - {name: psf_flux_error_y, datatype: float64}
# - {name: parallax, datatype: float64}
# - {name: parallax_error, datatype: float64}
# - {name: pmra, datatype: float64}
# - {name: pmra_error, datatype: float64}
# - {name: pmdec, datatype: float64}
# - {name: pmdec_error, datatype: float64}
# - {name: target_type, datatype: int32}
# - {name: stage, datatype: int32}
# schema: astropy-2.0
ob_code catId description R.A. Dec. "Exposure Time" Priority resolution reference_arm ID g_hsc g_hsc_err r2_hsc r2_hsc_err i2_hsc i2_hsc_err z_hsc z_hsc_err y_hsc y_hsc_err epoch input_catalog_id psf_flux_g psf_flux_error_g psf_flux_r psf_flux_error_r psf_flux_i psf_flux_error_i psf_flux_z psf_flux_error_z psf_flux_y psf_flux_error_y parallax parallax_error pmra pmra_error pmdec pmdec_error target_type stage
[from data line 877]
_Cos_38558240698553535 11 "HSC-SSP Public Data Release 4 (Wide)" 37.16477651584053 -3.7732368876761253 1800.0 1 L r 38558240698553535 840.472 17.64298 921.1113 36.564564 977.9762 25.642832 1540.4347 70.68053 1815.5302 135.69775 nan nan nan nan nan nan nan nan nan nan nan nan 1e-07 1e-07 0.0 0.0 0.0 0.0 1 0
_Cos_38558240698554016 11 "HSC-SSP Public Data Release 4 (Wide)" 37.24879740589039 -3.759438502483217 1800.0 1 L r 38558240698554016 561.7267 16.353172 526.8153 34.557297 988.6899 21.388506 859.7327 64.38576 1544.1373 104.47892 nan nan nan nan nan nan nan nan nan nan nan nan 1e-07 1e-07 0.0 0.0 0.0 0.0 1 0
_Cos_38558240698554166 11 "HSC-SSP Public Data Release 4 (Wide)" 37.22404468817142 -3.7582471521950986 1800.0 1 L r 38558240698554166 985.9275 38.93919 1110.6707 36.91672 2303.9065 32.36736 3388.3772 106.76521 4644.527 190.32242 nan nan nan nan nan nan nan nan nan nan nan nan 1e-07 1e-07 0.0 0.0 0.0 0.0 1 0
_Cos_38558240698554468 11 "HSC-SSP Public Data Release 4 (Wide)" 37.10141738454397 -3.7538789220539974 1800.0 1 L r 38558240698554468 645.47845 14.441343 836.8284 30.3258 1296.8632 25.601974 1836.7003 75.50028 1928.4371 112.44878 nan nan nan nan nan nan nan nan nan nan nan nan 1e-07 1e-07 0.0 0.0 0.0 0.0 1 0
_Cos_38558240698554545 11 "HSC-SSP Public Data Release 4 (Wide)" 37.265986080407764 -3.7524183747401625 1800.0 1 L r 38558240698554545 691.77997 16.198606 862.3413 33.181545 1402.0614 28.682224 1650.7512 73.942245 2236.381 135.38371 nan nan nan nan nan nan nan nan nan nan nan nan 1e-07 1e-07 0.0 0.0 0.0 0.0 1 0
_Cos_38558240698554896 11 "HSC-SSP Public Data Release 4 (Wide)" 37.12678133834837 -3.7467782187269223 1800.0 1 L r 38558240698554896 1421.7606 15.779395 1726.3739 31.976242 1889.4324 26.746422 2299.73 82.93531 2857.2373 140.32086 nan nan nan nan nan nan nan nan nan nan nan nan 1e-07 1e-07 0.0 0.0 0.0 0.0 1 0
_Cos_38558240698555281 11 "HSC-SSP Public Data Release 4 (Wide)" 37.24247150549196 -3.7388932894728835 1800.0 1 L r 38558240698555281 419.701 15.056527 510.8424 34.299038 960.6693 22.949549 1186.162 68.97478 1545.3073 110.06443 nan nan nan nan nan nan nan nan nan nan nan nan 1e-07 1e-07 0.0 0.0 0.0 0.0 1 0
_Cos_38558240698555524 11 "HSC-SSP Public Data Release 4 (Wide)" 37.194870402004405 -3.7336621558104635 1800.0 1 L r 38558240698555524 1375.3132 25.903614 1467.0011 44.45034 2609.63 45.123734 3210.4153 110.073906 3220.0625 175.37714 nan nan nan nan nan nan nan nan nan nan nan nan 1e-07 1e-07 0.0 0.0 0.0 0.0 1 0
_Cos_38558240698556248 11 "HSC-SSP Public Data Release 4 (Wide)" 37.1454148917733 -3.7181830326682768 1800.0 1 L r 38558240698556248 990.0894 17.938265 1037.2958 28.510979 1630.1461 28.994768 1543.3502 71.64388 1958.3207 122.20471 nan nan nan nan nan nan nan nan nan nan nan nan 1e-07 1e-07 0.0 0.0 0.0 0.0 1 0
_Cos_38558240698556310 11 "HSC-SSP Public Data Release 4 (Wide)" 37.126118092345514 -3.7157498724649933 1800.0 1 L r 38558240698556310 596.73047 15.132217 806.7836 31.348028 1369.427 25.243782 2090.3572 72.24987 2243.9104 119.90891 nan nan nan nan nan nan nan nan nan nan nan nan 1e-07 1e-07 0.0 0.0 0.0 0.0 1 0
_Cos_38558240698556409 11 "HSC-SSP Public Data Release 4 (Wide)" 37.179193023227604 -3.7161298048096736 1800.0 1 L r 38558240698556409 1424.9784 17.907734 1800.852 40.40333 2855.4502 27.453997 4527.4927 78.1864 4761.378 130.59038 nan nan nan nan nan nan nan nan nan nan nan nan 1e-07 1e-07 0.0 0.0 0.0 0.0 1 0
_Cos_38558240698556482 11 "HSC-SSP Public Data Release 4 (Wide)" 37.22594239183243 -3.713522440250889 1800.0 1 L r 38558240698556482 802.7143 39.51404 1262.7118 69.651825 1378.6172 81.50297 2175.1482 136.65016 521.66187 91.476456 nan nan nan nan nan nan nan nan nan nan nan nan 1e-07 1e-07 0.0 0.0 0.0 0.0 1 0
_Cos_38558240698556541 11 "HSC-SSP Public Data Release 4 (Wide)" 37.21179321473314 -3.713819645203221 1800.0 1 L r 38558240698556541 871.7557 16.08277 940.89246 32.708874 965.8267 27.580137 1270.2307 110.48395 898.58405 141.59302 nan nan nan nan nan nan nan nan nan nan nan nan 1e-07 1e-07 0.0 0.0 0.0 0.0 1 0
_Cos_38558240698556649 11 "HSC-SSP Public Data Release 4 (Wide)" 37.24926706919134 -3.710764562625541 1800.0 1 L r 38558240698556649 603.54065 15.870734 680.2352 34.082787 1026.3656 24.640549 1542.5194 72.42089 1566.1726 109.32597 nan nan nan nan nan nan nan nan nan nan nan nan 1e-07 1e-07 0.0 0.0 0.0 0.0 1 0
_Cos_38558240698556929 11 "HSC-SSP Public Data Release 4 (Wide)" 37.13932517474555 -3.702217632608477 1800.0 1 L r 38558240698556929 888.0778 19.819735 1329.5203 38.396366 2709.6306 33.64137 4112.827 111.52476 3608.9827 178.43024 nan nan nan nan nan nan nan nan nan nan nan nan 1e-07 1e-07 0.0 0.0 0.0 0.0 1 0
_Cos_38558240698557438 11 "HSC-SSP Public Data Release 4 (Wide)" 37.19308848399677 -3.696038303927242 1800.0 1 L r 38558240698557438 675.64886 14.863928 981.8554 31.61833 1491.6045 21.940258 2481.6438 66.508 2870.2112 115.88594 nan nan nan nan nan nan nan nan nan nan nan nan 1e-07 1e-07 0.0 0.0 0.0 0.0 1 0
_Cos_38558240698558152 11 "HSC-SSP Public Data Release 4 (Wide)" 37.25024187486816 -3.6837436656135454 1800.0 1 L r 38558240698558152 428.15182 16.922802 528.73553 35.977177 917.0831 30.031166 1013.2329 81.77304 1313.005 124.70245 nan nan nan nan nan nan nan nan nan nan nan nan 1e-07 1e-07 0.0 0.0 0.0 0.0 1 0
_Cos_38558240698558575 11 "HSC-SSP Public Data Release 4 (Wide)" 37.10346489445106 -3.676628153452497 1800.0 1 L r 38558240698558575 2616.9956 20.546345 2951.6624 40.336143 3628.0583 37.217213 4805.3037 99.03166 5087.9805 195.68611 nan nan nan nan nan nan nan nan nan nan nan nan 1e-07 1e-07 0.0 0.0 0.0 0.0 1 0
_Cos_38558240698559463 11 "HSC-SSP Public Data Release 4 (Wide)" 37.25030457442493 -3.662835050767083 1800.0 1 L r 38558240698559463 403.5687 14.954662 639.1144 31.156435 1340.8086 25.25431 2091.7764 83.76754 1396.5026 108.25277 nan nan nan nan nan nan nan nan nan nan nan nan 1e-07 1e-07 0.0 0.0 0.0 0.0 1 0
_Cos_38558240698560443 11 "HSC-SSP Public Data Release 4 (Wide)" 37.25059373600885 -3.645885089026591 1800.0 1 L r 38558240698560443 1140.6614 14.122847 1408.4886 29.28565 1514.3263 19.092567 1835.4137 66.63623 1917.5536 94.082886 nan nan nan nan nan nan nan nan nan nan nan nan 1e-07 1e-07 0.0 0.0 0.0 0.0 1 0
_Cos_38558240698560460 11 "HSC-SSP Public Data Release 4 (Wide)" 37.18206102327917 -3.6475679418670746 1800.0 1 L r 38558240698560460 508.40433 17.057884 493.85123 33.685085 1150.5035 31.779528 1154.0889 73.13811 2118.6792 147.05887 nan nan nan nan nan nan nan nan nan nan nan nan 1e-07 1e-07 0.0 0.0 0.0 0.0 1 0
_Cos_38558240698561516 11 "HSC-SSP Public Data Release 4 (Wide)" 37.12749886555698 -3.626277893810618 1800.0 1 L r 38558240698561516 672.3185 16.07199 784.5578 31.964228 1000.56995 23.480669 1508.756 73.059715 2736.7954 174.02019 nan nan nan nan nan nan nan nan nan nan nan nan 1e-07 1e-07 0.0 0.0 0.0 0.0 1 0
_Cos_38558244993500219 11 "HSC-SSP Public Data Release 4 (Wide)" 37.18237063271678 -3.6103242588453237 1800.0 1 L r 38558244993500219 220.08258 35.515774 282.16547 49.622707 973.0649 83.86029 262.65796 57.95094 442.2667 182.85022 nan nan nan nan nan nan nan nan nan nan nan nan 1e-07 1e-07 0.0 0.0 0.0 0.0 1 0
_Cos_38558244993501451 11 "HSC-SSP Public Data Release 4 (Wide)" 37.249006149811834 -3.5865116978009746 1800.0 1 L r 38558244993501451 1628.3223 21.436813 2079.1702 42.64066 2977.3071 32.390285 3922.7524 106.9025 3151.1843 156.13129 nan nan nan nan nan nan nan nan nan nan nan nan 1e-07 1e-07 0.0 0.0 0.0 0.0 1 0
_Cos_38558244993504086 11 "HSC-SSP Public Data Release 4 (Wide)" 37.26416290067163 -3.534997159065566 1800.0 1 L r 38558244993504086 1687.9796 19.338722 2185.872 38.166348 2389.4482 38.989006 2831.6655 107.56448 2974.097 170.67474 nan nan nan nan nan nan nan nan nan nan nan nan 1e-07 1e-07 0.0 0.0 0.0 0.0 1 0
_Cos_38558244993505825 11 "HSC-SSP Public Data Release 4 (Wide)" 37.25015520364852 -3.500537416445725 1800.0 1 L r 38558244993505825 426.33597 27.932632 589.04083 55.950275 1302.4254 36.475258 2008.5958 114.59528 2164.5383 155.36 nan nan nan nan nan nan nan nan nan nan nan nan 1e-07 1e-07 0.0 0.0 0.0 0.0 1 0
_Cos_38558244993519585 11 "HSC-SSP Public Data Release 4 (Wide)" 37.10970850785531 -3.617634851382184 1800.0 1 L r 38558244993519585 1785.8025 22.926882 2222.109 47.883144 2920.9333 54.52617 2370.8274 115.14885 2021.9135 168.35568 nan nan nan nan nan nan nan nan nan nan nan nan 1e-07 1e-07 0.0 0.0 0.0 0.0 1 0
_Cos_38558244993520037 11 "HSC-SSP Public Data Release 4 (Wide)" 37.14060859960943 -3.607848043655286 1800.0 1 L r 38558244993520037 1100.3319 13.461788 1205.1543 26.772316 1506.816 18.391346 1723.9471 57.293957 2584.3545 92.59421 nan nan nan nan nan nan nan nan nan nan nan nan 1e-07 1e-07 0.0 0.0 0.0 0.0 1 0
_Cos_38558244993520144 11 "HSC-SSP Public Data Release 4 (Wide)" 37.23515809401169 -3.6051992904359706 1800.0 1 L r 38558244993520144 713.3136 15.683271 1089.0895 40.87799 1852.1122 18.968363 2667.3997 63.878593 3439.9072 99.67951 nan nan nan nan nan nan nan nan nan nan nan nan 1e-07 1e-07 0.0 0.0 0.0 0.0 1 0
_Cos_38558244993520157 11 "HSC-SSP Public Data Release 4 (Wide)" 37.25829419542211 -3.6064190003067162 1800.0 1 L r 38558244993520157 563.00446 17.04338 671.2043 34.197132 922.5046 23.720087 1251.9347 71.957634 1330.9285 114.08054 nan nan nan nan nan nan nan nan nan nan nan nan 1e-07 1e-07 0.0 0.0 0.0 0.0 1 0
_Cos_38558244993520704 11 "HSC-SSP Public Data Release 4 (Wide)" 37.170449775945876 -3.5962163187876395 1800.0 1 L r 38558244993520704 1178.7721 15.831459 1362.4042 37.025566 1462.154 24.081814 1571.2465 69.718475 1483.1381 104.12283 nan nan nan nan nan nan nan nan nan nan nan nan 1e-07 1e-07 0.0 0.0 0.0 0.0 1 0
_Cos_38558244993521731 11 "HSC-SSP Public Data Release 4 (Wide)" 37.12166602550435 -3.58004841349249 1800.0 1 L r 38558244993521731 388.2649 15.695532 590.1519 28.952093 1195.8855 25.047447 1705.573 65.45865 1342.3375 91.495476 nan nan nan nan nan nan nan nan nan nan nan nan 1e-07 1e-07 0.0 0.0 0.0 0.0 1 0
_Cos_38558244993522472 11 "HSC-SSP Public Data Release 4 (Wide)" 37.13139343506474 -3.5672556389664174 1800.0 1 L r 38558244993522472 657.8687 19.947926 693.5019 37.37966 2204.9006 77.96901 1013.40753 104.72382 1788.182 138.79771 nan nan nan nan nan nan nan nan nan nan nan nan 1e-07 1e-07 0.0 0.0 0.0 0.0 1 0
_Cos_38558244993523130 11 "HSC-SSP Public Data Release 4 (Wide)" 37.23041312696763 -3.5553020775756243 1800.0 1 L r 38558244993523130 669.31757 22.173185 730.26056 44.206654 954.5695 35.972847 1207.4022 101.804985 1609.8547 158.54303 nan nan nan nan nan nan nan nan nan nan nan nan 1e-07 1e-07 0.0 0.0 0.0 0.0 1 0
_Cos_38558244993523473 11 "HSC-SSP Public Data Release 4 (Wide)" 37.227709146893794 -3.5460997492356277 1800.0 1 L r 38558244993523473 871.433 17.774216 1049.651 34.935726 1381.7141 26.530308 1672.7275 77.03746 1732.8324 109.37492 nan nan nan nan nan nan nan nan nan nan nan nan 1e-07 1e-07 0.0 0.0 0.0 0.0 1 0
_Cos_38558244993523965 11 "HSC-SSP Public Data Release 4 (Wide)" 37.15543793377524 -3.5346993140928715 1800.0 1 L r 38558244993523965 1540.3746 27.268543 1890.9849 42.481197 2993.118 39.892548 4102.955 102.10905 4210.3066 172.1872 nan nan nan nan nan nan nan nan nan nan nan nan 1e-07 1e-07 0.0 0.0 0.0 0.0 1 0
_Cos_38558244993524063 11 "HSC-SSP Public Data Release 4 (Wide)" 37.24173695458649 -3.531846442358299 1800.0 1 L r 38558244993524063 377.88498 24.669336 499.78012 46.594658 935.65985 31.559505 1355.8685 94.15332 1518.1469 166.81516 nan nan nan nan nan nan nan nan nan nan nan nan 1e-07 1e-07 0.0 0.0 0.0 0.0 1 0
_Cos_38558244993524450 11 "HSC-SSP Public Data Release 4 (Wide)" 37.19736013003927 -3.5232400604990457 1800.0 1 L r 38558244993524450 599.09436 16.28034 731.74805 35.718746 1124.1761 27.185627 1310.7471 81.06754 1491.0226 126.417 nan nan nan nan nan nan nan nan nan nan nan nan 1e-07 1e-07 0.0 0.0 0.0 0.0 1 0
_Cos_38558244993524657 11 "HSC-SSP Public Data Release 4 (Wide)" 37.238547339966026 -3.518055112683663 1800.0 1 L r 38558244993524657 965.0091 19.38177 1068.346 46.939934 1494.145 27.870365 1719.3628 72.21036 1884.6152 123.323105 nan nan nan nan nan nan nan nan nan nan nan nan 1e-07 1e-07 0.0 0.0 0.0 0.0 1 0
_Cos_38558244993524766 11 "HSC-SSP Public Data Release 4 (Wide)" 37.21638391282148 -3.51489139390329 1800.0 1 L r 38558244993524766 1616.6305 27.555595 1802.7251 48.346355 2392.1108 51.35574 2511.3823 109.842636 2394.6912 229.0031 nan nan nan nan nan nan nan nan nan nan nan nan 1e-07 1e-07 0.0 0.0 0.0 0.0 1 0
_Cos_38558244993524853 11 "HSC-SSP Public Data Release 4 (Wide)" 37.10354702532899 -3.513531574246307 1800.0 1 L r 38558244993524853 881.9791 19.9204 1023.79553 36.35427 1361.3711 34.176167 1408.7778 93.26639 986.0148 99.08401 nan nan nan nan nan nan nan nan nan nan nan nan 1e-07 1e-07 0.0 0.0 0.0 0.0 1 0
_Cos_38558244993524920 11 "HSC-SSP Public Data Release 4 (Wide)" 37.25752003317745 -3.5137251045607063 1800.0 1 L r 38558244993524920 518.8076 19.578503 798.4798 37.237175 1519.788 39.272102 2171.401 105.741844 1124.1687 126.61377 nan nan nan nan nan nan nan nan nan nan nan nan 1e-07 1e-07 0.0 0.0 0.0 0.0 1 0
_Cos_38558244993525251 11 "HSC-SSP Public Data Release 4 (Wide)" 37.157922948864325 -3.505536156727936 1800.0 1 L r 38558244993525251 950.96893 18.260994 1445.0498 32.266754 1945.1254 24.526535 2909.9575 73.37149 4618.388 122.83555 nan nan nan nan nan nan nan nan nan nan nan nan 1e-07 1e-07 0.0 0.0 0.0 0.0 1 0
_Cos_38558244993525349 11 "HSC-SSP Public Data Release 4 (Wide)" 37.12021124752267 -3.5021060916144515 1800.0 1 L r 38558244993525349 1123.7621 16.668869 1395.6796 35.0882 1575.4042 23.4003 2496.237 76.740654 3074.695 106.905655 nan nan nan nan nan nan nan nan nan nan nan nan 1e-07 1e-07 0.0 0.0 0.0 0.0 1 0
_Cos_38558244993525468 11 "HSC-SSP Public Data Release 4 (Wide)" 37.22044593544708 -3.499876693184922 1800.0 1 L r 38558244993525468 706.5689 24.647326 963.28955 59.99884 1817.0465 41.506462 2590.509 90.40173 2922.0796 139.88268 nan nan nan nan nan nan nan nan nan nan nan nan 1e-07 1e-07 0.0 0.0 0.0 0.0 1 0
_Cos_38558244993526276 11 "HSC-SSP Public Data Release 4 (Wide)" 37.245964702638254 -3.485268772236684 1800.0 1 L r 38558244993526276 1476.6611 27.719706 1872.7218 69.66316 2464.0222 39.81716 3945.1565 107.337685 5042.0996 158.10738 nan nan nan nan nan nan nan nan nan nan nan nan 1e-07 1e-07 0.0 0.0 0.0 0.0 1 0
_Cos_38558244993526310 11 "HSC-SSP Public Data Release 4 (Wide)" 37.25640108096873 -3.4839683379533106 1800.0 1 L r 38558244993526310 1481.8339 17.864113 1702.6696 36.108097 2008.0049 28.977861 2834.0413 95.29239 2216.0317 150.78091 nan nan nan nan nan nan nan nan nan nan nan nan 1e-07 1e-07 0.0 0.0 0.0 0.0 1 0
_Cos_38558244993527643 11 "HSC-SSP Public Data Release 4 (Wide)" 37.211332732496444 -3.4573768769438926 1800.0 1 L r 38558244993527643 1319.8945 24.47893 1672.45 49.83791 1863.274 48.998493 2727.546 143.5523 2587.6028 187.97742 nan nan nan nan nan nan nan nan nan nan nan nan 1e-07 1e-07 0.0 0.0 0.0 0.0 1 0
_Cos_38558244993527750 11 "HSC-SSP Public Data Release 4 (Wide)" 37.24766464694164 -3.453714327076337 1800.0 1 L r 38558244993527750 800.95215 26.90511 823.76355 46.351624 1217.7657 51.372204 1129.9102 110.70673 1737.4426 207.254 nan nan nan nan nan nan nan nan nan nan nan nan 1e-07 1e-07 0.0 0.0 0.0 0.0 1 0
_Cos_38558249288470183 11 "HSC-SSP Public Data Release 4 (Wide)" 37.27154495857135 -3.3613149390792594 1800.0 1 L r 38558249288470183 399.78296 15.496112 650.9935 25.93534 1218.5067 27.531668 2015.4565 72.77289 2572.9578 113.73897 nan nan nan nan nan nan nan nan nan nan nan nan 1e-07 1e-07 0.0 0.0 0.0 0.0 1 0
_Cos_38558249288471291 11 "HSC-SSP Public Data Release 4 (Wide)" 37.20760967382388 -3.3370890350414286 1800.0 1 L r 38558249288471291 590.7053 22.020662 723.6867 43.081722 1385.8281 51.277767 1659.8158 108.97303 2241.9358 174.13959 nan nan nan nan nan nan nan nan nan nan nan nan 1e-07 1e-07 0.0 0.0 0.0 0.0 1 0
