output/Jan25/final_nf_input/field_a_L1_visit1_final_targets.ecsv
# %ECSV 1.0
# ---
# datatype:
# - {name: ob_code, datatype: string}
# - {name: catId, datatype: int32}
# - {name: description, datatype: string}
# - {name: R.A., datatype: float64}
# - {name: Dec., datatype: float64}
# - {name: Exposure Time, datatype: float64}
# - {name: Priority, datatype: int32}
# - {name: resolution, datatype: string}
# - {name: reference_arm, datatype: string}
# - {name: ID, datatype: int64}
# - {name: g_hsc, datatype: float64}
# - {name: g_hsc_err, datatype: float64}
# - {name: r2_hsc, datatype: float64}
# - {name: r2_hsc_err, datatype: float64}
# - {name: i2_hsc, datatype: float64}
# - {name: i2_hsc_err, datatype: float64}
# - {name: z_hsc, datatype: float64}
# - {name: z_hsc_err, datatype: float64}
# - {name: y_hsc, datatype: float64}
# - {name: y_hsc_err, datatype: float64}
# - {name: epoch, datatype: float64}
# - {name: input_catalog_id, datatype: float64}
# - {name: psf_flux_g, datatype: float64}
# - {name: psf_flux_error_g, datatype: float64}
# - {name: psf_flux_r, datatype: float64}
# - {name: psf_flux_error_r, datatype: float64}
# - {name: psf_flux_i, datatype: float64}
# - {name: psf_flux_error_i, datatype: float64}
# - {name: psf_flux_z, datatype: float64}
# - {name: psf_flux_error_z, datatype: float64}
# - {name: psf_flux_y, datatype: float64}
# - {name: psf_flux_error_y, datatype: float64}
# - {name: parallax, datatype: float64}
# - {name: parallax_error, datatype: float64}
# - {name: pmra, datatype: float64}
# - {name: pmra_error, datatype: float64}
# - {name: pmdec, datatype: float64}
# - {name: pmdec_error, datatype: float64}
# - {name: target_type, datatype: int32}
# - {name: stage, datatype: int32}
# schema: astropy-2.0
ob_code catId description R.A. Dec. "Exposure Time" Priority resolution reference_arm ID g_hsc g_hsc_err r2_hsc r2_hsc_err i2_hsc i2_hsc_err z_hsc z_hsc_err y_hsc y_hsc_err epoch input_catalog_id psf_flux_g psf_flux_error_g psf_flux_r psf_flux_error_r psf_flux_i psf_flux_error_i psf_flux_z psf_flux_error_z psf_flux_y psf_flux_error_y parallax parallax_error pmra pmra_error pmdec pmdec_error target_type stage
[from data line 1696]
_Star_2490157579351624192 3006 Fstar_v3.3 36.7224393616962 -3.667983114842311 1800.0 1 L r 2490157579351624192 nan nan nan nan nan nan nan nan nan nan 2016.0 3006.0 220752.74 2085.46 291196.77 1581.05 326126.61 1244.75 331914.56 1706.44 330511.14 2566.8 0.0097123926867828 0.10449782 2.289920843003765 0.13128711 -14.760883430468446 0.10319805 3 0
_Star_2490160946605987840 3006 Fstar_v3.3 36.65651743516836 -3.6237839845920514 1800.0 1 L r 2490160946605987840 nan nan nan nan nan nan nan nan nan nan 2016.0 3006.0 77536.51 919.38 93848.28 972.25 99125.76 755.49 100328.98 821.59 103520.55 1035.65 -0.0019320106310853 0.22603118 2.262137505359839 0.29782355 -5.893787380714501 0.22748175 3 0
_Star_2490160912246250240 3006 Fstar_v3.3 36.68003765481341 -3.614955817429173 1800.0 1 L r 2490160912246250240 nan nan nan nan nan nan nan nan nan nan 2016.0 3006.0 16244.49 773.66 20733.19 590.77 22359.72 482.83 23166.82 738.45 29606.46 5010.51 0.0739372060894526 0.8486404000000001 -0.046133034803767 1.1846673 -3.0255766571966785 1.1259743 3 0
_Star_2490156651638854016 3006 Fstar_v3.3 36.7353340226837 -3.696522516345962 1800.0 1 L r 2490156651638854016 nan nan nan nan nan nan nan nan nan nan 2016.0 3006.0 48064.73 483.51 63560.38 958.38 71329.08 848.54 74773.24 860.58 74773.24 2979.6 0.1162612734328006 0.27455485 3.547185883544807 0.3630575 -5.198275904210805 0.3093517 3 0
_Star_2490158060387963520 3006 Fstar_v3.3 36.73637097199797 -3.638392334617658 1800.0 1 L r 2490158060387963520 nan nan nan nan nan nan nan nan nan nan 2016.0 3006.0 189769.39 2016.83 234977.52 1004.2 258551.01 854.9 257980.25 1930.57 266088.68 3058.31 0.0458091257245237 0.11985707 6.707689170566037 0.14516214 -7.637138301594338 0.12323611 3 0
_Star_2490157132675205888 3006 Fstar_v3.3 36.797728524882224 -3.646638647950352 1800.0 1 L r 2490157132675205888 nan nan nan nan nan nan nan nan nan nan 2016.0 3006.0 28908.56 761.34 35096.71 539.15 38461.5 660.74 38355.37 668.66 40300.08 4418.42 0.2087154326659983 0.46682328 1.8878207875186368 0.49479687 -3.4578626596756155 0.46149102 3 0
_Star_2490146927832912000 3006 Fstar_v3.3 36.8576109580324 -3.643845620651117 1800.0 1 L r 2490146927832912000 nan nan nan nan nan nan nan nan nan nan 2016.0 3006.0 204901.92 2055.37 249934.43 1986.15 337432.18 2056.79 418202.3 1715.59 439204.04 3873.3 -0.111254959249485 0.108964 -0.1321668298723091 0.11797115 0.0056608396779018 0.10613459 3 0
_Star_2490159400417955072 3006 Fstar_v3.3 36.85371217112596 -3.587666958069004 1800.0 1 L r 2490159400417955072 nan nan nan nan nan nan nan nan nan nan 2016.0 3006.0 24440.28 888.87 30351.95 339.04 33011.6 364.46 33283.3 702.06 38341.22 1759.6 -0.2856323769352614 0.5843114 0.4324784546695789 0.6238302 -3.730489241221248 0.5953567 3 0
_Star_2490166547243551616 3006 Fstar_v3.3 36.86741905981523 -3.510158249623528 1800.0 1 L r 2490166547243551616 nan nan nan nan nan nan nan nan nan nan 2016.0 3006.0 69801.77 796.55 88786.39 350.24 95831.01 428.43 97119.38 1392.65 103406.04 2810.93 -0.2303646166682719 0.2706769 3.742688186035584 0.23815666 -4.073253017441592 0.232106 3 0
_Star_2490170773491180800 3006 Fstar_v3.3 36.8061809416821 -3.4491413063165983 1800.0 1 L r 2490170773491180800 nan nan nan nan nan nan nan nan nan nan 2016.0 3006.0 79306.03 800.12 93374.0 632.1 96513.05 404.64 94116.57 1436.1 94673.08 5050.02 0.1921726985834373 0.26104528 -0.3831416390295486 0.2215522 -3.458210537409367 0.22113207 3 0
_Star_2490357003273137408 3006 Fstar_v3.3 36.61055763600308 -3.389370732317801 1800.0 1 L r 2490357003273137408 nan nan nan nan nan nan nan nan nan nan 2016.0 3006.0 36517.96 460.05 36487.7 490.99 33363.09 483.67 32853.83 672.31 40725.46 3451.89 -0.2519036559787858 0.5942035 -0.4434143722976441 0.50889343 -2.9264663172373906 0.53395826 3 0
_Star_2490171495045691776 3006 Fstar_v3.3 36.81467973096217 -3.3883018089064114 1800.0 1 L r 2490171495045691776 nan nan nan nan nan nan nan nan nan nan 2016.0 3006.0 49388.53 657.72 62486.47 724.81 68206.56 389.8 68730.02 1103.18 71988.97 3471.83 -0.4699697390393034 0.43830138 10.226513513378167 0.3525482 -6.680112846800617 0.33973816 3 0
_Star_2490363016227406848 3006 Fstar_v3.3 36.821905226251744 -3.223684480544523 1800.0 1 L r 2490363016227406848 nan nan nan nan nan nan nan nan nan nan 2016.0 3006.0 17872.54 379.69 19515.78 612.18 25125.03 709.18 25067.23 831.09 29429.73 5238.36 0.3754549514926341 1.0100484 -1.349564374093124 1.1770593 -2.4110823682177798 1.1797208 3 0
_Star_2490362638270270848 3006 Fstar_v3.3 36.846436584935375 -3.2548596652359687 1800.0 1 L r 2490362638270270848 nan nan nan nan nan nan nan nan nan nan 2016.0 3006.0 20138.47 907.94 25512.11 391.05 26665.3 549.28 29641.9 931.0 33179.21 3482.98 0.1759097392014939 1.0096682 0.8721513277233777 0.9726408 -0.7016512380532125 0.91700864 3 0
_Star_2489966607926095104 3006 Fstar_v3.3 36.95280148796844 -4.308533539726802 1800.0 1 L r 2489966607926095104 nan nan nan nan nan nan nan nan nan nan 2016.0 3006.0 104622.79 596.19 134433.09 859.54 143280.26 677.38 142950.66 2285.26 150864.23 3784.75 -0.1129143692394488 0.20557839 0.8578480414889513 0.20944203 -7.798206927045668 0.21089786 3 0
_Star_2489214507612826496 3006 Fstar_v3.3 37.05674608293624 -4.381059620161189 1800.0 1 L r 2489214507612826496 nan nan nan nan nan nan nan nan nan nan 2016.0 3006.0 57648.25 943.3 63041.51 762.43 70389.26 743.42 80810.28 1453.82 77715.28 3377.5 -0.9059548049456696 0.37788194 0.4719542062073666 0.3580332 -0.4638318393397547 0.37098393 3 0
_Star_2489213751698578048 3006 Fstar_v3.3 37.153688120537936 -4.403148494837353 1800.0 1 L r 2489213751698578048 nan nan nan nan nan nan nan nan nan nan 2016.0 3006.0 117021.59 754.36 155291.09 1015.64 169397.09 542.02 171421.97 985.05 178133.92 2806.87 -0.2600463792967241 0.19350033 8.851257906088602 0.23947755 -9.356500505477374 0.2172322 3 0
_Star_2489965783292361600 3006 Fstar_v3.3 37.06289790188384 -4.328542827282338 1800.0 1 L r 2489965783292361600 nan nan nan nan nan nan nan nan nan nan 2016.0 3006.0 39582.79 588.64 45509.91 362.32 47747.03 557.27 45242.47 1015.24 46471.47 8359.49 -0.0047756746952374 0.4839579 0.6100669728000925 0.4808100999999999 -0.7304010748232792 0.45805797 3 0
_Star_2489971761886851200 3006 Fstar_v3.3 37.10777047464523 -4.301548606193639 1800.0 1 L r 2489971761886851200 nan nan nan nan nan nan nan nan nan nan 2016.0 3006.0 66776.96 785.1 68426.79 786.66 64807.63 559.47 59072.65 1444.69 66746.11 4292.83 0.6977265209927377 0.32307017 0.9318648220133606 0.3808519 -1.5947931316230557 0.32539144 3 0
_Star_2489220486207314432 3006 Fstar_v3.3 37.20394225493082 -4.317744039432394 1800.0 1 L r 2489220486207314432 nan nan nan nan nan nan nan nan nan nan 2016.0 3006.0 514358.62 2049.88 666233.41 2458.79 740468.41 1145.75 740876.97 3701.87 761002.82 2935.41 0.3339608336117017 0.07334985 25.07818167574638 0.09226924 -9.599706342618596 0.069680125 3 0
_Star_2489219008738564736 3006 Fstar_v3.3 37.35180227914731 -4.316589557901103 1800.0 1 L r 2489219008738564736 nan nan nan nan nan nan nan nan nan nan 2016.0 3006.0 21467.73 308.35 24764.3 262.28 26621.12 268.26 28182.92 941.68 33758.75 3913.89 1.6489983741715168 0.71545285 -1.1860319229339749 0.81102735 -2.560988174162805 0.6844260999999999 3 0
_Star_2489312295428031232 3006 Fstar_v3.3 37.40931855446205 -4.284191260277148 1800.0 1 L r 2489312295428031232 nan nan nan nan nan nan nan nan nan nan 2016.0 3006.0 69988.41 825.75 73266.6 454.62 69372.32 701.75 68263.14 602.13 67581.22 3770.53 -0.3136429918756991 0.2638979 -0.3189841880501215 0.38631323 -3.4532609664281955 0.30248374 3 0
_Star_2489976542185838464 3006 Fstar_v3.3 37.00797743510432 -4.187719098215713 1800.0 1 L r 2489976542185838464 nan nan nan nan nan nan nan nan nan nan 2016.0 3006.0 261882.54 2239.57 314533.3 1509.61 336997.36 647.78 339833.73 1494.88 348422.61 5042.12 0.2608797535553152 0.11660639 16.015895327309735 0.11952495 -7.086440765760182 0.10144641 3 0
_Star_2489972998837446400 3006 Fstar_v3.3 37.01926080062393 -4.2664450290474365 1800.0 1 L r 2489972998837446400 nan nan nan nan nan nan nan nan nan nan 2016.0 3006.0 25554.45 429.57 21810.53 762.83 22048.88 751.87 27048.68 1436.3 36143.2 5893.14 0.8207216515315663 0.915175 0.4396520200426234 0.81480014 -0.4090448561949659 0.71198344 3 0
_Star_2489973342434843008 3006 Fstar_v3.3 37.078405515419774 -4.238439362981906 1800.0 1 L r 2489973342434843008 nan nan nan nan nan nan nan nan nan nan 2016.0 3006.0 26010.36 752.85 34039.72 631.86 36581.92 479.35 37217.42 332.84 40292.72 4488.39 -0.3752703551283988 0.60626644 1.982679399692293 0.88434684 -6.381133923123933 0.9140782 3 0
_Star_2489972517801110784 3006 Fstar_v3.3 37.10287058637782 -4.262748456483569 1800.0 1 L r 2489972517801110784 nan nan nan nan nan nan nan nan nan nan 2016.0 3006.0 70201.43 1164.62 80959.19 1969.22 83951.06 1578.21 92075.93 856.11 110944.61 3007.68 0.0333179658600461 0.26519194 0.0322369596440657 0.28728855 -0.1038137342772272 0.2667767 3 0
_Star_2489973686032243456 3006 Fstar_v3.3 37.09667985528189 -4.206616119705573 1800.0 1 L r 2489973686032243456 nan nan nan nan nan nan nan nan nan nan 2016.0 3006.0 347813.5 2925.74 431148.09 2915.52 450594.79 2466.42 437548.3 2038.76 494796.28 3054.72 0.0380247235789874 0.1225206 0.0376428677745668 0.14121836 -0.1202074626375623 0.11272231 3 0
_Star_2489975026062045568 3006 Fstar_v3.3 37.134389260937056 -4.195644852825825 1800.0 1 L r 2489975026062045568 nan nan nan nan nan nan nan nan nan nan 2016.0 3006.0 94238.0 980.71 118551.32 701.33 127545.77 1080.76 128441.79 1212.09 124424.62 1632.58 -0.1323301019508569 0.24174039 -1.370364410877757 0.2547693 -5.542650682140793 0.2333491 3 0
_Star_2489977706121654272 3006 Fstar_v3.3 37.01585061163403 -4.163364286061902 1800.0 1 L r 2489977706121654272 nan nan nan nan nan nan nan nan nan nan 2016.0 3006.0 109361.92 1089.05 136002.27 802.93 150753.22 549.98 149825.73 772.22 153104.01 3776.07 0.256395783369602 0.21648106 5.5724891372384295 0.22789837 -5.411247726292969 0.19514339 3 0
_Star_2489975850695794560 3006 Fstar_v3.3 37.15499622407632 -4.133954969349448 1800.0 1 L r 2489975850695794560 nan nan nan nan nan nan nan nan nan nan 2016.0 3006.0 231284.28 640.98 290660.65 1543.87 323553.53 1203.34 326126.61 1239.34 337400.76 7556.07 0.1924983148499529 0.10917227 6.462850642841112 0.13524018 -16.35149005632135 0.11815936 3 0
_Star_2489997359892077056 3006 Fstar_v3.3 36.88634833664107 -3.940803071679569 1800.0 1 L r 2489997359892077056 nan nan nan nan nan nan nan nan nan nan 2016.0 3006.0 36524.64 866.04 47558.26 486.82 52233.16 405.51 52566.11 1615.28 61612.16 7375.85 0.4770050111754891 0.38118622 5.285781340072257 0.57750654 -1.1378701131041025 0.43876708 3 0
_Star_2489993168003978624 3006 Fstar_v3.3 37.0044548646455 -4.004122296353263 1800.0 1 L r 2489993168003978624 nan nan nan nan nan nan nan nan nan nan 2016.0 3006.0 18162.94 592.86 20396.06 998.92 20029.31 556.73 19043.46 924.94 31447.53 4527.37 -0.7785192547947278 1.131514 0.3683069449493268 1.29065 -3.9707797203950745 1.1901374 3 0
_Star_2490086798290677760 3006 Fstar_v3.3 37.10275458559024 -3.967304610535256 1800.0 1 L r 2490086798290677760 nan nan nan nan nan nan nan nan nan nan 2016.0 3006.0 21662.37 488.08 28401.81 247.94 28956.49 472.14 29205.59 1211.52 39400.89 4530.61 0.1146781343917205 0.6151789000000001 1.4200864642636115 0.8159644 -2.16172015044262 0.7176329 3 0
_Star_2490086523412767744 3006 Fstar_v3.3 37.13316291737836 -3.9799369660808286 1800.0 1 L r 2490086523412767744 nan nan nan nan nan nan nan nan nan nan 2016.0 3006.0 237785.88 758.87 304162.68 1489.53 336438.96 880.04 339333.22 2424.04 349354.22 4942.66 0.2209779498270316 0.11172007 9.42309909260085 0.13505931 -11.386906471832054 0.10217419 3 0
_Star_2489223063187700224 3006 Fstar_v3.3 37.22269948317904 -4.256208184103442 1800.0 1 L r 2489223063187700224 nan nan nan nan nan nan nan nan nan nan 2016.0 3006.0 245802.64 1437.37 301374.57 899.07 324508.71 974.66 328326.55 1709.16 331761.83 2916.0 0.0465419541311585 0.10780967 8.278185964037588 0.119454496 -11.268007990731029 0.10532124 3 0
_Star_2489223338065608960 3006 Fstar_v3.3 37.21244435035115 -4.235869653140464 1800.0 1 L r 2489223338065608960 nan nan nan nan nan nan nan nan nan nan 2016.0 3006.0 405458.56 2585.33 500709.91 1616.4 531259.12 1515.39 530965.22 2330.75 527602.11 2231.92 0.2972650987858002 0.08412354 5.8541565110596565 0.092169695 -14.188968431989863 0.08217795 3 0
_Star_2489974270147801344 3006 Fstar_v3.3 37.184786388725406 -4.195427145729899 1800.0 1 L r 2489974270147801344 nan nan nan nan nan nan nan nan nan nan 2016.0 3006.0 106734.86 463.91 132613.13 693.88 147715.62 793.18 148972.49 1225.14 155462.78 3149.82 0.260003430230421 0.21218334 3.1894946110244686 0.24741256 -4.804980182335019 0.21744372 3 0
_Star_2489973995269880704 3006 Fstar_v3.3 37.20603164108236 -4.221412840194141 1800.0 1 L r 2489973995269880704 nan nan nan nan nan nan nan nan nan nan 2016.0 3006.0 27003.87 416.07 27576.94 547.58 26075.09 374.27 30179.1 1639.66 36173.12 1059.1 -0.1730168325713497 0.87137705 0.7099880174440832 0.99016446 -0.2204020633660312 1.1113558 3 0
_Star_2489222582151362304 3006 Fstar_v3.3 37.28796968301186 -4.264752146387663 1800.0 1 L r 2489222582151362304 nan nan nan nan nan nan nan nan nan nan 2016.0 3006.0 18081.16 423.06 21820.57 569.92 25331.82 329.46 26027.13 1223.6 33952.05 3787.85 0.3610761020347171 1.2389407 1.6518375909046108 1.7926648 -4.16854621596673 1.372405 3 0
_Star_2490069515342251904 3006 Fstar_v3.3 37.24016175622389 -4.1258841809410765 1800.0 1 L r 2490069515342251904 nan nan nan nan nan nan nan nan nan nan 2016.0 3006.0 24894.67 472.63 26557.45 638.9 23848.79 546.11 31251.14 1427.48 39611.94 2995.26 0.6526772793257755 0.61263496 1.8583421334952783 0.80930465 1.7696013131240775 0.7846564 3 0
_Star_2489316835209070080 3006 Fstar_v3.3 37.36072779596954 -4.187741143224311 1800.0 1 L r 2489316835209070080 nan nan nan nan nan nan nan nan nan nan 2016.0 3006.0 361298.67 2884.77 443472.1 3137.74 481178.67 1260.41 481444.17 2284.53 493658.04 6212.69 0.3134823312302591 0.082988225 9.107756639958858 0.09823832 -11.616256694629614 0.07992247 3 0
_Star_2489316556035590144 3006 Fstar_v3.3 37.38350024220133 -4.208531036173737 1800.0 1 L r 2489316556035590144 nan nan nan nan nan nan nan nan nan nan 2016.0 3006.0 45728.45 723.37 58294.32 394.41 61165.47 454.29 60777.95 1180.81 65328.98 2389.9 0.4045437766796875 0.31959102 2.7260120750661647 0.41352782 -3.630047152885667 0.3259634 3 0
_Star_2490072916956355072 3006 Fstar_v3.3 37.198511194765615 -4.080253461999278 1800.0 1 L r 2490072916956355072 nan nan nan nan nan nan nan nan nan nan 2016.0 3006.0 52363.16 955.06 66672.4 1171.59 80342.73 1009.71 93022.16 1376.48 89748.31 2106.79 -0.5073770221916334 0.25603187 -0.107424444825714 0.36163947 -0.4436019781400538 0.3016779 3 0
_Star_2490070477414934784 3006 Fstar_v3.3 37.27474265349975 -4.045270298642736 1800.0 1 L r 2490070477414934784 nan nan nan nan nan nan nan nan nan nan 2016.0 3006.0 83827.42 605.39 84720.13 567.51 99482.34 889.33 112229.37 1218.08 117032.49 4974.23 -0.3564228196282683 0.23756497 -0.5099878465189287 0.30551845 0.0239917653504337 0.28218344 3 0
_Star_2490071508207090048 3006 Fstar_v3.3 37.37477845614181 -4.027035954982523 1800.0 1 L r 2490071508207090048 nan nan nan nan nan nan nan nan nan nan 2016.0 3006.0 46685.94 564.5 59127.05 324.73 64676.49 454.33 65564.1 720.78 72002.25 2553.19 -0.2971829566053409 0.33251426 -0.6437943188263869 0.44730762 -4.5928162267459545 0.36682245 3 0
_Star_2490071233329442432 3006 Fstar_v3.3 37.395958658109215 -4.0343664879097405 1800.0 1 L r 2490071233329442432 nan nan nan nan nan nan nan nan nan nan 2016.0 3006.0 26195.48 590.0 32280.92 622.73 34244.12 442.19 34762.11 508.27 45013.83 5301.73 1.066208792689552 0.57617515 3.135425834712245 0.9596036 -0.417549982522557 1.151741 3 0
