output/Jan25/final_nf_input/field_e_L1_visit2_final_targets.ecsv
# %ECSV 1.0
# ---
# datatype:
# - {name: ob_code, datatype: string}
# - {name: catId, datatype: int32}
# - {name: description, datatype: string}
# - {name: R.A., datatype: float64}
# - {name: Dec., datatype: float64}
# - {name: Exposure Time, datatype: float64}
# - {name: Priority, datatype: int32}
# - {name: resolution, datatype: string}
# - {name: reference_arm, datatype: string}
# - {name: ID, datatype: int64}
# - {name: g_hsc, datatype: float64}
# - {name: g_hsc_err, datatype: float64}
# - {name: r2_hsc, datatype: float64}
# - {name: r2_hsc_err, datatype: float64}
# - {name: i2_hsc, datatype: float64}
# - {name: i2_hsc_err, datatype: float64}
# - {name: z_hsc, datatype: float64}
# - {name: z_hsc_err, datatype: float64}
# - {name: y_hsc, datatype: float64}
# - {name: y_hsc_err, datatype: float64}
# - {name: epoch, datatype: float64}
# - {name: input_catalog_id, datatype: float64}
# - {name: psf_flux_g, datatype: float64}
# - {name: psf_flux_error_g, datatype: float64}
# - {name: psf_flux_r, datatype: float64}
# - {name: psf_flux_error_r, datatype: float64}
# - {name: psf_flux_i, datatype: float64}
# - {name: psf_flux_error_i, datatype: float64}
# - {name: psf_flux_z, datatype: float64}
# - {name: psf_flux_error_z, datatype: float64}
# - {name: psf_flux_y, datatype: float64}
# - {name: psf_flux_error_y, datatype: float64}
# - {name: parallax, datatype: float64}
# - {name: parallax_error, datatype: float64}
# - {name: pmra, datatype: float64}
# - {name: pmra_error, datatype: float64}
# - {name: pmdec, datatype: float64}
# - {name: pmdec_error, datatype: float64}
# - {name: target_type, datatype: int32}
# - {name: stage, datatype: int32}
# schema: astropy-2.0
ob_code catId description R.A. Dec. "Exposure Time" Priority resolution reference_arm ID g_hsc g_hsc_err r2_hsc r2_hsc_err i2_hsc i2_hsc_err z_hsc z_hsc_err y_hsc y_hsc_err epoch input_catalog_id psf_flux_g psf_flux_error_g psf_flux_r psf_flux_error_r psf_flux_i psf_flux_error_i psf_flux_z psf_flux_error_z psf_flux_y psf_flux_error_y parallax parallax_error pmra pmra_error pmdec pmdec_error target_type stage
[from data line 671]
_Cos_42041923032076854 11 "HSC-SSP Public Data Release 4 (Wide)" 132.81948349609445 1.4659803982217137 1800.0 1 L r 42041923032076854 1102.3461 13.251812 1306.2903 23.457682 1705.003 34.049683 2429.2178 52.79458 2434.7795 115.008064 nan nan nan nan nan nan nan nan nan nan nan nan 1e-07 1e-07 0.0 0.0 0.0 0.0 1 0
_Cos_42041923032076998 11 "HSC-SSP Public Data Release 4 (Wide)" 132.7718576945717 1.4684552769430765 1800.0 1 L r 42041923032076998 735.9652 22.732658 788.5912 33.24228 1249.9755 56.750103 1271.8022 90.35182 1366.983 210.20656 nan nan nan nan nan nan nan nan nan nan nan nan 1e-07 1e-07 0.0 0.0 0.0 0.0 1 0
_Cos_42041923032077032 11 "HSC-SSP Public Data Release 4 (Wide)" 132.75465033130595 1.4688108997152687 1800.0 1 L r 42041923032077032 566.9397 14.701955 729.4837 27.47785 965.94147 35.35884 1414.8353 51.90824 1411.5742 98.420204 nan nan nan nan nan nan nan nan nan nan nan nan 1e-07 1e-07 0.0 0.0 0.0 0.0 1 0
_Cos_42041923032077170 11 "HSC-SSP Public Data Release 4 (Wide)" 132.6813311067213 1.4715340385626825 1800.0 1 L r 42041923032077170 597.2325 18.505516 823.2672 33.019993 1216.1416 47.05288 2069.3594 77.293976 2613.1665 168.7522 nan nan nan nan nan nan nan nan nan nan nan nan 1e-07 1e-07 0.0 0.0 0.0 0.0 1 0
_Cos_42041923032077505 11 "HSC-SSP Public Data Release 4 (Wide)" 132.71829094197875 1.4777091267270996 1800.0 1 L r 42041923032077505 915.2968 14.995792 1108.8931 28.753956 1769.3444 42.05826 3077.302 72.23559 3898.3335 135.0597 nan nan nan nan nan nan nan nan nan nan nan nan 1e-07 1e-07 0.0 0.0 0.0 0.0 1 0
_Cos_42041923032077560 11 "HSC-SSP Public Data Release 4 (Wide)" 132.81797137744988 1.4789898598728068 1800.0 1 L r 42041923032077560 792.5874 16.48084 864.64484 26.79937 1347.1422 40.52553 2127.1875 61.00091 2400.459 131.12227 nan nan nan nan nan nan nan nan nan nan nan nan 1e-07 1e-07 0.0 0.0 0.0 0.0 1 0
_Cos_42041923032077670 11 "HSC-SSP Public Data Release 4 (Wide)" 132.7641802834897 1.4798733123699792 1800.0 1 L r 42041923032077670 926.9812 15.993595 920.71625 27.789463 1287.5358 36.084324 1388.3186 59.46947 1980.7941 102.04598 nan nan nan nan nan nan nan nan nan nan nan nan 1e-07 1e-07 0.0 0.0 0.0 0.0 1 0
_Cos_42042043291164125 11 "HSC-SSP Public Data Release 4 (Wide)" 132.6263580742859 0.8096443835188322 1800.0 1 L r 42042043291164125 488.75208 20.941328 554.6377 34.087166 1020.35535 50.927895 1071.0017 73.46596 1585.9004 167.31752 nan nan nan nan nan nan nan nan nan nan nan nan 1e-07 1e-07 0.0 0.0 0.0 0.0 1 0
_Cos_42042043291164997 11 "HSC-SSP Public Data Release 4 (Wide)" 132.6126105857007 0.8297538323138681 1800.0 1 L r 42042043291164997 764.2117 18.823318 964.41766 30.367092 1163.8506 32.186558 1401.4033 72.2531 1767.9971 138.85846 nan nan nan nan nan nan nan nan nan nan nan nan 1e-07 1e-07 0.0 0.0 0.0 0.0 1 0
_Cos_42042043291165323 11 "HSC-SSP Public Data Release 4 (Wide)" 132.6638131012728 0.8317686346223702 1800.0 1 L r 42042043291165323 809.29553 17.077774 1090.1241 31.753275 1080.358 31.82908 1476.1388 68.13644 1406.5712 114.16218 nan nan nan nan nan nan nan nan nan nan nan nan 1e-07 1e-07 0.0 0.0 0.0 0.0 1 0
_Cos_42042043291165713 11 "HSC-SSP Public Data Release 4 (Wide)" 132.64101601561384 0.836805844416898 1800.0 1 L r 42042043291165713 707.0775 16.380512 877.8179 29.503191 1009.0983 28.740625 1122.533 56.660904 1185.4481 82.98264 nan nan nan nan nan nan nan nan nan nan nan nan 1e-07 1e-07 0.0 0.0 0.0 0.0 1 0
_Cos_42042047586112636 11 "HSC-SSP Public Data Release 4 (Wide)" 132.61219955450707 0.9673703841441827 1800.0 1 L r 42042047586112636 600.55743 30.818966 1007.239 48.61093 1616.2716 47.87679 4221.049 99.0698 5329.9824 179.01553 nan nan nan nan nan nan nan nan nan nan nan nan 1e-07 1e-07 0.0 0.0 0.0 0.0 1 0
_Cos_42042047586113388 11 "HSC-SSP Public Data Release 4 (Wide)" 132.64612147562036 0.9870585106538399 1800.0 1 L r 42042047586113388 784.00214 14.812153 832.1311 28.83966 1339.8811 25.71663 1458.087 51.275043 3012.2866 96.62746 nan nan nan nan nan nan nan nan nan nan nan nan 1e-07 1e-07 0.0 0.0 0.0 0.0 1 0
_Cos_42042047586124626 11 "HSC-SSP Public Data Release 4 (Wide)" 132.66574352347502 0.8429200662099043 1800.0 1 L r 42042047586124626 1741.6799 16.740143 1891.814 28.7604 2066.7795 28.42704 2598.448 61.142944 3047.9067 99.602104 nan nan nan nan nan nan nan nan nan nan nan nan 1e-07 1e-07 0.0 0.0 0.0 0.0 1 0
_Cos_42042047586125243 11 "HSC-SSP Public Data Release 4 (Wide)" 132.6354812204028 0.8539322284272666 1800.0 1 L r 42042047586125243 657.84534 20.124 840.3453 34.342934 1496.1315 46.996857 1841.6766 80.19801 1245.4208 130.6844 nan nan nan nan nan nan nan nan nan nan nan nan 1e-07 1e-07 0.0 0.0 0.0 0.0 1 0
_Cos_42042047586125314 11 "HSC-SSP Public Data Release 4 (Wide)" 132.66726637197158 0.8626138666030312 1800.0 1 L r 42042047586125314 785.19415 14.343826 1165.7675 25.640177 1537.9321 26.352482 2193.16 63.457756 1864.2532 102.28376 nan nan nan nan nan nan nan nan nan nan nan nan 1e-07 1e-07 0.0 0.0 0.0 0.0 1 0
_Cos_42042047586125662 11 "HSC-SSP Public Data Release 4 (Wide)" 132.6166096331807 0.8612457251367533 1800.0 1 L r 42042047586125662 683.3762 15.8710375 868.3687 30.088993 914.07196 27.16926 1541.7715 83.24154 832.19403 90.74513 nan nan nan nan nan nan nan nan nan nan nan nan 1e-07 1e-07 0.0 0.0 0.0 0.0 1 0
_Cos_42042047586126259 11 "HSC-SSP Public Data Release 4 (Wide)" 132.5940404476121 0.873453728910172 1800.0 1 L r 42042047586126259 1243.4055 20.683899 1223.7314 38.18091 1796.5312 40.705517 1940.3981 79.00039 2586.3977 136.24263 nan nan nan nan nan nan nan nan nan nan nan nan 1e-07 1e-07 0.0 0.0 0.0 0.0 1 0
_Cos_42042047586126422 11 "HSC-SSP Public Data Release 4 (Wide)" 132.62546305935496 0.8756427595912218 1800.0 1 L r 42042047586126422 550.7274 17.339808 548.1673 25.343643 916.6329 32.38804 1368.3417 58.293118 1717.6107 121.73134 nan nan nan nan nan nan nan nan nan nan nan nan 1e-07 1e-07 0.0 0.0 0.0 0.0 1 0
_Cos_42042047586127686 11 "HSC-SSP Public Data Release 4 (Wide)" 132.60088941214437 0.8977860289243245 1800.0 1 L r 42042047586127686 316.12048 16.378025 423.494 25.991512 983.10364 25.830647 1579.1322 58.096348 1726.5848 96.52255 nan nan nan nan nan nan nan nan nan nan nan nan 1e-07 1e-07 0.0 0.0 0.0 0.0 1 0
_Cos_42042047586129086 11 "HSC-SSP Public Data Release 4 (Wide)" 132.61433351130404 0.9258653109392131 1800.0 1 L r 42042047586129086 844.7385 18.08199 1380.1974 34.74262 1967.2645 32.996082 3700.375 63.781 4247.9287 116.53809 nan nan nan nan nan nan nan nan nan nan nan nan 1e-07 1e-07 0.0 0.0 0.0 0.0 1 0
_Cos_42042047586129210 11 "HSC-SSP Public Data Release 4 (Wide)" 132.65920600918048 0.9276446105459485 1800.0 1 L r 42042047586129210 1020.9363 15.180284 1131.6683 27.73419 1563.2926 26.176628 1685.8424 50.190327 1982.5499 87.257034 nan nan nan nan nan nan nan nan nan nan nan nan 1e-07 1e-07 0.0 0.0 0.0 0.0 1 0
_Cos_42042047586130184 11 "HSC-SSP Public Data Release 4 (Wide)" 132.6512469650275 0.942788120718381 1800.0 1 L r 42042047586130184 773.1474 19.552418 988.45624 33.28891 993.215 32.66936 1278.2537 68.55807 1179.7949 126.83595 nan nan nan nan nan nan nan nan nan nan nan nan 1e-07 1e-07 0.0 0.0 0.0 0.0 1 0
_Cos_42042047586130397 11 "HSC-SSP Public Data Release 4 (Wide)" 132.5930416806807 0.946951758287424 1800.0 1 L r 42042047586130397 734.4773 18.153748 870.11316 28.603716 1531.2351 37.10494 1676.428 57.520348 1849.729 96.88763 nan nan nan nan nan nan nan nan nan nan nan nan 1e-07 1e-07 0.0 0.0 0.0 0.0 1 0
_Cos_42042047586132325 11 "HSC-SSP Public Data Release 4 (Wide)" 132.59850526764362 0.9825544450135795 1800.0 1 L r 42042047586132325 824.6545 15.947719 955.62256 28.783932 1176.8223 26.053137 2137.9355 59.01745 2548.6035 100.13886 nan nan nan nan nan nan nan nan nan nan nan nan 1e-07 1e-07 0.0 0.0 0.0 0.0 1 0
_Cos_42042047586132808 11 "HSC-SSP Public Data Release 4 (Wide)" 132.65738305261218 0.9907066634981574 1800.0 1 L r 42042047586132808 1102.0271 16.804789 1190.9688 30.06527 1178.9489 29.39046 1268.7094 59.663685 2433.9463 113.04666 nan nan nan nan nan nan nan nan nan nan nan nan 1e-07 1e-07 0.0 0.0 0.0 0.0 1 0
_Cos_42042047586133494 11 "HSC-SSP Public Data Release 4 (Wide)" 132.6079250369058 1.0057581076700024 1800.0 1 L r 42042047586133494 183.39188 13.166865 250.04001 25.629652 995.6885 31.589954 1494.0736 56.611435 1681.9099 82.161606 nan nan nan nan nan nan nan nan nan nan nan nan 1e-07 1e-07 0.0 0.0 0.0 0.0 1 0
_Cos_42042047586133624 11 "HSC-SSP Public Data Release 4 (Wide)" 132.61971547040162 1.0048205088829214 1800.0 1 L r 42042047586133624 637.8158 15.878665 754.3409 26.470968 1448.8815 27.538504 1934.3612 55.735355 2060.072 96.65578 nan nan nan nan nan nan nan nan nan nan nan nan 1e-07 1e-07 0.0 0.0 0.0 0.0 1 0
_Cos_42042047586134319 11 "HSC-SSP Public Data Release 4 (Wide)" 132.6472938923774 1.016907567518641 1800.0 1 L r 42042047586134319 504.94177 17.31951 716.5666 30.91429 1633.1182 36.136776 2482.1555 65.54498 2953.441 116.84248 nan nan nan nan nan nan nan nan nan nan nan nan 1e-07 1e-07 0.0 0.0 0.0 0.0 1 0
_Cos_42042051881078603 11 "HSC-SSP Public Data Release 4 (Wide)" 132.61747612118353 1.1110972812109503 1800.0 1 L r 42042051881078603 360.6566 15.632595 559.09503 26.629126 947.3501 29.673801 1646.1787 75.5678 1163.8022 106.1828 nan nan nan nan nan nan nan nan nan nan nan nan 1e-07 1e-07 0.0 0.0 0.0 0.0 1 0
_Cos_42042051881092572 11 "HSC-SSP Public Data Release 4 (Wide)" 132.59314628249797 1.0313802889060855 1800.0 1 L r 42042051881092572 1193.0719 28.399048 1379.3179 51.535202 2153.2563 45.638348 3011.5 85.72728 3812.302 180.70749 nan nan nan nan nan nan nan nan nan nan nan nan 1e-07 1e-07 0.0 0.0 0.0 0.0 1 0
_Cos_42042051881092826 11 "HSC-SSP Public Data Release 4 (Wide)" 132.62602641806367 1.0369119308172075 1800.0 1 L r 42042051881092826 685.97797 15.788482 854.76697 30.789392 917.0447 29.749163 1483.3134 56.100975 1503.2747 100.25667 nan nan nan nan nan nan nan nan nan nan nan nan 1e-07 1e-07 0.0 0.0 0.0 0.0 1 0
_Cos_42042051881093226 11 "HSC-SSP Public Data Release 4 (Wide)" 132.59697984486914 1.0451607927105757 1800.0 1 L r 42042051881093226 958.263 14.779161 1320.8412 28.36547 2007.8135 29.933672 3129.5015 58.742386 3565.079 99.21477 nan nan nan nan nan nan nan nan nan nan nan nan 1e-07 1e-07 0.0 0.0 0.0 0.0 1 0
_Cos_42042051881093424 11 "HSC-SSP Public Data Release 4 (Wide)" 132.66114263748446 1.0490061664720152 1800.0 1 L r 42042051881093424 1443.3029 18.119308 1832.3534 30.678389 2211.301 32.086056 2169.3733 61.244625 2084.2734 117.17155 nan nan nan nan nan nan nan nan nan nan nan nan 1e-07 1e-07 0.0 0.0 0.0 0.0 1 0
_Cos_42042051881094211 11 "HSC-SSP Public Data Release 4 (Wide)" 132.66342238106597 1.06528906759753 1800.0 1 L r 42042051881094211 640.5644 17.335957 977.39996 37.083027 1427.2086 31.155884 2047.842 60.174892 1937.1296 114.53799 nan nan nan nan nan nan nan nan nan nan nan nan 1e-07 1e-07 0.0 0.0 0.0 0.0 1 0
_Cos_42042051881094501 11 "HSC-SSP Public Data Release 4 (Wide)" 132.63273127286573 1.07073136375218 1800.0 1 L r 42042051881094501 827.24243 14.641521 1257.989 29.081436 1925.1743 31.527538 2688.6858 61.08357 2317.5376 108.80315 nan nan nan nan nan nan nan nan nan nan nan nan 1e-07 1e-07 0.0 0.0 0.0 0.0 1 0
_Cos_42042051881095520 11 "HSC-SSP Public Data Release 4 (Wide)" 132.64264043573974 1.0902047453599133 1800.0 1 L r 42042051881095520 1187.3025 18.006899 1471.989 30.901937 1745.2267 47.774723 2097.102 97.26484 2508.9832 185.51045 nan nan nan nan nan nan nan nan nan nan nan nan 1e-07 1e-07 0.0 0.0 0.0 0.0 1 0
_Cos_42042051881096140 11 "HSC-SSP Public Data Release 4 (Wide)" 132.6201890307623 1.1015454283564081 1800.0 1 L r 42042051881096140 661.1288 18.928032 973.8832 39.53708 1242.5574 51.74347 2086.9631 81.51863 1799.9941 132.65794 nan nan nan nan nan nan nan nan nan nan nan nan 1e-07 1e-07 0.0 0.0 0.0 0.0 1 0
_Cos_42042051881097656 11 "HSC-SSP Public Data Release 4 (Wide)" 132.66861466835286 1.1290054949840145 1800.0 1 L r 42042051881097656 1249.7701 17.999432 1803.5177 36.39198 2149.878 32.95575 2851.3809 74.353 4566.248 132.34161 nan nan nan nan nan nan nan nan nan nan nan nan 1e-07 1e-07 0.0 0.0 0.0 0.0 1 0
_Cos_42042051881097673 11 "HSC-SSP Public Data Release 4 (Wide)" 132.65925027669232 1.1301924664970155 1800.0 1 L r 42042051881097673 650.6248 25.117207 836.0601 42.78635 1128.7639 48.265335 1069.3037 72.31465 1758.2089 143.9807 nan nan nan nan nan nan nan nan nan nan nan nan 1e-07 1e-07 0.0 0.0 0.0 0.0 1 0
_Cos_42042051881098416 11 "HSC-SSP Public Data Release 4 (Wide)" 132.63494659465215 1.1422158474991673 1800.0 1 L r 42042051881098416 1669.1542 17.234621 1919.1119 30.288523 2147.4915 35.124084 2403.793 61.620224 3847.1582 117.50719 nan nan nan nan nan nan nan nan nan nan nan nan 1e-07 1e-07 0.0 0.0 0.0 0.0 1 0
_Cos_42042051881099038 11 "HSC-SSP Public Data Release 4 (Wide)" 132.65779900295303 1.155112072921683 1800.0 1 L r 42042051881099038 965.9664 21.449547 1292.6271 39.78277 1613.6973 52.36946 1934.8 81.82285 2744.547 171.98636 nan nan nan nan nan nan nan nan nan nan nan nan 1e-07 1e-07 0.0 0.0 0.0 0.0 1 0
_Cos_42042051881099078 11 "HSC-SSP Public Data Release 4 (Wide)" 132.63773292823063 1.1542510823558092 1800.0 1 L r 42042051881099078 1186.639 19.270912 1343.0905 32.46349 2029.3767 43.301853 2197.1106 70.44396 2838.84 135.0501 nan nan nan nan nan nan nan nan nan nan nan nan 1e-07 1e-07 0.0 0.0 0.0 0.0 1 0
_Cos_42042051881100210 11 "HSC-SSP Public Data Release 4 (Wide)" 132.62530567316716 1.1740213794427627 1800.0 1 L r 42042051881100210 749.2209 13.879235 1027.8064 25.664022 1798.281 29.150866 3844.527 60.890476 2524.949 116.5159 nan nan nan nan nan nan nan nan nan nan nan nan 1e-07 1e-07 0.0 0.0 0.0 0.0 1 0
_Cos_42042051881101344 11 "HSC-SSP Public Data Release 4 (Wide)" 132.67821322827186 1.195783779647849 1800.0 1 L r 42042051881101344 669.06506 23.900677 811.0676 42.731716 1184.6178 35.64992 1471.4133 65.27806 1904.7648 146.04494 nan nan nan nan nan nan nan nan nan nan nan nan 1e-07 1e-07 0.0 0.0 0.0 0.0 1 0
_Cos_42042051881101487 11 "HSC-SSP Public Data Release 4 (Wide)" 132.6054768970485 1.1965340180648552 1800.0 1 L r 42042051881101487 835.08234 18.512486 1277.6576 33.96815 1881.2328 35.319798 2957.002 62.23885 4070.9001 148.35036 nan nan nan nan nan nan nan nan nan nan nan nan 1e-07 1e-07 0.0 0.0 0.0 0.0 1 0
_Cos_42042056176042566 11 "HSC-SSP Public Data Release 4 (Wide)" 132.63232612500326 1.218716139002555 1800.0 1 L r 42042056176042566 721.1716 31.96337 648.37897 40.759556 1072.6913 48.414562 2310.57 125.26533 2062.4336 161.56433 nan nan nan nan nan nan nan nan nan nan nan nan 1e-07 1e-07 0.0 0.0 0.0 0.0 1 0
_Cos_42042056176043712 11 "HSC-SSP Public Data Release 4 (Wide)" 132.63188975911444 1.2453736949178813 1800.0 1 L r 42042056176043712 562.4747 20.235355 683.2973 34.11771 1321.5052 35.551205 1838.6986 71.97981 2113.7458 131.29921 nan nan nan nan nan nan nan nan nan nan nan nan 1e-07 1e-07 0.0 0.0 0.0 0.0 1 0
_Cos_42042056176044926 11 "HSC-SSP Public Data Release 4 (Wide)" 132.61136191767025 1.2737310259919916 1800.0 1 L r 42042056176044926 681.90204 17.289095 735.95905 30.14687 1038.6915 34.981827 1541.7499 67.04453 2444.338 136.95555 nan nan nan nan nan nan nan nan nan nan nan nan 1e-07 1e-07 0.0 0.0 0.0 0.0 1 0
_Cos_42042056176046069 11 "HSC-SSP Public Data Release 4 (Wide)" 132.65846741445358 1.3005948961186222 1800.0 1 L r 42042056176046069 774.75854 21.7482 1019.9285 39.913506 1377.4912 44.24681 1579.6066 74.82455 1846.9873 137.8956 nan nan nan nan nan nan nan nan nan nan nan nan 1e-07 1e-07 0.0 0.0 0.0 0.0 1 0
_Cos_42042056176046688 11 "HSC-SSP Public Data Release 4 (Wide)" 132.6775381049795 1.3150381063223575 1800.0 1 L r 42042056176046688 816.00037 27.513615 880.0259 42.770546 1061.728 65.920166 1472.1831 91.76876 1455.5829 215.61504 nan nan nan nan nan nan nan nan nan nan nan nan 1e-07 1e-07 0.0 0.0 0.0 0.0 1 0
