output/Jan25/final_nf_input/field_e_L1_visit1_final_targets.ecsv
# %ECSV 1.0
# ---
# datatype:
# - {name: ob_code, datatype: string}
# - {name: catId, datatype: int32}
# - {name: description, datatype: string}
# - {name: R.A., datatype: float64}
# - {name: Dec., datatype: float64}
# - {name: Exposure Time, datatype: float64}
# - {name: Priority, datatype: int32}
# - {name: resolution, datatype: string}
# - {name: reference_arm, datatype: string}
# - {name: ID, datatype: int64}
# - {name: g_hsc, datatype: float64}
# - {name: g_hsc_err, datatype: float64}
# - {name: r2_hsc, datatype: float64}
# - {name: r2_hsc_err, datatype: float64}
# - {name: i2_hsc, datatype: float64}
# - {name: i2_hsc_err, datatype: float64}
# - {name: z_hsc, datatype: float64}
# - {name: z_hsc_err, datatype: float64}
# - {name: y_hsc, datatype: float64}
# - {name: y_hsc_err, datatype: float64}
# - {name: epoch, datatype: float64}
# - {name: input_catalog_id, datatype: float64}
# - {name: psf_flux_g, datatype: float64}
# - {name: psf_flux_error_g, datatype: float64}
# - {name: psf_flux_r, datatype: float64}
# - {name: psf_flux_error_r, datatype: float64}
# - {name: psf_flux_i, datatype: float64}
# - {name: psf_flux_error_i, datatype: float64}
# - {name: psf_flux_z, datatype: float64}
# - {name: psf_flux_error_z, datatype: float64}
# - {name: psf_flux_y, datatype: float64}
# - {name: psf_flux_error_y, datatype: float64}
# - {name: parallax, datatype: float64}
# - {name: parallax_error, datatype: float64}
# - {name: pmra, datatype: float64}
# - {name: pmra_error, datatype: float64}
# - {name: pmdec, datatype: float64}
# - {name: pmdec_error, datatype: float64}
# - {name: target_type, datatype: int32}
# - {name: stage, datatype: int32}
# schema: astropy-2.0
ob_code catId description R.A. Dec. "Exposure Time" Priority resolution reference_arm ID g_hsc g_hsc_err r2_hsc r2_hsc_err i2_hsc i2_hsc_err z_hsc z_hsc_err y_hsc y_hsc_err epoch input_catalog_id psf_flux_g psf_flux_error_g psf_flux_r psf_flux_error_r psf_flux_i psf_flux_error_i psf_flux_z psf_flux_error_z psf_flux_y psf_flux_error_y parallax parallax_error pmra pmra_error pmdec pmdec_error target_type stage
[from data line 155]
_Cos_42036691761912308 11 "HSC-SSP Public Data Release 4 (Wide)" 132.33891535889444 1.1168499708147681 1800.0 1 L r 42036691761912308 507.4932 16.430815 713.9161 29.996395 1392.9513 30.413542 2614.566 57.674255 3760.916 100.73578 nan nan nan nan nan nan nan nan nan nan nan nan 1e-07 1e-07 0.0 0.0 0.0 0.0 1 0
_Cos_42036691761912418 11 "HSC-SSP Public Data Release 4 (Wide)" 132.43384619837974 1.1180529509613246 1800.0 1 L r 42036691761912418 991.94574 21.442133 1152.7638 37.367077 1059.941 33.561733 1260.8293 67.42978 1386.3239 128.03653 nan nan nan nan nan nan nan nan nan nan nan nan 1e-07 1e-07 0.0 0.0 0.0 0.0 1 0
_Cos_42036691761912559 11 "HSC-SSP Public Data Release 4 (Wide)" 132.46505495133374 1.1217863492913527 1800.0 1 L r 42036691761912559 1180.4824 23.223274 1549.49 37.67581 1868.3105 41.908695 2006.3607 77.17984 1679.7577 138.01118 nan nan nan nan nan nan nan nan nan nan nan nan 1e-07 1e-07 0.0 0.0 0.0 0.0 1 0
_Cos_42036691761912941 11 "HSC-SSP Public Data Release 4 (Wide)" 132.40460355542618 1.1277944778923754 1800.0 1 L r 42036691761912941 1308.3951 32.86983 1427.6365 60.520863 2238.8843 57.001354 1977.1166 88.65009 3397.333 168.57797 nan nan nan nan nan nan nan nan nan nan nan nan 1e-07 1e-07 0.0 0.0 0.0 0.0 1 0
_Cos_42036691761913428 11 "HSC-SSP Public Data Release 4 (Wide)" 132.47495774181087 1.13896912031325 1800.0 1 L r 42036691761913428 996.0453 20.25182 1323.0841 39.6508 1624.0688 38.072758 2136.658 65.00397 2677.1138 141.4512 nan nan nan nan nan nan nan nan nan nan nan nan 1e-07 1e-07 0.0 0.0 0.0 0.0 1 0
_Cos_42036691761913725 11 "HSC-SSP Public Data Release 4 (Wide)" 132.45453935378637 1.1458127086420582 1800.0 1 L r 42036691761913725 1449.4845 14.13803 1541.2135 25.34701 1864.8123 23.282793 2735.5122 52.25369 3022.3977 93.46077 nan nan nan nan nan nan nan nan nan nan nan nan 1e-07 1e-07 0.0 0.0 0.0 0.0 1 0
_Cos_42036691761914315 11 "HSC-SSP Public Data Release 4 (Wide)" 132.4078697523527 1.1525539970864989 1800.0 1 L r 42036691761914315 849.2157 22.084505 849.6759 36.66295 1218.3901 35.67598 2209.3809 98.276886 1485.9816 111.1446 nan nan nan nan nan nan nan nan nan nan nan nan 1e-07 1e-07 0.0 0.0 0.0 0.0 1 0
_Cos_42036691761914384 11 "HSC-SSP Public Data Release 4 (Wide)" 132.34597470988618 1.1543123714657417 1800.0 1 L r 42036691761914384 838.8321 25.185009 825.7619 41.90223 1150.0847 46.67491 2106.405 96.561104 2453.0337 167.17564 nan nan nan nan nan nan nan nan nan nan nan nan 1e-07 1e-07 0.0 0.0 0.0 0.0 1 0
_Cos_42036691761914551 11 "HSC-SSP Public Data Release 4 (Wide)" 132.36897556883156 1.1578542535698657 1800.0 1 L r 42036691761914551 1004.8549 21.671436 1199.3162 43.097126 1673.0775 33.354057 1830.5762 67.69262 1847.4828 123.16912 nan nan nan nan nan nan nan nan nan nan nan nan 1e-07 1e-07 0.0 0.0 0.0 0.0 1 0
_Cos_42036691761915236 11 "HSC-SSP Public Data Release 4 (Wide)" 132.45660875838976 1.1712267127198412 1800.0 1 L r 42036691761915236 835.26874 30.845383 777.159 38.37578 1247.8278 45.568855 1534.4308 69.958244 1815.548 149.38939 nan nan nan nan nan nan nan nan nan nan nan nan 1e-07 1e-07 0.0 0.0 0.0 0.0 1 0
_Cos_42036691761915392 11 "HSC-SSP Public Data Release 4 (Wide)" 132.4884085721183 1.174582559865789 1800.0 1 L r 42036691761915392 627.9613 14.414571 782.8609 28.033941 1251.4783 38.549118 1305.0525 59.54609 1641.0356 106.699326 nan nan nan nan nan nan nan nan nan nan nan nan 1e-07 1e-07 0.0 0.0 0.0 0.0 1 0
_Cos_42036691761915831 11 "HSC-SSP Public Data Release 4 (Wide)" 132.4065392931536 1.1880946799020575 1800.0 1 L r 42036691761915831 1315.3967 25.237644 1690.1836 36.210907 2637.5752 39.94125 2541.834 74.30027 2791.8064 126.38699 nan nan nan nan nan nan nan nan nan nan nan nan 1e-07 1e-07 0.0 0.0 0.0 0.0 1 0
_Cos_42036691761916002 11 "HSC-SSP Public Data Release 4 (Wide)" 132.4250235601753 1.1867743612879647 1800.0 1 L r 42036691761916002 1378.451 32.601223 1700.2598 50.826797 2891.451 61.79364 4145.845 104.64873 5780.5293 194.39775 nan nan nan nan nan nan nan nan nan nan nan nan 1e-07 1e-07 0.0 0.0 0.0 0.0 1 0
_Cos_42036691761916684 11 "HSC-SSP Public Data Release 4 (Wide)" 132.4132380241161 1.2011609301272734 1800.0 1 L r 42036691761916684 823.83954 21.135294 961.3533 37.389236 1523.7139 39.841846 1924.0409 67.02914 2731.4563 129.28296 nan nan nan nan nan nan nan nan nan nan nan nan 1e-07 1e-07 0.0 0.0 0.0 0.0 1 0
_Cos_42036691761916715 11 "HSC-SSP Public Data Release 4 (Wide)" 132.44920084398336 1.2011650663736193 1800.0 1 L r 42036691761916715 1256.6342 18.318441 1335.8888 34.848644 1672.4341 29.463528 2276.6404 64.681625 2499.0767 93.83437 nan nan nan nan nan nan nan nan nan nan nan nan 1e-07 1e-07 0.0 0.0 0.0 0.0 1 0
_Cos_42036691761917068 11 "HSC-SSP Public Data Release 4 (Wide)" 132.36350640942476 1.2077115950345523 1800.0 1 L r 42036691761917068 468.95926 24.63306 794.3566 40.394386 1261.223 38.271427 2259.6624 95.725105 1711.4781 134.39453 nan nan nan nan nan nan nan nan nan nan nan nan 1e-07 1e-07 0.0 0.0 0.0 0.0 1 0
_Cos_42036696056857597 11 "HSC-SSP Public Data Release 4 (Wide)" 132.38172510976852 1.2305732548583448 1800.0 1 L r 42036696056857597 386.81775 28.221235 639.50775 64.9 929.17926 44.732372 1553.5948 81.28076 2283.894 181.26158 nan nan nan nan nan nan nan nan nan nan nan nan 1e-07 1e-07 0.0 0.0 0.0 0.0 1 0
_Cos_42036696056859374 11 "HSC-SSP Public Data Release 4 (Wide)" 132.38206076336857 1.2746570354884512 1800.0 1 L r 42036696056859374 390.30276 31.46118 435.5286 53.94273 946.2876 46.429577 1072.5973 74.373344 1141.464 148.50046 nan nan nan nan nan nan nan nan nan nan nan nan 1e-07 1e-07 0.0 0.0 0.0 0.0 1 0
_Cos_42036696056859870 11 "HSC-SSP Public Data Release 4 (Wide)" 132.3407802267054 1.2878489550555332 1800.0 1 L r 42036696056859870 720.4659 24.972502 998.78546 40.07769 1649.2328 49.632954 3767.4714 112.19034 4607.9014 195.39975 nan nan nan nan nan nan nan nan nan nan nan nan 1e-07 1e-07 0.0 0.0 0.0 0.0 1 0
_Cos_42036696056859981 11 "HSC-SSP Public Data Release 4 (Wide)" 132.41433248608453 1.2903259513174217 1800.0 1 L r 42036696056859981 454.19754 17.581963 666.7544 34.54711 1183.1555 32.5704 2301.9946 74.20809 4157.426 189.00098 nan nan nan nan nan nan nan nan nan nan nan nan 1e-07 1e-07 0.0 0.0 0.0 0.0 1 0
_Cos_42036696056860148 11 "HSC-SSP Public Data Release 4 (Wide)" 132.43349719953386 1.2943099073886928 1800.0 1 L r 42036696056860148 763.83954 31.361988 718.8447 49.448536 1273.9803 60.53567 2136.343 123.8614 2191.0896 188.62083 nan nan nan nan nan nan nan nan nan nan nan nan 1e-07 1e-07 0.0 0.0 0.0 0.0 1 0
_Cos_42036696056861011 11 "HSC-SSP Public Data Release 4 (Wide)" 132.39479419881735 1.3141956159480168 1800.0 1 L r 42036696056861011 520.6347 19.706139 562.9675 32.666462 986.5209 42.78414 1058.6387 71.71699 1831.1643 129.93904 nan nan nan nan nan nan nan nan nan nan nan nan 1e-07 1e-07 0.0 0.0 0.0 0.0 1 0
_Cos_42036696056861051 11 "HSC-SSP Public Data Release 4 (Wide)" 132.3268434324608 1.314798220405781 1800.0 1 L r 42036696056861051 506.1281 27.563791 391.53442 38.77053 1098.998 35.67658 1363.0194 70.60869 1571.8966 116.45101 nan nan nan nan nan nan nan nan nan nan nan nan 1e-07 1e-07 0.0 0.0 0.0 0.0 1 0
_Cos_42036696056861366 11 "HSC-SSP Public Data Release 4 (Wide)" 132.47818519699746 1.3221753466879862 1800.0 1 L r 42036696056861366 930.8411 17.621159 1104.0521 27.74516 1117.6901 29.7229 1519.4474 64.84716 1516.6328 95.982414 nan nan nan nan nan nan nan nan nan nan nan nan 1e-07 1e-07 0.0 0.0 0.0 0.0 1 0
_Cos_42036696056862566 11 "HSC-SSP Public Data Release 4 (Wide)" 132.3492596102847 1.3512628658363273 1800.0 1 L r 42036696056862566 407.80087 22.211142 579.89124 38.784546 958.5793 35.941223 1288.942 66.1435 1322.6517 126.20119 nan nan nan nan nan nan nan nan nan nan nan nan 1e-07 1e-07 0.0 0.0 0.0 0.0 1 0
_Cos_42036696056863972 11 "HSC-SSP Public Data Release 4 (Wide)" 132.38343365922805 1.3856356492500403 1800.0 1 L r 42036696056863972 860.7657 26.54381 1266.1292 45.06753 2553.0103 40.59341 3725.1152 83.017 3792.3503 141.92302 nan nan nan nan nan nan nan nan nan nan nan nan 1e-07 1e-07 0.0 0.0 0.0 0.0 1 0
_Cos_42036696056864846 11 "HSC-SSP Public Data Release 4 (Wide)" 132.46770553188236 1.2956655962214767 1800.0 1 L r 42036696056864846 199.51936 27.366102 136.12645 34.12143 1472.148 197.74936 722.57385 123.57911 366.15973 215.68257 nan nan nan nan nan nan nan nan nan nan nan nan 1e-07 1e-07 0.0 0.0 0.0 0.0 1 0
_Cos_42036696056873139 11 "HSC-SSP Public Data Release 4 (Wide)" 132.35600891902206 1.2197774025321724 1800.0 1 L r 42036696056873139 573.87756 25.720839 794.6296 48.447994 941.1207 38.76951 1848.7996 86.93897 1827.7986 125.01989 nan nan nan nan nan nan nan nan nan nan nan nan 1e-07 1e-07 0.0 0.0 0.0 0.0 1 0
_Cos_42036696056873207 11 "HSC-SSP Public Data Release 4 (Wide)" 132.39294286678702 1.2132601874587046 1800.0 1 L r 42036696056873207 1041.0043 25.585443 1020.9203 44.03362 1259.2828 45.736744 1645.3658 83.95754 2327.5166 150.14575 nan nan nan nan nan nan nan nan nan nan nan nan 1e-07 1e-07 0.0 0.0 0.0 0.0 1 0
_Cos_42036696056873273 11 "HSC-SSP Public Data Release 4 (Wide)" 132.33972815044137 1.2132424567304116 1800.0 1 L r 42036696056873273 1002.0406 26.620165 1197.6702 45.496117 1520.3707 51.633873 2125.6338 90.802 3317.6738 166.69937 nan nan nan nan nan nan nan nan nan nan nan nan 1e-07 1e-07 0.0 0.0 0.0 0.0 1 0
_Cos_42036696056873689 11 "HSC-SSP Public Data Release 4 (Wide)" 132.4830254451184 1.2255724917141335 1800.0 1 L r 42036696056873689 413.17126 25.387117 488.05078 43.766445 1104.5361 41.74209 1739.7568 75.50048 2142.7307 158.55717 nan nan nan nan nan nan nan nan nan nan nan nan 1e-07 1e-07 0.0 0.0 0.0 0.0 1 0
_Cos_42036696056873970 11 "HSC-SSP Public Data Release 4 (Wide)" 132.45223706851274 1.232484723877505 1800.0 1 L r 42036696056873970 461.11935 18.174704 483.29282 31.454329 916.01556 26.492527 1239.1667 54.772987 1104.4541 86.06684 nan nan nan nan nan nan nan nan nan nan nan nan 1e-07 1e-07 0.0 0.0 0.0 0.0 1 0
_Cos_42036696056874709 11 "HSC-SSP Public Data Release 4 (Wide)" 132.48007633364145 1.240668467847087 1800.0 1 L r 42036696056874709 689.8909 19.712217 844.37683 31.04379 1629.9082 39.73589 2947.6843 73.35139 5901.883 202.48126 nan nan nan nan nan nan nan nan nan nan nan nan 1e-07 1e-07 0.0 0.0 0.0 0.0 1 0
_Cos_42036696056874959 11 "HSC-SSP Public Data Release 4 (Wide)" 132.43872368834136 1.2439847166053477 1800.0 1 L r 42036696056874959 1955.4337 41.894928 4506.607 62.813137 3500.621 52.419136 15291.057 190.15866 10491.533 269.56332 nan nan nan nan nan nan nan nan nan nan nan nan 1e-07 1e-07 0.0 0.0 0.0 0.0 1 0
_Cos_42036696056875041 11 "HSC-SSP Public Data Release 4 (Wide)" 132.4703135735207 1.245481251240277 1800.0 1 L r 42036696056875041 1628.6462 27.865229 1895.8567 47.01655 2429.5845 57.71231 2801.4614 95.51109 4222.1426 163.86142 nan nan nan nan nan nan nan nan nan nan nan nan 1e-07 1e-07 0.0 0.0 0.0 0.0 1 0
_Cos_42036696056875210 11 "HSC-SSP Public Data Release 4 (Wide)" 132.38689639879 1.2490356715135615 1800.0 1 L r 42036696056875210 315.9672 17.329565 413.13934 30.940706 937.1354 32.337975 1350.7013 66.95917 1430.9722 115.698746 nan nan nan nan nan nan nan nan nan nan nan nan 1e-07 1e-07 0.0 0.0 0.0 0.0 1 0
_Cos_42036696056875360 11 "HSC-SSP Public Data Release 4 (Wide)" 132.41590539108924 1.249278692347901 1800.0 1 L r 42036696056875360 1004.1425 16.08813 1444.7812 33.396576 1456.0654 26.879124 1909.7439 64.478905 1719.0841 89.93496 nan nan nan nan nan nan nan nan nan nan nan nan 1e-07 1e-07 0.0 0.0 0.0 0.0 1 0
_Cos_42036696056875492 11 "HSC-SSP Public Data Release 4 (Wide)" 132.3211728086654 1.2521481688881138 1800.0 1 L r 42036696056875492 344.89087 21.445507 532.9113 37.4706 982.03064 30.347757 1765.7242 61.855606 2161.1643 109.8047 nan nan nan nan nan nan nan nan nan nan nan nan 1e-07 1e-07 0.0 0.0 0.0 0.0 1 0
_Cos_42036696056875662 11 "HSC-SSP Public Data Release 4 (Wide)" 132.50365777529888 1.2558418652833006 1800.0 1 L r 42036696056875662 667.3302 27.05644 644.6786 47.05319 1039.9994 48.721695 1333.48 78.08215 1742.9396 153.64212 nan nan nan nan nan nan nan nan nan nan nan nan 1e-07 1e-07 0.0 0.0 0.0 0.0 1 0
_Cos_42036696056876144 11 "HSC-SSP Public Data Release 4 (Wide)" 132.40428092699798 1.2672433372232519 1800.0 1 L r 42036696056876144 688.5583 21.685835 954.74536 41.25547 2081.3577 43.21766 2597.3723 81.43806 2801.324 162.00581 nan nan nan nan nan nan nan nan nan nan nan nan 1e-07 1e-07 0.0 0.0 0.0 0.0 1 0
_Cos_42036696056876420 11 "HSC-SSP Public Data Release 4 (Wide)" 132.4716818425743 1.2729498604161873 1800.0 1 L r 42036696056876420 877.59265 20.078375 1097.3802 39.07421 1398.6616 41.187454 3753.9492 61.862278 1285.5555 121.8568 nan nan nan nan nan nan nan nan nan nan nan nan 1e-07 1e-07 0.0 0.0 0.0 0.0 1 0
_Cos_42036696056876981 11 "HSC-SSP Public Data Release 4 (Wide)" 132.3339613906168 1.281803059442398 1800.0 1 L r 42036696056876981 563.58923 23.418488 647.8774 38.2585 987.7952 43.477707 1190.704 86.050095 774.7151 123.85364 nan nan nan nan nan nan nan nan nan nan nan nan 1e-07 1e-07 0.0 0.0 0.0 0.0 1 0
_Cos_42036696056877344 11 "HSC-SSP Public Data Release 4 (Wide)" 132.31971097304316 1.2897283337981085 1800.0 1 L r 42036696056877344 601.3369 20.563482 659.6549 36.37067 989.1016 35.65038 1030.316 68.15291 1215.7845 109.824066 nan nan nan nan nan nan nan nan nan nan nan nan 1e-07 1e-07 0.0 0.0 0.0 0.0 1 0
_Cos_42036696056877595 11 "HSC-SSP Public Data Release 4 (Wide)" 132.39620423296347 1.293537614431988 1800.0 1 L r 42036696056877595 971.1818 19.994429 1333.4314 40.406746 1518.552 34.469467 2312.45 81.06856 3422.2627 137.80643 nan nan nan nan nan nan nan nan nan nan nan nan 1e-07 1e-07 0.0 0.0 0.0 0.0 1 0
_Cos_42036696056878131 11 "HSC-SSP Public Data Release 4 (Wide)" 132.37620110670542 1.304220099475561 1800.0 1 L r 42036696056878131 2712.6921 33.00814 3030.807 50.38495 3231.5596 47.934578 2979.8933 93.4611 3282.3223 189.53152 nan nan nan nan nan nan nan nan nan nan nan nan 1e-07 1e-07 0.0 0.0 0.0 0.0 1 0
_Cos_42036696056878536 11 "HSC-SSP Public Data Release 4 (Wide)" 132.49983418103562 1.3146037339306635 1800.0 1 L r 42036696056878536 512.7131 21.86014 663.4221 41.994694 1122.9907 31.171892 1718.4155 63.657425 1813.7504 109.669754 nan nan nan nan nan nan nan nan nan nan nan nan 1e-07 1e-07 0.0 0.0 0.0 0.0 1 0
_Cos_42036696056878690 11 "HSC-SSP Public Data Release 4 (Wide)" 132.35133959268603 1.3138713737427796 1800.0 1 L r 42036696056878690 585.21436 25.754177 753.582 45.586517 1300.8495 50.834618 1050.1945 72.50897 1060.6255 112.17085 nan nan nan nan nan nan nan nan nan nan nan nan 1e-07 1e-07 0.0 0.0 0.0 0.0 1 0
_Cos_42036696056878702 11 "HSC-SSP Public Data Release 4 (Wide)" 132.4308258900046 1.3132684042401952 1800.0 1 L r 42036696056878702 1511.8093 18.79613 1773.8733 35.894855 2639.5195 34.853397 3586.8833 66.24593 4064.21 120.759254 nan nan nan nan nan nan nan nan nan nan nan nan 1e-07 1e-07 0.0 0.0 0.0 0.0 1 0
_Cos_42036696056879620 11 "HSC-SSP Public Data Release 4 (Wide)" 132.3870611800085 1.3297408769198293 1800.0 1 L r 42036696056879620 2516.8198 17.465982 2756.432 32.693653 2627.5999 33.32036 4374.233 69.350716 3486.737 114.74511 nan nan nan nan nan nan nan nan nan nan nan nan 1e-07 1e-07 0.0 0.0 0.0 0.0 1 0
_Cos_42036696056880105 11 "HSC-SSP Public Data Release 4 (Wide)" 132.34130861676607 1.3390541446609423 1800.0 1 L r 42036696056880105 878.707 18.68828 993.96466 36.113625 1550.855 30.964083 1712.0791 62.394398 2274.1038 108.13085 nan nan nan nan nan nan nan nan nan nan nan nan 1e-07 1e-07 0.0 0.0 0.0 0.0 1 0
_Cos_42036696056880154 11 "HSC-SSP Public Data Release 4 (Wide)" 132.49039268099256 1.3397688102970198 1800.0 1 L r 42036696056880154 622.7761 13.980294 793.7608 26.703823 992.9327 24.538042 1673.1349 58.51853 1343.7087 83.456 nan nan nan nan nan nan nan nan nan nan nan nan 1e-07 1e-07 0.0 0.0 0.0 0.0 1 0
