output/Jan25/final_nf_input/field_e_L1_visit2_final_targets.ecsv
# %ECSV 1.0
# ---
# datatype:
# - {name: ob_code, datatype: string}
# - {name: catId, datatype: int32}
# - {name: description, datatype: string}
# - {name: R.A., datatype: float64}
# - {name: Dec., datatype: float64}
# - {name: Exposure Time, datatype: float64}
# - {name: Priority, datatype: int32}
# - {name: resolution, datatype: string}
# - {name: reference_arm, datatype: string}
# - {name: ID, datatype: int64}
# - {name: g_hsc, datatype: float64}
# - {name: g_hsc_err, datatype: float64}
# - {name: r2_hsc, datatype: float64}
# - {name: r2_hsc_err, datatype: float64}
# - {name: i2_hsc, datatype: float64}
# - {name: i2_hsc_err, datatype: float64}
# - {name: z_hsc, datatype: float64}
# - {name: z_hsc_err, datatype: float64}
# - {name: y_hsc, datatype: float64}
# - {name: y_hsc_err, datatype: float64}
# - {name: epoch, datatype: float64}
# - {name: input_catalog_id, datatype: float64}
# - {name: psf_flux_g, datatype: float64}
# - {name: psf_flux_error_g, datatype: float64}
# - {name: psf_flux_r, datatype: float64}
# - {name: psf_flux_error_r, datatype: float64}
# - {name: psf_flux_i, datatype: float64}
# - {name: psf_flux_error_i, datatype: float64}
# - {name: psf_flux_z, datatype: float64}
# - {name: psf_flux_error_z, datatype: float64}
# - {name: psf_flux_y, datatype: float64}
# - {name: psf_flux_error_y, datatype: float64}
# - {name: parallax, datatype: float64}
# - {name: parallax_error, datatype: float64}
# - {name: pmra, datatype: float64}
# - {name: pmra_error, datatype: float64}
# - {name: pmdec, datatype: float64}
# - {name: pmdec_error, datatype: float64}
# - {name: target_type, datatype: int32}
# - {name: stage, datatype: int32}
# schema: astropy-2.0
ob_code catId description R.A. Dec. "Exposure Time" Priority resolution reference_arm ID g_hsc g_hsc_err r2_hsc r2_hsc_err i2_hsc i2_hsc_err z_hsc z_hsc_err y_hsc y_hsc_err epoch input_catalog_id psf_flux_g psf_flux_error_g psf_flux_r psf_flux_error_r psf_flux_i psf_flux_error_i psf_flux_z psf_flux_error_z psf_flux_y psf_flux_error_y parallax parallax_error pmra pmra_error pmdec pmdec_error target_type stage
[from data line 1664]
_Sky_3296575153 2007 "Sky positions from PS1" 132.71082317453582 0.9921125386571612 1800.0 1 L r 20046713306 nan nan nan nan nan nan nan nan nan nan nan nan nan nan nan nan nan nan nan nan nan nan 1e-07 1e-07 0.0 0.0 0.0 0.0 2 0
_Sky_3296539070 2007 "Sky positions from PS1" 132.71196137477253 1.0336278525865654 1800.0 1 L r 20046677223 nan nan nan nan nan nan nan nan nan nan nan nan nan nan nan nan nan nan nan nan nan nan 1e-07 1e-07 0.0 0.0 0.0 0.0 2 0
_Sky_3296582307 2007 "Sky positions from PS1" 132.76022770188348 0.9946155908935468 1800.0 1 L r 20046720460 nan nan nan nan nan nan nan nan nan nan nan nan nan nan nan nan nan nan nan nan nan nan 1e-07 1e-07 0.0 0.0 0.0 0.0 2 0
_Sky_3296561674 2007 "Sky positions from PS1" 132.7485665267295 1.0135850077029491 1800.0 1 L r 20046699827 nan nan nan nan nan nan nan nan nan nan nan nan nan nan nan nan nan nan nan nan nan nan 1e-07 1e-07 0.0 0.0 0.0 0.0 2 0
_Sky_3296542396 2007 "Sky positions from PS1" 132.70108843498664 1.098988402029638 1800.0 1 L r 20046680549 nan nan nan nan nan nan nan nan nan nan nan nan nan nan nan nan nan nan nan nan nan nan 1e-07 1e-07 0.0 0.0 0.0 0.0 2 0
_Sky_3296577378 2007 "Sky positions from PS1" 132.7242132253824 1.140488327928126 1800.0 1 L r 20046715531 nan nan nan nan nan nan nan nan nan nan nan nan nan nan nan nan nan nan nan nan nan nan 1e-07 1e-07 0.0 0.0 0.0 0.0 2 0
_Sky_3296577130 2007 "Sky positions from PS1" 132.77521110579372 1.1415860165630571 1800.0 1 L r 20046715283 nan nan nan nan nan nan nan nan nan nan nan nan nan nan nan nan nan nan nan nan nan nan 1e-07 1e-07 0.0 0.0 0.0 0.0 2 0
_Sky_3296550948 2007 "Sky positions from PS1" 132.88209204480694 1.0377186302870884 1800.0 1 L r 20046689101 nan nan nan nan nan nan nan nan nan nan nan nan nan nan nan nan nan nan nan nan nan nan 1e-07 1e-07 0.0 0.0 0.0 0.0 2 0
_Sky_3296557986 2007 "Sky positions from PS1" 132.87276023768 1.057489080980568 1800.0 1 L r 20046696139 nan nan nan nan nan nan nan nan nan nan nan nan nan nan nan nan nan nan nan nan nan nan 1e-07 1e-07 0.0 0.0 0.0 0.0 2 0
_Sky_3296579378 2007 "Sky positions from PS1" 132.89618499460417 1.0575988106003475 1800.0 1 L r 20046717531 nan nan nan nan nan nan nan nan nan nan nan nan nan nan nan nan nan nan nan nan nan nan 1e-07 1e-07 0.0 0.0 0.0 0.0 2 0
_Sky_3296574993 2007 "Sky positions from PS1" 132.84842987359764 1.1415058907889395 1800.0 1 L r 20046713146 nan nan nan nan nan nan nan nan nan nan nan nan nan nan nan nan nan nan nan nan nan nan 1e-07 1e-07 0.0 0.0 0.0 0.0 2 0
_Sky_3296556843 2007 "Sky positions from PS1" 132.87368616459446 1.1008687313724663 1800.0 1 L r 20046694996 nan nan nan nan nan nan nan nan nan nan nan nan nan nan nan nan nan nan nan nan nan nan 1e-07 1e-07 0.0 0.0 0.0 0.0 2 0
_Sky_3296547012 2007 "Sky positions from PS1" 132.90875790040178 1.0819213306506377 1800.0 1 L r 20046685165 nan nan nan nan nan nan nan nan nan nan nan nan nan nan nan nan nan nan nan nan nan nan 1e-07 1e-07 0.0 0.0 0.0 0.0 2 0
_Sky_3296557119 2007 "Sky positions from PS1" 132.88425509996316 1.1241425876788602 1800.0 1 L r 20046695272 nan nan nan nan nan nan nan nan nan nan nan nan nan nan nan nan nan nan nan nan nan nan 1e-07 1e-07 0.0 0.0 0.0 0.0 2 0
_Sky_3296582200 2007 "Sky positions from PS1" 132.71323756125574 1.207405872269439 1800.0 1 L r 20046720353 nan nan nan nan nan nan nan nan nan nan nan nan nan nan nan nan nan nan nan nan nan nan 1e-07 1e-07 0.0 0.0 0.0 0.0 2 0
_Sky_3296572157 2007 "Sky positions from PS1" 132.736456636486 1.1648756991564393 1800.0 1 L r 20046710310 nan nan nan nan nan nan nan nan nan nan nan nan nan nan nan nan nan nan nan nan nan nan 1e-07 1e-07 0.0 0.0 0.0 0.0 2 0
_Sky_3296571036 2007 "Sky positions from PS1" 132.77330850533966 1.1845570277174304 1800.0 1 L r 20046709189 nan nan nan nan nan nan nan nan nan nan nan nan nan nan nan nan nan nan nan nan nan nan 1e-07 1e-07 0.0 0.0 0.0 0.0 2 0
_Sky_3296578896 2007 "Sky positions from PS1" 132.71243149700527 1.2484910118151324 1800.0 1 L r 20046717049 nan nan nan nan nan nan nan nan nan nan nan nan nan nan nan nan nan nan nan nan nan nan 1e-07 1e-07 0.0 0.0 0.0 0.0 2 0
_Sky_3296554928 2007 "Sky positions from PS1" 132.71312793879687 1.292255168129469 1800.0 1 L r 20046693081 nan nan nan nan nan nan nan nan nan nan nan nan nan nan nan nan nan nan nan nan nan nan 1e-07 1e-07 0.0 0.0 0.0 0.0 2 0
_Sky_3296574942 2007 "Sky positions from PS1" 132.7746129934946 1.2721681330070973 1800.0 1 L r 20046713095 nan nan nan nan nan nan nan nan nan nan nan nan nan nan nan nan nan nan nan nan nan nan 1e-07 1e-07 0.0 0.0 0.0 0.0 2 0
_Sky_3296556075 2007 "Sky positions from PS1" 132.78832019376395 1.2934852160219303 1800.0 1 L r 20046694228 nan nan nan nan nan nan nan nan nan nan nan nan nan nan nan nan nan nan nan nan nan nan 1e-07 1e-07 0.0 0.0 0.0 0.0 2 0
_Sky_3296547492 2007 "Sky positions from PS1" 132.83611439624374 1.1629897796925042 1800.0 1 L r 20046685645 nan nan nan nan nan nan nan nan nan nan nan nan nan nan nan nan nan nan nan nan nan nan 1e-07 1e-07 0.0 0.0 0.0 0.0 2 0
_Sky_3296541416 2007 "Sky positions from PS1" 132.82445114084115 1.1841137017857015 1800.0 1 L r 20046679569 nan nan nan nan nan nan nan nan nan nan nan nan nan nan nan nan nan nan nan nan nan nan 1e-07 1e-07 0.0 0.0 0.0 0.0 2 0
_Sky_3296576267 2007 "Sky positions from PS1" 132.8484960747023 1.185245291169163 1800.0 1 L r 20046714420 nan nan nan nan nan nan nan nan nan nan nan nan nan nan nan nan nan nan nan nan nan nan 1e-07 1e-07 0.0 0.0 0.0 0.0 2 0
_Sky_3296544932 2007 "Sky positions from PS1" 132.8717975348687 1.2290646642824978 1800.0 1 L r 20046683085 nan nan nan nan nan nan nan nan nan nan nan nan nan nan nan nan nan nan nan nan nan nan 1e-07 1e-07 0.0 0.0 0.0 0.0 2 0
_Sky_3296543583 2007 "Sky positions from PS1" 132.81216580035442 1.2930826476469928 1800.0 1 L r 20046681736 nan nan nan nan nan nan nan nan nan nan nan nan nan nan nan nan nan nan nan nan nan nan 1e-07 1e-07 0.0 0.0 0.0 0.0 2 0
_Sky_3296569589 2007 "Sky positions from PS1" 132.8739562129116 1.2705182608326473 1800.0 1 L r 20046707742 nan nan nan nan nan nan nan nan nan nan nan nan nan nan nan nan nan nan nan nan nan nan 1e-07 1e-07 0.0 0.0 0.0 0.0 2 0
_Sky_3296579373 2007 "Sky positions from PS1" 132.93211790716697 0.9980928888278038 1800.0 1 L r 20046717526 nan nan nan nan nan nan nan nan nan nan nan nan nan nan nan nan nan nan nan nan nan nan 1e-07 1e-07 0.0 0.0 0.0 0.0 2 0
_Sky_3296541146 2007 "Sky positions from PS1" 132.9214139995155 1.017315420449511 1800.0 1 L r 20046679299 nan nan nan nan nan nan nan nan nan nan nan nan nan nan nan nan nan nan nan nan nan nan 1e-07 1e-07 0.0 0.0 0.0 0.0 2 0
_Sky_3296563573 2007 "Sky positions from PS1" 132.95817624836434 1.0395216715641316 1800.0 1 L r 20046701726 nan nan nan nan nan nan nan nan nan nan nan nan nan nan nan nan nan nan nan nan nan nan 1e-07 1e-07 0.0 0.0 0.0 0.0 2 0
_Sky_3296581333 2007 "Sky positions from PS1" 132.92042014827962 1.0995913720449098 1800.0 1 L r 20046719486 nan nan nan nan nan nan nan nan nan nan nan nan nan nan nan nan nan nan nan nan nan nan 1e-07 1e-07 0.0 0.0 0.0 0.0 2 0
_Sky_3296558312 2007 "Sky positions from PS1" 132.92076337493128 1.143412173713838 1800.0 1 L r 20046696465 nan nan nan nan nan nan nan nan nan nan nan nan nan nan nan nan nan nan nan nan nan nan 1e-07 1e-07 0.0 0.0 0.0 0.0 2 0
_Sky_3296545010 2007 "Sky positions from PS1" 132.9922644090219 1.1449746352725163 1800.0 1 L r 20046683163 nan nan nan nan nan nan nan nan nan nan nan nan nan nan nan nan nan nan nan nan nan nan 1e-07 1e-07 0.0 0.0 0.0 0.0 2 0
_Sky_3296563089 2007 "Sky positions from PS1" 132.9568202301854 1.1662367308682788 1800.0 1 L r 20046701242 nan nan nan nan nan nan nan nan nan nan nan nan nan nan nan nan nan nan nan nan nan nan 1e-07 1e-07 0.0 0.0 0.0 0.0 2 0
_Sky_3296560003 2007 "Sky positions from PS1" 132.93381492804687 1.2082556153260122 1800.0 1 L r 20046698156 nan nan nan nan nan nan nan nan nan nan nan nan nan nan nan nan nan nan nan nan nan nan 1e-07 1e-07 0.0 0.0 0.0 0.0 2 0
_Sky_3296543379 2007 "Sky positions from PS1" 132.95719128792462 1.2099527382391717 1800.0 1 L r 20046681532 nan nan nan nan nan nan nan nan nan nan nan nan nan nan nan nan nan nan nan nan nan nan 1e-07 1e-07 0.0 0.0 0.0 0.0 2 0
_Sky_3296570230 2007 "Sky positions from PS1" 133.01789914474364 1.231691937306223 1800.0 1 L r 20046708383 nan nan nan nan nan nan nan nan nan nan nan nan nan nan nan nan nan nan nan nan nan nan 1e-07 1e-07 0.0 0.0 0.0 0.0 2 0
_Sky_3296554091 2007 "Sky positions from PS1" 133.01856427565622 1.271689751622626 1800.0 1 L r 20046692244 nan nan nan nan nan nan nan nan nan nan nan nan nan nan nan nan nan nan nan nan nan nan 1e-07 1e-07 0.0 0.0 0.0 0.0 2 0
_Sky_3296540803 2007 "Sky positions from PS1" 133.04156186329786 1.1480963264504684 1800.0 1 L r 20046678956 nan nan nan nan nan nan nan nan nan nan nan nan nan nan nan nan nan nan nan nan nan nan 1e-07 1e-07 0.0 0.0 0.0 0.0 2 0
_Sky_3296565216 2007 "Sky positions from PS1" 133.04415147648297 1.272287433472514 1800.0 1 L r 20046703369 nan nan nan nan nan nan nan nan nan nan nan nan nan nan nan nan nan nan nan nan nan nan 1e-07 1e-07 0.0 0.0 0.0 0.0 2 0
_Sky_3296547529 2007 "Sky positions from PS1" 133.05602536951167 1.294426102634222 1800.0 1 L r 20046685682 nan nan nan nan nan nan nan nan nan nan nan nan nan nan nan nan nan nan nan nan nan nan 1e-07 1e-07 0.0 0.0 0.0 0.0 2 0
_Sky_3296554608 2007 "Sky positions from PS1" 133.06752076194235 1.27376575313985 1800.0 1 L r 20046692761 nan nan nan nan nan nan nan nan nan nan nan nan nan nan nan nan nan nan nan nan nan nan 1e-07 1e-07 0.0 0.0 0.0 0.0 2 0
_Sky_3296579816 2007 "Sky positions from PS1" 133.07733596261735 1.2957545153596544 1800.0 1 L r 20046717969 nan nan nan nan nan nan nan nan nan nan nan nan nan nan nan nan nan nan nan nan nan nan 1e-07 1e-07 0.0 0.0 0.0 0.0 2 0
_Sky_3296545094 2007 "Sky positions from PS1" 133.1272117343366 1.296606635046971 1800.0 1 L r 20046683247 nan nan nan nan nan nan nan nan nan nan nan nan nan nan nan nan nan nan nan nan nan nan 1e-07 1e-07 0.0 0.0 0.0 0.0 2 0
_Sky_3296498026 2007 "Sky positions from PS1" 131.827878890227 1.3768392444302753 1800.0 1 L r 20044584758 nan nan nan nan nan nan nan nan nan nan nan nan nan nan nan nan nan nan nan nan nan nan 1e-07 1e-07 0.0 0.0 0.0 0.0 2 0
_Sky_3296515478 2007 "Sky positions from PS1" 131.90976135084858 1.3560945306397003 1800.0 1 L r 20044602210 nan nan nan nan nan nan nan nan nan nan nan nan nan nan nan nan nan nan nan nan nan nan 1e-07 1e-07 0.0 0.0 0.0 0.0 2 0
_Sky_3296499951 2007 "Sky positions from PS1" 131.93406632302774 1.398679700981711 1800.0 1 L r 20044586683 nan nan nan nan nan nan nan nan nan nan nan nan nan nan nan nan nan nan nan nan nan nan 1e-07 1e-07 0.0 0.0 0.0 0.0 2 0
_Sky_3296501461 2007 "Sky positions from PS1" 131.89867537639088 1.4201021726307796 1800.0 1 L r 20044588193 nan nan nan nan nan nan nan nan nan nan nan nan nan nan nan nan nan nan nan nan nan nan 1e-07 1e-07 0.0 0.0 0.0 0.0 2 0
_Sky_3306540421 2007 "Sky positions from PS1" 131.9215269943078 1.5066719094443537 1800.0 1 L r 20554229994 nan nan nan nan nan nan nan nan nan nan nan nan nan nan nan nan nan nan nan nan nan nan 1e-07 1e-07 0.0 0.0 0.0 0.0 2 0
_Sky_3296499342 2007 "Sky positions from PS1" 131.94589312706165 1.3764192245630942 1800.0 1 L r 20044586074 nan nan nan nan nan nan nan nan nan nan nan nan nan nan nan nan nan nan nan nan nan nan 1e-07 1e-07 0.0 0.0 0.0 0.0 2 0
_Sky_3296520204 2007 "Sky positions from PS1" 132.00590723420473 1.3999843678779538 1800.0 1 L r 20044606936 nan nan nan nan nan nan nan nan nan nan nan nan nan nan nan nan nan nan nan nan nan nan 1e-07 1e-07 0.0 0.0 0.0 0.0 2 0
_Sky_3296515944 2007 "Sky positions from PS1" 131.9559325799404 1.4413470021725454 1800.0 1 L r 20044602676 nan nan nan nan nan nan nan nan nan nan nan nan nan nan nan nan nan nan nan nan nan nan 1e-07 1e-07 0.0 0.0 0.0 0.0 2 0
_Sky_3296533054 2007 "Sky positions from PS1" 131.97065681437988 1.4625638123522977 1800.0 1 L r 20044619786 nan nan nan nan nan nan nan nan nan nan nan nan nan nan nan nan nan nan nan nan nan nan 1e-07 1e-07 0.0 0.0 0.0 0.0 2 0
_Sky_3296536031 2007 "Sky positions from PS1" 132.04289373995206 1.42077075347059 1800.0 1 L r 20044622763 nan nan nan nan nan nan nan nan nan nan nan nan nan nan nan nan nan nan nan nan nan nan 1e-07 1e-07 0.0 0.0 0.0 0.0 2 0
_Sky_3296514147 2007 "Sky positions from PS1" 132.05367122631668 1.4402407465384548 1800.0 1 L r 20044600879 nan nan nan nan nan nan nan nan nan nan nan nan nan nan nan nan nan nan nan nan nan nan 1e-07 1e-07 0.0 0.0 0.0 0.0 2 0
_Sky_3296510442 2007 "Sky positions from PS1" 132.052377870806 1.4847249793525026 1800.0 1 L r 20044597174 nan nan nan nan nan nan nan nan nan nan nan nan nan nan nan nan nan nan nan nan nan nan 1e-07 1e-07 0.0 0.0 0.0 0.0 2 0
_Sky_3296523960 2007 "Sky positions from PS1" 132.0678309422787 1.3341061602868516 1800.0 1 L r 20044610692 nan nan nan nan nan nan nan nan nan nan nan nan nan nan nan nan nan nan nan nan nan nan 1e-07 1e-07 0.0 0.0 0.0 0.0 2 0
_Sky_3296530022 2007 "Sky positions from PS1" 132.1141069227417 1.3348021113860966 1800.0 1 L r 20044616754 nan nan nan nan nan nan nan nan nan nan nan nan nan nan nan nan nan nan nan nan nan nan 1e-07 1e-07 0.0 0.0 0.0 0.0 2 0
_Sky_3296497534 2007 "Sky positions from PS1" 132.15371976400303 1.3560854109759268 1800.0 1 L r 20044584266 nan nan nan nan nan nan nan nan nan nan nan nan nan nan nan nan nan nan nan nan nan nan 1e-07 1e-07 0.0 0.0 0.0 0.0 2 0
_Sky_3296499750 2007 "Sky positions from PS1" 132.1768126807197 1.356271042426349 1800.0 1 L r 20044586482 nan nan nan nan nan nan nan nan nan nan nan nan nan nan nan nan nan nan nan nan nan nan 1e-07 1e-07 0.0 0.0 0.0 0.0 2 0
_Sky_3296507497 2007 "Sky positions from PS1" 132.06652417233383 1.4630596056650758 1800.0 1 L r 20044594229 nan nan nan nan nan nan nan nan nan nan nan nan nan nan nan nan nan nan nan nan nan nan 1e-07 1e-07 0.0 0.0 0.0 0.0 2 0
_Sky_3296534169 2007 "Sky positions from PS1" 132.12756473447843 1.4419984400383743 1800.0 1 L r 20044620901 nan nan nan nan nan nan nan nan nan nan nan nan nan nan nan nan nan nan nan nan nan nan 1e-07 1e-07 0.0 0.0 0.0 0.0 2 0
_Sky_3296525998 2007 "Sky positions from PS1" 132.17498487588003 1.444540814651546 1800.0 1 L r 20044612730 nan nan nan nan nan nan nan nan nan nan nan nan nan nan nan nan nan nan nan nan nan nan 1e-07 1e-07 0.0 0.0 0.0 0.0 2 0
_Sky_3296503565 2007 "Sky positions from PS1" 132.16412790307157 1.4643720025784472 1800.0 1 L r 20044590297 nan nan nan nan nan nan nan nan nan nan nan nan nan nan nan nan nan nan nan nan nan nan 1e-07 1e-07 0.0 0.0 0.0 0.0 2 0
_Sky_3306521897 2007 "Sky positions from PS1" 131.9819274332169 1.5707829195382692 1800.0 1 L r 20554211470 nan nan nan nan nan nan nan nan nan nan nan nan nan nan nan nan nan nan nan nan nan nan 1e-07 1e-07 0.0 0.0 0.0 0.0 2 0
_Sky_3306529464 2007 "Sky positions from PS1" 132.00596938611275 1.5694638067731446 1800.0 1 L r 20554219037 nan nan nan nan nan nan nan nan nan nan nan nan nan nan nan nan nan nan nan nan nan nan 1e-07 1e-07 0.0 0.0 0.0 0.0 2 0
_Sky_3306505980 2007 "Sky positions from PS1" 131.9450348314308 1.633771209084992 1800.0 1 L r 20554195553 nan nan nan nan nan nan nan nan nan nan nan nan nan nan nan nan nan nan nan nan nan nan 1e-07 1e-07 0.0 0.0 0.0 0.0 2 0
_Sky_3306499377 2007 "Sky positions from PS1" 131.96928481363196 1.6344957434857463 1800.0 1 L r 20554188950 nan nan nan nan nan nan nan nan nan nan nan nan nan nan nan nan nan nan nan nan nan nan 1e-07 1e-07 0.0 0.0 0.0 0.0 2 0
_Sky_3306498978 2007 "Sky positions from PS1" 132.01761100904355 1.5914263841292189 1800.0 1 L r 20554188551 nan nan nan nan nan nan nan nan nan nan nan nan nan nan nan nan nan nan nan nan nan nan 1e-07 1e-07 0.0 0.0 0.0 0.0 2 0
_Sky_3306498246 2007 "Sky positions from PS1" 132.02943068838405 1.6136141900487253 1800.0 1 L r 20554187819 nan nan nan nan nan nan nan nan nan nan nan nan nan nan nan nan nan nan nan nan nan nan 1e-07 1e-07 0.0 0.0 0.0 0.0 2 0
