output/Jan25/final_nf_input/field_b_L1_visit2_final_targets.ecsv
# %ECSV 1.0
# ---
# datatype:
# - {name: ob_code, datatype: string}
# - {name: catId, datatype: int32}
# - {name: description, datatype: string}
# - {name: R.A., datatype: float64}
# - {name: Dec., datatype: float64}
# - {name: Exposure Time, datatype: float64}
# - {name: Priority, datatype: int32}
# - {name: resolution, datatype: string}
# - {name: reference_arm, datatype: string}
# - {name: ID, datatype: int64}
# - {name: g_hsc, datatype: float64}
# - {name: g_hsc_err, datatype: float64}
# - {name: r2_hsc, datatype: float64}
# - {name: r2_hsc_err, datatype: float64}
# - {name: i2_hsc, datatype: float64}
# - {name: i2_hsc_err, datatype: float64}
# - {name: z_hsc, datatype: float64}
# - {name: z_hsc_err, datatype: float64}
# - {name: y_hsc, datatype: float64}
# - {name: y_hsc_err, datatype: float64}
# - {name: epoch, datatype: float64}
# - {name: input_catalog_id, datatype: float64}
# - {name: psf_flux_g, datatype: float64}
# - {name: psf_flux_error_g, datatype: float64}
# - {name: psf_flux_r, datatype: float64}
# - {name: psf_flux_error_r, datatype: float64}
# - {name: psf_flux_i, datatype: float64}
# - {name: psf_flux_error_i, datatype: float64}
# - {name: psf_flux_z, datatype: float64}
# - {name: psf_flux_error_z, datatype: float64}
# - {name: psf_flux_y, datatype: float64}
# - {name: psf_flux_error_y, datatype: float64}
# - {name: parallax, datatype: float64}
# - {name: parallax_error, datatype: float64}
# - {name: pmra, datatype: float64}
# - {name: pmra_error, datatype: float64}
# - {name: pmdec, datatype: float64}
# - {name: pmdec_error, datatype: float64}
# - {name: target_type, datatype: int32}
# - {name: stage, datatype: int32}
# schema: astropy-2.0
ob_code catId description R.A. Dec. "Exposure Time" Priority resolution reference_arm ID g_hsc g_hsc_err r2_hsc r2_hsc_err i2_hsc i2_hsc_err z_hsc z_hsc_err y_hsc y_hsc_err epoch input_catalog_id psf_flux_g psf_flux_error_g psf_flux_r psf_flux_error_r psf_flux_i psf_flux_error_i psf_flux_z psf_flux_error_z psf_flux_y psf_flux_error_y parallax parallax_error pmra pmra_error pmdec pmdec_error target_type stage
[from data line 978]
_Cos_41759872529749998 11 "HSC-SSP Public Data Release 4 (Wide)" 38.665432186020396 0.3563770710357843 1800.0 1 L r 41759872529749998 646.7414 21.459637 822.3343 28.924995 987.4903 35.22828 1347.2317 81.856064 896.0956 113.45595 nan nan nan nan nan nan nan nan nan nan nan nan 1e-07 1e-07 0.0 0.0 0.0 0.0 1 0
_Cos_41759872529751432 11 "HSC-SSP Public Data Release 4 (Wide)" 38.70731747192182 0.388118951047079 1800.0 1 L r 41759872529751432 1115.2738 24.317463 1345.2051 45.158463 1439.0824 38.425697 1379.1832 80.36749 1656.1221 193.06387 nan nan nan nan nan nan nan nan nan nan nan nan 1e-07 1e-07 0.0 0.0 0.0 0.0 1 0
_Cos_41759872529751821 11 "HSC-SSP Public Data Release 4 (Wide)" 38.68136968970897 0.3999786517082304 1800.0 1 L r 41759872529751821 589.1432 18.3129 708.2445 30.002388 1115.4381 30.758791 1362.3289 62.702576 1905.5099 133.78656 nan nan nan nan nan nan nan nan nan nan nan nan 1e-07 1e-07 0.0 0.0 0.0 0.0 1 0
_Cos_41759872529752262 11 "HSC-SSP Public Data Release 4 (Wide)" 38.785514498443796 0.40626515901658294 1800.0 1 L r 41759872529752262 808.2717 24.572126 1389.4822 47.661076 2746.401 46.01664 5447.899 93.945175 5362.818 183.19717 nan nan nan nan nan nan nan nan nan nan nan nan 1e-07 1e-07 0.0 0.0 0.0 0.0 1 0
_Cos_41759872529752335 11 "HSC-SSP Public Data Release 4 (Wide)" 38.65903144943085 0.4072171030118775 1800.0 1 L r 41759872529752335 681.7686 18.678267 871.66797 27.012104 981.6312 31.3445 1247.4985 71.14274 1350.3523 188.2371 nan nan nan nan nan nan nan nan nan nan nan nan 1e-07 1e-07 0.0 0.0 0.0 0.0 1 0
_Cos_41759872529752360 11 "HSC-SSP Public Data Release 4 (Wide)" 38.737741674206504 0.4088365808843488 1800.0 1 L r 41759872529752360 1488.5935 17.881468 1544.4484 27.57771 1708.5792 31.795101 2286.2708 59.92365 2238.1213 146.74585 nan nan nan nan nan nan nan nan nan nan nan nan 1e-07 1e-07 0.0 0.0 0.0 0.0 1 0
_Cos_41759872529752617 11 "HSC-SSP Public Data Release 4 (Wide)" 38.661817389076425 0.4134610508114947 1800.0 1 L r 41759872529752617 1051.3918 27.02465 1073.4071 44.487186 1415.9976 46.893166 1514.0262 104.13707 2290.8213 253.3349 nan nan nan nan nan nan nan nan nan nan nan nan 1e-07 1e-07 0.0 0.0 0.0 0.0 1 0
_Cos_41759872529753328 11 "HSC-SSP Public Data Release 4 (Wide)" 38.73263999765221 0.4288358947810262 1800.0 1 L r 41759872529753328 894.81635 28.996893 953.31696 55.69252 3376.865 62.880013 7209.3228 113.292435 8149.8574 243.78699 nan nan nan nan nan nan nan nan nan nan nan nan 1e-07 1e-07 0.0 0.0 0.0 0.0 1 0
_Cos_41759872529753800 11 "HSC-SSP Public Data Release 4 (Wide)" 38.72384786615004 0.4436074096434007 1800.0 1 L r 41759872529753800 780.25586 18.484821 961.4491 32.410526 1305.6256 34.821613 1850.9542 77.78312 2440.8997 181.0834 nan nan nan nan nan nan nan nan nan nan nan nan 1e-07 1e-07 0.0 0.0 0.0 0.0 1 0
_Cos_41759872529754175 11 "HSC-SSP Public Data Release 4 (Wide)" 38.699298141557904 0.4476370024935163 1800.0 1 L r 41759872529754175 522.5802 31.912024 868.4172 47.72217 1859.6421 31.163343 3710.925 69.57889 4856.4385 139.08533 nan nan nan nan nan nan nan nan nan nan nan nan 1e-07 1e-07 0.0 0.0 0.0 0.0 1 0
_Cos_41759872529754300 11 "HSC-SSP Public Data Release 4 (Wide)" 38.678356230660235 0.4587059478264861 1800.0 1 L r 41759872529754300 1191.691 45.50954 797.95514 41.65612 1119.1588 49.343822 1536.7527 90.47667 2253.7778 211.64555 nan nan nan nan nan nan nan nan nan nan nan nan 1e-07 1e-07 0.0 0.0 0.0 0.0 1 0
_Cos_41759872529754705 11 "HSC-SSP Public Data Release 4 (Wide)" 38.6579560271359 0.4597714325257812 1800.0 1 L r 41759872529754705 798.9259 27.612432 1275.8379 40.608757 2097.0085 47.329445 3633.73 103.0658 3970.8528 237.03198 nan nan nan nan nan nan nan nan nan nan nan nan 1e-07 1e-07 0.0 0.0 0.0 0.0 1 0
_Cos_41759876824695005 11 "HSC-SSP Public Data Release 4 (Wide)" 38.69778922877598 0.4650678174613533 1800.0 1 L r 41759876824695005 696.2075 22.213688 942.4373 36.02361 1247.2155 34.196175 2072.193 74.100494 2001.9856 139.00899 nan nan nan nan nan nan nan nan nan nan nan nan 1e-07 1e-07 0.0 0.0 0.0 0.0 1 0
_Cos_41759876824696245 11 "HSC-SSP Public Data Release 4 (Wide)" 38.76125558000165 0.4982371714851378 1800.0 1 L r 41759876824696245 790.49567 19.456108 963.6511 25.328646 1251.6737 32.50687 1607.5806 59.87706 2286.4995 145.09727 nan nan nan nan nan nan nan nan nan nan nan nan 1e-07 1e-07 0.0 0.0 0.0 0.0 1 0
_Cos_41759876824697417 11 "HSC-SSP Public Data Release 4 (Wide)" 38.61901707528217 0.5312186720188202 1800.0 1 L r 41759876824697417 911.21295 22.913609 1011.0947 28.525566 1011.17035 31.381319 1478.8003 67.74463 1589.0055 149.74191 nan nan nan nan nan nan nan nan nan nan nan nan 1e-07 1e-07 0.0 0.0 0.0 0.0 1 0
_Cos_41759876824698006 11 "HSC-SSP Public Data Release 4 (Wide)" 38.73612237841192 0.5460467743666714 1800.0 1 L r 41759876824698006 1095.7152 22.817804 1144.348 30.518557 1398.1914 39.99384 1458.061 84.38624 1783.7582 175.95036 nan nan nan nan nan nan nan nan nan nan nan nan 1e-07 1e-07 0.0 0.0 0.0 0.0 1 0
_Cos_41759876824698702 11 "HSC-SSP Public Data Release 4 (Wide)" 38.7834054853777 0.5628569800329627 1800.0 1 L r 41759876824698702 673.0147 28.236034 644.49994 37.52655 993.4341 49.500282 718.1641 63.27805 987.7211 227.23561 nan nan nan nan nan nan nan nan nan nan nan nan 1e-07 1e-07 0.0 0.0 0.0 0.0 1 0
_Cos_41759876824699228 11 "HSC-SSP Public Data Release 4 (Wide)" 38.7398947541655 0.5752833578016854 1800.0 1 L r 41759876824699228 384.83722 27.413597 455.15704 41.175995 1429.9182 56.96743 1710.2073 103.798805 1884.5895 245.33818 nan nan nan nan nan nan nan nan nan nan nan nan 1e-07 1e-07 0.0 0.0 0.0 0.0 1 0
_Cos_41759876824700240 11 "HSC-SSP Public Data Release 4 (Wide)" 38.77180233573863 0.6004600899334619 1800.0 1 L r 41759876824700240 358.4744 23.762493 445.9267 31.429531 962.64716 36.17676 1127.6744 78.02725 1040.1501 170.63402 nan nan nan nan nan nan nan nan nan nan nan nan 1e-07 1e-07 0.0 0.0 0.0 0.0 1 0
_Cos_41759876824701181 11 "HSC-SSP Public Data Release 4 (Wide)" 38.62447224719533 0.6248504229488837 1800.0 1 L r 41759876824701181 715.8397 18.741217 762.1094 27.819624 921.5497 33.86002 1145.4382 70.08503 1482.7161 131.75052 nan nan nan nan nan nan nan nan nan nan nan nan 1e-07 1e-07 0.0 0.0 0.0 0.0 1 0
_Cos_41759876824701541 11 "HSC-SSP Public Data Release 4 (Wide)" 38.70131608616183 0.6342103475874924 1800.0 1 L r 41759876824701541 722.3463 20.283394 908.7058 27.802822 917.02747 32.97865 1159.0215 67.909805 1116.124 134.64487 nan nan nan nan nan nan nan nan nan nan nan nan 1e-07 1e-07 0.0 0.0 0.0 0.0 1 0
_Cos_41759876824701575 11 "HSC-SSP Public Data Release 4 (Wide)" 38.62297203795949 0.6352026877866765 1800.0 1 L r 41759876824701575 904.0772 23.047655 1153.9612 34.93476 1412.5941 51.194683 1422.2927 91.13261 2677.1418 258.86057 nan nan nan nan nan nan nan nan nan nan nan nan 1e-07 1e-07 0.0 0.0 0.0 0.0 1 0
_Cos_41759876824702037 11 "HSC-SSP Public Data Release 4 (Wide)" 38.70437218875921 0.6474280609246656 1800.0 1 L r 41759876824702037 554.0198 20.609924 784.22296 26.806353 1520.3556 34.718277 2001.394 60.16162 3259.6646 207.72548 nan nan nan nan nan nan nan nan nan nan nan nan 1e-07 1e-07 0.0 0.0 0.0 0.0 1 0
_Cos_41759876824713990 11 "HSC-SSP Public Data Release 4 (Wide)" 38.78109948671985 0.47478649716935695 1800.0 1 L r 41759876824713990 916.8735 22.904356 1124.8069 33.817436 1195.8486 41.347214 1679.2704 77.845695 1722.2212 161.94572 nan nan nan nan nan nan nan nan nan nan nan nan 1e-07 1e-07 0.0 0.0 0.0 0.0 1 0
_Cos_41759876824714546 11 "HSC-SSP Public Data Release 4 (Wide)" 38.78584927625507 0.4915035364893642 1800.0 1 L r 41759876824714546 1283.575 23.509806 1818.7502 31.554293 3052.0835 36.750378 3800.2407 76.311424 4092.0164 181.79861 nan nan nan nan nan nan nan nan nan nan nan nan 1e-07 1e-07 0.0 0.0 0.0 0.0 1 0
_Cos_41759876824715009 11 "HSC-SSP Public Data Release 4 (Wide)" 38.6966208012995 0.5033749433021122 1800.0 1 L r 41759876824715009 1381.1871 32.956806 1883.6259 53.930466 2159.2942 54.200493 3340.2004 101.67907 4105.2856 227.48776 nan nan nan nan nan nan nan nan nan nan nan nan 1e-07 1e-07 0.0 0.0 0.0 0.0 1 0
_Cos_41759876824715469 11 "HSC-SSP Public Data Release 4 (Wide)" 38.65608279863949 0.5176063913720286 1800.0 1 L r 41759876824715469 728.8291 33.86792 843.5096 47.9864 928.2997 41.06169 1069.3627 84.04557 1375.3584 208.49289 nan nan nan nan nan nan nan nan nan nan nan nan 1e-07 1e-07 0.0 0.0 0.0 0.0 1 0
_Cos_41759876824715504 11 "HSC-SSP Public Data Release 4 (Wide)" 38.63796535956062 0.5182107233376395 1800.0 1 L r 41759876824715504 636.83923 26.017157 970.0462 31.065252 1810.6848 35.2075 2565.2852 73.97872 3794.0754 137.46526 nan nan nan nan nan nan nan nan nan nan nan nan 1e-07 1e-07 0.0 0.0 0.0 0.0 1 0
_Cos_41759876824715548 11 "HSC-SSP Public Data Release 4 (Wide)" 38.792692892064935 0.519180783105481 1800.0 1 L r 41759876824715548 306.88327 18.943102 406.97647 21.6194 1103.3702 40.338165 1788.4598 74.69153 2229.0098 136.94742 nan nan nan nan nan nan nan nan nan nan nan nan 1e-07 1e-07 0.0 0.0 0.0 0.0 1 0
_Cos_41759876824716092 11 "HSC-SSP Public Data Release 4 (Wide)" 38.743208381197974 0.5344967619453581 1800.0 1 L r 41759876824716092 697.6227 21.677345 695.06226 28.457312 1150.9443 55.340565 1652.6144 104.070244 1843.6764 219.5711 nan nan nan nan nan nan nan nan nan nan nan nan 1e-07 1e-07 0.0 0.0 0.0 0.0 1 0
_Cos_41759876824716178 11 "HSC-SSP Public Data Release 4 (Wide)" 38.68714391843274 0.5370480656907357 1800.0 1 L r 41759876824716178 563.3631 23.824106 688.1159 30.579792 969.0751 37.590214 1279.2385 88.53103 1232.2769 171.04602 nan nan nan nan nan nan nan nan nan nan nan nan 1e-07 1e-07 0.0 0.0 0.0 0.0 1 0
_Cos_41759876824716235 11 "HSC-SSP Public Data Release 4 (Wide)" 38.73557158699405 0.5376886781453167 1800.0 1 L r 41759876824716235 590.0897 22.332983 703.1623 29.27794 1256.7695 52.08385 1834.879 99.38797 3089.566 233.5844 nan nan nan nan nan nan nan nan nan nan nan nan 1e-07 1e-07 0.0 0.0 0.0 0.0 1 0
_Cos_41759876824716257 11 "HSC-SSP Public Data Release 4 (Wide)" 38.650130457885055 0.5380030936634981 1800.0 1 L r 41759876824716257 439.42105 23.457901 567.0475 29.778616 1038.7976 31.704803 1934.8247 85.616875 1442.9003 149.6968 nan nan nan nan nan nan nan nan nan nan nan nan 1e-07 1e-07 0.0 0.0 0.0 0.0 1 0
_Cos_41759876824716387 11 "HSC-SSP Public Data Release 4 (Wide)" 38.79413915760367 0.541001576312504 1800.0 1 L r 41759876824716387 584.75397 35.060207 793.9258 47.218914 1043.2646 58.93535 1074.3649 100.88012 2423.5376 238.22452 nan nan nan nan nan nan nan nan nan nan nan nan 1e-07 1e-07 0.0 0.0 0.0 0.0 1 0
_Cos_41759876824716593 11 "HSC-SSP Public Data Release 4 (Wide)" 38.613467403544846 0.5472974074980037 1800.0 1 L r 41759876824716593 473.61887 26.294205 521.12537 32.654186 995.6329 31.822899 1638.516 88.76564 1232.0956 145.74738 nan nan nan nan nan nan nan nan nan nan nan nan 1e-07 1e-07 0.0 0.0 0.0 0.0 1 0
_Cos_41759876824716637 11 "HSC-SSP Public Data Release 4 (Wide)" 38.67369141240078 0.5479865307008717 1800.0 1 L r 41759876824716637 1818.7805 37.774147 2126.4817 49.89498 3602.8933 54.24672 4757.4976 125.31577 4987.258 217.0651 nan nan nan nan nan nan nan nan nan nan nan nan 1e-07 1e-07 0.0 0.0 0.0 0.0 1 0
_Cos_41759876824716804 11 "HSC-SSP Public Data Release 4 (Wide)" 38.64196261154849 0.5517985016113444 1800.0 1 L r 41759876824716804 544.82587 18.92725 704.9768 20.64882 1593.6193 26.831343 1771.4624 53.725777 1896.3816 111.696785 nan nan nan nan nan nan nan nan nan nan nan nan 1e-07 1e-07 0.0 0.0 0.0 0.0 1 0
_Cos_41759876824717038 11 "HSC-SSP Public Data Release 4 (Wide)" 38.79846278080906 0.5562509063758858 1800.0 1 L r 41759876824717038 852.8419 24.902603 1160.3656 41.589294 1367.216 42.71453 2177.5493 87.36319 2681.5955 178.68921 nan nan nan nan nan nan nan nan nan nan nan nan 1e-07 1e-07 0.0 0.0 0.0 0.0 1 0
_Cos_41759876824717122 11 "HSC-SSP Public Data Release 4 (Wide)" 38.70598141089085 0.5573248045497748 1800.0 1 L r 41759876824717122 371.64783 21.10145 511.17264 24.37949 1081.4261 32.466118 1700.2468 68.96056 3070.7705 151.4347 nan nan nan nan nan nan nan nan nan nan nan nan 1e-07 1e-07 0.0 0.0 0.0 0.0 1 0
_Cos_41759876824717189 11 "HSC-SSP Public Data Release 4 (Wide)" 38.75404995083646 0.5601433184278036 1800.0 1 L r 41759876824717189 660.6689 40.644096 798.286 41.495953 1616.8164 47.48214 2303.8474 82.56283 2417.297 193.7659 nan nan nan nan nan nan nan nan nan nan nan nan 1e-07 1e-07 0.0 0.0 0.0 0.0 1 0
_Cos_41759876824717692 11 "HSC-SSP Public Data Release 4 (Wide)" 38.705875394232486 0.5712772899308219 1800.0 1 L r 41759876824717692 229.45525 30.106495 353.94458 20.301046 2654.053 67.66044 15138.699 425.27158 1617.0109 164.75455 nan nan nan nan nan nan nan nan nan nan nan nan 1e-07 1e-07 0.0 0.0 0.0 0.0 1 0
_Cos_41759876824717861 11 "HSC-SSP Public Data Release 4 (Wide)" 38.63086313403515 0.5757956726052308 1800.0 1 L r 41759876824717861 856.83185 69.83357 358.41882 38.38702 3054.9507 58.91195 8401.429 179.0636 5746.9663 194.10301 nan nan nan nan nan nan nan nan nan nan nan nan 1e-07 1e-07 0.0 0.0 0.0 0.0 1 0
_Cos_41759876824717997 11 "HSC-SSP Public Data Release 4 (Wide)" 38.639317191983714 0.5787985312955007 1800.0 1 L r 41759876824717997 593.5768 30.141468 784.58875 35.748055 1308.0447 31.688372 1828.78 70.41087 1705.6234 146.28996 nan nan nan nan nan nan nan nan nan nan nan nan 1e-07 1e-07 0.0 0.0 0.0 0.0 1 0
_Cos_41759876824718052 11 "HSC-SSP Public Data Release 4 (Wide)" 38.65492178804256 0.5800609693324962 1800.0 1 L r 41759876824718052 682.1213 27.877771 974.91595 33.023815 1388.3572 32.64231 2303.2925 77.8709 2895.4438 184.60815 nan nan nan nan nan nan nan nan nan nan nan nan 1e-07 1e-07 0.0 0.0 0.0 0.0 1 0
_Cos_41759876824718253 11 "HSC-SSP Public Data Release 4 (Wide)" 38.7008115215089 0.5850833581660575 1800.0 1 L r 41759876824718253 694.87854 25.222464 942.756 39.587894 1563.0403 34.238247 1750.0798 70.3297 1776.0096 190.26447 nan nan nan nan nan nan nan nan nan nan nan nan 1e-07 1e-07 0.0 0.0 0.0 0.0 1 0
_Cos_41759876824718693 11 "HSC-SSP Public Data Release 4 (Wide)" 38.787372857927565 0.5964969057241847 1800.0 1 L r 41759876824718693 727.44617 27.694998 913.21924 36.51845 1002.67017 37.772816 1127.2294 82.803696 1266.5387 207.88945 nan nan nan nan nan nan nan nan nan nan nan nan 1e-07 1e-07 0.0 0.0 0.0 0.0 1 0
_Cos_41759876824718833 11 "HSC-SSP Public Data Release 4 (Wide)" 38.73700106083796 0.5996078523263433 1800.0 1 L r 41759876824718833 837.2274 25.129593 915.259 38.886646 1087.5818 43.365383 1204.1427 85.150406 876.8026 194.45142 nan nan nan nan nan nan nan nan nan nan nan nan 1e-07 1e-07 0.0 0.0 0.0 0.0 1 0
_Cos_41759876824718890 11 "HSC-SSP Public Data Release 4 (Wide)" 38.70087022794874 0.6018256467284986 1800.0 1 L r 41759876824718890 690.712 38.075478 597.51764 37.64941 994.49774 39.76496 1182.6787 73.09997 816.43 124.51298 nan nan nan nan nan nan nan nan nan nan nan nan 1e-07 1e-07 0.0 0.0 0.0 0.0 1 0
_Cos_41759876824719434 11 "HSC-SSP Public Data Release 4 (Wide)" 38.73538509074245 0.6137225607137701 1800.0 1 L r 41759876824719434 1978.381 22.466892 2355.367 31.18687 3419.2505 36.394062 4424.354 78.25647 4777.331 168.89622 nan nan nan nan nan nan nan nan nan nan nan nan 1e-07 1e-07 0.0 0.0 0.0 0.0 1 0
_Cos_41759876824719537 11 "HSC-SSP Public Data Release 4 (Wide)" 38.79312495324242 0.6147009847809883 1800.0 1 L r 41759876824719537 498.0805 29.133547 598.3035 35.26604 981.1484 40.84341 1422.077 72.63302 1851.0289 167.20396 nan nan nan nan nan nan nan nan nan nan nan nan 1e-07 1e-07 0.0 0.0 0.0 0.0 1 0
_Cos_41759876824719566 11 "HSC-SSP Public Data Release 4 (Wide)" 38.755416414902115 0.6151139639193169 1800.0 1 L r 41759876824719566 455.69363 24.259245 207.20901 24.859114 1679.7485 84.153 2290.1206 115.21209 3093.8665 239.69806 nan nan nan nan nan nan nan nan nan nan nan nan 1e-07 1e-07 0.0 0.0 0.0 0.0 1 0
