output/Jan25/final_nf_input/field_a_L1_visit2_final_targets.ecsv
# %ECSV 1.0
# ---
# datatype:
# - {name: ob_code, datatype: string}
# - {name: catId, datatype: int32}
# - {name: description, datatype: string}
# - {name: R.A., datatype: float64}
# - {name: Dec., datatype: float64}
# - {name: Exposure Time, datatype: float64}
# - {name: Priority, datatype: int32}
# - {name: resolution, datatype: string}
# - {name: reference_arm, datatype: string}
# - {name: ID, datatype: int64}
# - {name: g_hsc, datatype: float64}
# - {name: g_hsc_err, datatype: float64}
# - {name: r2_hsc, datatype: float64}
# - {name: r2_hsc_err, datatype: float64}
# - {name: i2_hsc, datatype: float64}
# - {name: i2_hsc_err, datatype: float64}
# - {name: z_hsc, datatype: float64}
# - {name: z_hsc_err, datatype: float64}
# - {name: y_hsc, datatype: float64}
# - {name: y_hsc_err, datatype: float64}
# - {name: epoch, datatype: float64}
# - {name: input_catalog_id, datatype: float64}
# - {name: psf_flux_g, datatype: float64}
# - {name: psf_flux_error_g, datatype: float64}
# - {name: psf_flux_r, datatype: float64}
# - {name: psf_flux_error_r, datatype: float64}
# - {name: psf_flux_i, datatype: float64}
# - {name: psf_flux_error_i, datatype: float64}
# - {name: psf_flux_z, datatype: float64}
# - {name: psf_flux_error_z, datatype: float64}
# - {name: psf_flux_y, datatype: float64}
# - {name: psf_flux_error_y, datatype: float64}
# - {name: parallax, datatype: float64}
# - {name: parallax_error, datatype: float64}
# - {name: pmra, datatype: float64}
# - {name: pmra_error, datatype: float64}
# - {name: pmdec, datatype: float64}
# - {name: pmdec_error, datatype: float64}
# - {name: target_type, datatype: int32}
# - {name: stage, datatype: int32}
# schema: astropy-2.0
ob_code catId description R.A. Dec. "Exposure Time" Priority resolution reference_arm ID g_hsc g_hsc_err r2_hsc r2_hsc_err i2_hsc i2_hsc_err z_hsc z_hsc_err y_hsc y_hsc_err epoch input_catalog_id psf_flux_g psf_flux_error_g psf_flux_r psf_flux_error_r psf_flux_i psf_flux_error_i psf_flux_z psf_flux_error_z psf_flux_y psf_flux_error_y parallax parallax_error pmra pmra_error pmdec pmdec_error target_type stage
[from data line 1683]
_Star_2490167887273359360 3006 Fstar_v3.3 37.046139434266536 -3.4576591803518344 1800.0 1 L r 2490167887273359360 nan nan nan nan nan nan nan nan nan nan 2016.0 3006.0 19170.17 1128.12 23800.53 422.92 27414.89 332.95 28916.53 802.11 36239.84 5450.48 -0.1579899477189116 1.2314406999999998 -1.256253192355588 0.93752176 -2.0898026413096966 1.0298116 3 0
_Star_2490173694068952832 3006 Fstar_v3.3 36.899026972294 -3.3169158739054225 1800.0 1 L r 2490173694068952832 nan nan nan nan nan nan nan nan nan nan 2016.0 3006.0 34042.89 454.89 43682.41 561.09 48384.54 608.65 49891.43 836.92 51497.52 2208.39 0.4717848598596575 0.5269162 2.4922428176846374 0.4560333 -2.058306570585909 0.44996417 3 0
_Star_2490173419191044352 3006 Fstar_v3.3 36.92620435315951 -3.340855304720028 1800.0 1 L r 2490173419191044352 nan nan nan nan nan nan nan nan nan nan 2016.0 3006.0 266382.87 934.53 345832.75 2509.97 390037.27 1332.41 398681.49 1393.89 406467.7 1408.01 0.0241442062493851 0.1220029 7.427886516830993 0.101245165 -12.93002376285234 0.098557286 3 0
_Star_2490193485278463616 3006 Fstar_v3.3 37.07269696051596 -3.3202627809974525 1800.0 1 L r 2490193485278463616 nan nan nan nan nan nan nan nan nan nan 2016.0 3006.0 25898.01 944.98 33118.19 516.32 36226.47 469.56 38906.89 813.59 48228.81 3333.26 0.2433275103763705 0.6572631 3.4092200676516766 0.6120193 -3.2342911905183778 0.5983736 3 0
_Star_2490194894027738752 3006 Fstar_v3.3 37.13055651650856 -3.305339306520409 1800.0 1 L r 2490194894027738752 nan nan nan nan nan nan nan nan nan nan 2016.0 3006.0 79284.16 962.67 92407.31 467.68 94734.14 609.12 92143.89 1534.66 86909.25 5340.05 -0.093490545427769 0.2825807 3.5481368205971178 0.28721768 -4.647513401173437 0.28606814 3 0
_Star_2490196955612045824 3006 Fstar_v3.3 37.04264835094366 -3.265825116615044 1800.0 1 L r 2490196955612045824 nan nan nan nan nan nan nan nan nan nan 2016.0 3006.0 42098.49 384.48 59356.21 1427.57 58958.5 888.61 50408.75 1398.23 72274.71 5470.31 -0.0093076976809166 0.41075605 -0.0711907396441637 0.4058189 -0.184798052676553 0.40168387 3 0
_Star_2490198330001583360 3006 Fstar_v3.3 37.10687541094626 -3.2437789463408326 1800.0 1 L r 2490198330001583360 nan nan nan nan nan nan nan nan nan nan 2016.0 3006.0 20940.44 19.42 23299.46 580.87 26217.21 419.53 26827.88 903.84 36289.91 2800.75 1.1374682157957383 0.91664016 -0.2180597329907866 1.0379786 -3.5337888502384014 1.0999137 3 0
_Star_2490198948476876672 3006 Fstar_v3.3 37.10719950212475 -3.2152974410399824 1800.0 1 L r 2490198948476876672 nan nan nan nan nan nan nan nan nan nan 2016.0 3006.0 126376.39 2310.6 161237.7 949.84 178741.73 742.14 178774.7 1109.96 178890.0 3254.58 0.4246153090000781 0.16664223 5.41282261730173 0.19162866 -7.347430298267753 0.17727382 3 0
_Star_2490178470072770304 3006 Fstar_v3.3 37.19739499462057 -3.485020539587081 1800.0 1 L r 2490178470072770304 nan nan nan nan nan nan nan nan nan nan 2016.0 3006.0 16945.96 875.8 20066.25 453.45 23062.5 431.67 28242.69 1224.17 26318.82 4698.28 0.6504370042387745 1.0996084 -0.5259018196580997 0.91294885 0.7270165049069035 1.1103771 3 0
_Star_2490179397785723136 3006 Fstar_v3.3 37.22129696372899 -3.3985643460985044 1800.0 1 L r 2490179397785723136 nan nan nan nan nan nan nan nan nan nan 2016.0 3006.0 17377.45 455.49 22618.61 784.78 25547.36 442.74 23761.09 541.71 43285.87 7315.97 -0.0575327775614292 1.600248 1.0165606614018745 1.2758012 -0.0176790583075173 1.4690866000000002 3 0
_Star_2490177684094111872 3006 Fstar_v3.3 37.31986429657238 -3.409395629947185 1800.0 1 L r 2490177684094111872 nan nan nan nan nan nan nan nan nan nan 2016.0 3006.0 560204.26 3803.19 683197.64 3584.2 729837.24 1968.89 718367.36 2559.89 728226.1 4940.53 0.1254322383663101 0.07872145 6.127512778187352 0.07356109 -9.018485906039457 0.06725382 3 0
_Star_2490194344271925376 3006 Fstar_v3.3 37.20056179653489 -3.3030888449312874 1800.0 1 L r 2490194344271925376 nan nan nan nan nan nan nan nan nan nan 2016.0 3006.0 16995.99 484.21 22259.04 445.04 22312.4 650.13 23331.7 657.55 33476.99 5434.7 -0.1246274872262796 0.88632613 -1.2201236490676022 1.1738527 -4.834684269247084 1.0415854 3 0
_Star_2490182597536762240 3006 Fstar_v3.3 37.26203223864138 -3.31531420253444 1800.0 1 L r 2490182597536762240 nan nan nan nan nan nan nan nan nan nan 2016.0 3006.0 17998.1 975.85 25632.23 495.16 27211.11 235.79 25434.69 1036.19 34906.47 5673.0 -0.4403027368062521 0.78585833 0.6296049932976884 1.0920873 -1.0946637758720643 1.066397 3 0
_Star_2490200666464060672 3006 Fstar_v3.3 37.233077226621305 -3.2406720949739087 1800.0 1 L r 2490200666464060672 nan nan nan nan nan nan nan nan nan nan 2016.0 3006.0 22637.37 1072.03 25175.97 868.34 26481.75 308.81 23815.88 536.38 30961.79 5240.29 -0.3851270180212856 0.661732 -0.0372294349486449 1.0970879 -1.6041675300382363 1.1016569 3 0
_Star_2490125521716178048 3006 Fstar_v3.3 37.53759310564229 -3.5179213763013686 1800.0 1 L r 2490125521716178048 nan nan nan nan nan nan nan nan nan nan 2016.0 3006.0 35778.81 956.11 46245.15 689.33 49909.84 776.41 50399.54 1039.43 57156.55 2494.23 0.854362945597507 0.4294222 -0.2808617934910056 0.5240096 -5.423290834050047 0.44446698 3 0
_Star_2490135829637712896 3006 Fstar_v3.3 37.455507329104414 -3.426682228194837 1800.0 1 L r 2490135829637712896 nan nan nan nan nan nan nan nan nan nan 2016.0 3006.0 98633.83 1255.48 119537.99 574.82 129965.01 574.93 129427.31 1379.11 134767.91 4695.06 0.1677339375645904 0.21230121 4.003646667800865 0.24669811 -3.2886315290450825 0.20463651 3 0
_Star_2490186372812888832 3006 Fstar_v3.3 37.45039997859647 -3.2891689523232235 1800.0 1 L r 2490186372812888832 nan nan nan nan nan nan nan nan nan nan 2016.0 3006.0 16250.48 2518.87 25016.5 724.25 26635.85 733.82 24677.79 843.29 34177.95 2306.31 0.6849531422097817 0.8961996999999999 -1.3156789306399963 1.2811097 -1.769209500371138 1.0569236000000002 3 0
_Sky_3264092672 2007 "Sky positions from PS1" 36.72152036059765 -4.372805561479368 1800.0 1 L r 18385738844 nan nan nan nan nan nan nan nan nan nan nan nan nan nan nan nan nan nan nan nan nan nan 1e-07 1e-07 0.0 0.0 0.0 0.0 2 0
_Sky_3264128161 2007 "Sky positions from PS1" 36.73310843995416 -4.39288833246028 1800.0 1 L r 18385774333 nan nan nan nan nan nan nan nan nan nan nan nan nan nan nan nan nan nan nan nan nan nan 1e-07 1e-07 0.0 0.0 0.0 0.0 2 0
_Sky_3264120163 2007 "Sky positions from PS1" 36.74425051891564 -4.372780503832445 1800.0 1 L r 18385766335 nan nan nan nan nan nan nan nan nan nan nan nan nan nan nan nan nan nan nan nan nan nan 1e-07 1e-07 0.0 0.0 0.0 0.0 2 0
_Sky_3264096441 2007 "Sky positions from PS1" 36.770542524677566 -4.373738044830215 1800.0 1 L r 18385742613 nan nan nan nan nan nan nan nan nan nan nan nan nan nan nan nan nan nan nan nan nan nan 1e-07 1e-07 0.0 0.0 0.0 0.0 2 0
_Sky_3264132714 2007 "Sky positions from PS1" 36.79255968738951 -4.330926370570096 1800.0 1 L r 18385778886 nan nan nan nan nan nan nan nan nan nan nan nan nan nan nan nan nan nan nan nan nan nan 1e-07 1e-07 0.0 0.0 0.0 0.0 2 0
_Sky_3264091395 2007 "Sky positions from PS1" 36.80661321888289 -4.312737762340684 1800.0 1 L r 18385737567 nan nan nan nan nan nan nan nan nan nan nan nan nan nan nan nan nan nan nan nan nan nan 1e-07 1e-07 0.0 0.0 0.0 0.0 2 0
_Sky_3264118806 2007 "Sky positions from PS1" 36.86576214370091 -4.293379374001732 1800.0 1 L r 18385764978 nan nan nan nan nan nan nan nan nan nan nan nan nan nan nan nan nan nan nan nan nan nan 1e-07 1e-07 0.0 0.0 0.0 0.0 2 0
_Sky_3264139075 2007 "Sky positions from PS1" 36.52180048546156 -4.077979801905745 1800.0 1 L r 18385785247 nan nan nan nan nan nan nan nan nan nan nan nan nan nan nan nan nan nan nan nan nan nan 1e-07 1e-07 0.0 0.0 0.0 0.0 2 0
_Sky_3264104483 2007 "Sky positions from PS1" 36.58161608502678 -4.056793193355925 1800.0 1 L r 18385750655 nan nan nan nan nan nan nan nan nan nan nan nan nan nan nan nan nan nan nan nan nan nan 1e-07 1e-07 0.0 0.0 0.0 0.0 2 0
_Sky_3264101846 2007 "Sky positions from PS1" 36.49763527081536 -4.034736745259425 1800.0 1 L r 18385748018 nan nan nan nan nan nan nan nan nan nan nan nan nan nan nan nan nan nan nan nan nan nan 1e-07 1e-07 0.0 0.0 0.0 0.0 2 0
_Sky_3264095978 2007 "Sky positions from PS1" 36.50762066230666 -4.013981011362307 1800.0 1 L r 18385742150 nan nan nan nan nan nan nan nan nan nan nan nan nan nan nan nan nan nan nan nan nan nan 1e-07 1e-07 0.0 0.0 0.0 0.0 2 0
_Sky_3264121619 2007 "Sky positions from PS1" 36.5077432040158 -3.9713131346014814 1800.0 1 L r 18385767791 nan nan nan nan nan nan nan nan nan nan nan nan nan nan nan nan nan nan nan nan nan nan 1e-07 1e-07 0.0 0.0 0.0 0.0 2 0
_Sky_3264138037 2007 "Sky positions from PS1" 36.53148996597513 -4.014234573745443 1800.0 1 L r 18385784209 nan nan nan nan nan nan nan nan nan nan nan nan nan nan nan nan nan nan nan nan nan nan 1e-07 1e-07 0.0 0.0 0.0 0.0 2 0
_Sky_3264091947 2007 "Sky positions from PS1" 36.646310917803 -4.288513736350398 1800.0 1 L r 18385738119 nan nan nan nan nan nan nan nan nan nan nan nan nan nan nan nan nan nan nan nan nan nan 1e-07 1e-07 0.0 0.0 0.0 0.0 2 0
_Sky_3264104840 2007 "Sky positions from PS1" 36.62165069374733 -4.247165984617792 1800.0 1 L r 18385751012 nan nan nan nan nan nan nan nan nan nan nan nan nan nan nan nan nan nan nan nan nan nan 1e-07 1e-07 0.0 0.0 0.0 0.0 2 0
_Sky_3264087890 2007 "Sky positions from PS1" 36.69495055893227 -4.289911224239733 1800.0 1 L r 18385734062 nan nan nan nan nan nan nan nan nan nan nan nan nan nan nan nan nan nan nan nan nan nan 1e-07 1e-07 0.0 0.0 0.0 0.0 2 0
_Sky_3264088927 2007 "Sky positions from PS1" 36.66803123095549 -4.247406971314504 1800.0 1 L r 18385735099 nan nan nan nan nan nan nan nan nan nan nan nan nan nan nan nan nan nan nan nan nan nan 1e-07 1e-07 0.0 0.0 0.0 0.0 2 0
_Sky_3264098007 2007 "Sky positions from PS1" 36.70463782128289 -4.227800442736799 1800.0 1 L r 18385744179 nan nan nan nan nan nan nan nan nan nan nan nan nan nan nan nan nan nan nan nan nan nan 1e-07 1e-07 0.0 0.0 0.0 0.0 2 0
_Sky_3264125016 2007 "Sky positions from PS1" 36.68067950106174 -4.184759856795786 1800.0 1 L r 18385771188 nan nan nan nan nan nan nan nan nan nan nan nan nan nan nan nan nan nan nan nan nan nan 1e-07 1e-07 0.0 0.0 0.0 0.0 2 0
_Sky_3264139499 2007 "Sky positions from PS1" 36.69251507885954 -4.16322204259405 1800.0 1 L r 18385785671 nan nan nan nan nan nan nan nan nan nan nan nan nan nan nan nan nan nan nan nan nan nan 1e-07 1e-07 0.0 0.0 0.0 0.0 2 0
_Sky_3264088810 2007 "Sky positions from PS1" 36.75462060656685 -4.227593496148282 1800.0 1 L r 18385734982 nan nan nan nan nan nan nan nan nan nan nan nan nan nan nan nan nan nan nan nan nan nan 1e-07 1e-07 0.0 0.0 0.0 0.0 2 0
_Sky_3264133014 2007 "Sky positions from PS1" 36.779173610245074 -4.229192029866328 1800.0 1 L r 18385779186 nan nan nan nan nan nan nan nan nan nan nan nan nan nan nan nan nan nan nan nan nan nan 1e-07 1e-07 0.0 0.0 0.0 0.0 2 0
_Sky_3264122735 2007 "Sky positions from PS1" 36.81586200398349 -4.291711430365339 1800.0 1 L r 18385768907 nan nan nan nan nan nan nan nan nan nan nan nan nan nan nan nan nan nan nan nan nan nan 1e-07 1e-07 0.0 0.0 0.0 0.0 2 0
_Sky_3264089196 2007 "Sky positions from PS1" 36.73932094591875 -4.1228454707106765 1800.0 1 L r 18385735368 nan nan nan nan nan nan nan nan nan nan nan nan nan nan nan nan nan nan nan nan nan nan 1e-07 1e-07 0.0 0.0 0.0 0.0 2 0
_Sky_3264114034 2007 "Sky positions from PS1" 36.815896942167335 -4.16569632269119 1800.0 1 L r 18385760206 nan nan nan nan nan nan nan nan nan nan nan nan nan nan nan nan nan nan nan nan nan nan 1e-07 1e-07 0.0 0.0 0.0 0.0 2 0
_Sky_3264099929 2007 "Sky positions from PS1" 36.60461399326681 -4.057107258120968 1800.0 1 L r 18385746101 nan nan nan nan nan nan nan nan nan nan nan nan nan nan nan nan nan nan nan nan nan nan 1e-07 1e-07 0.0 0.0 0.0 0.0 2 0
_Sky_3264085838 2007 "Sky positions from PS1" 36.64207471614717 -4.078291494698743 1800.0 1 L r 18385732010 nan nan nan nan nan nan nan nan nan nan nan nan nan nan nan nan nan nan nan nan nan nan 1e-07 1e-07 0.0 0.0 0.0 0.0 2 0
_Sky_3264121997 2007 "Sky positions from PS1" 36.6557441262139 -4.1014202725630575 1800.0 1 L r 18385768169 nan nan nan nan nan nan nan nan nan nan nan nan nan nan nan nan nan nan nan nan nan nan 1e-07 1e-07 0.0 0.0 0.0 0.0 2 0
_Sky_3264093883 2007 "Sky positions from PS1" 36.689373069795046 -4.079050356002576 1800.0 1 L r 18385740055 nan nan nan nan nan nan nan nan nan nan nan nan nan nan nan nan nan nan nan nan nan nan 1e-07 1e-07 0.0 0.0 0.0 0.0 2 0
_Sky_3264131643 2007 "Sky positions from PS1" 36.71524967455317 -4.079069274252403 1800.0 1 L r 18385777815 nan nan nan nan nan nan nan nan nan nan nan nan nan nan nan nan nan nan nan nan nan nan 1e-07 1e-07 0.0 0.0 0.0 0.0 2 0
_Sky_3264124691 2007 "Sky positions from PS1" 36.6791037050716 -4.058646735972159 1800.0 1 L r 18385770863 nan nan nan nan nan nan nan nan nan nan nan nan nan nan nan nan nan nan nan nan nan nan 1e-07 1e-07 0.0 0.0 0.0 0.0 2 0
_Sky_3264104608 2007 "Sky positions from PS1" 36.65458946092477 -4.017260569000973 1800.0 1 L r 18385750780 nan nan nan nan nan nan nan nan nan nan nan nan nan nan nan nan nan nan nan nan nan nan 1e-07 1e-07 0.0 0.0 0.0 0.0 2 0
_Sky_3264102485 2007 "Sky positions from PS1" 36.71463683545446 -3.995425984611157 1800.0 1 L r 18385748657 nan nan nan nan nan nan nan nan nan nan nan nan nan nan nan nan nan nan nan nan nan nan 1e-07 1e-07 0.0 0.0 0.0 0.0 2 0
_Sky_3264087655 2007 "Sky positions from PS1" 36.74014397367268 -4.079154141641433 1800.0 1 L r 18385733827 nan nan nan nan nan nan nan nan nan nan nan nan nan nan nan nan nan nan nan nan nan nan 1e-07 1e-07 0.0 0.0 0.0 0.0 2 0
_Sky_3264121926 2007 "Sky positions from PS1" 36.78999725501911 -4.0793047250288765 1800.0 1 L r 18385768098 nan nan nan nan nan nan nan nan nan nan nan nan nan nan nan nan nan nan nan nan nan nan 1e-07 1e-07 0.0 0.0 0.0 0.0 2 0
_Sky_3264093635 2007 "Sky positions from PS1" 36.76462069052782 -4.036468490660247 1800.0 1 L r 18385739807 nan nan nan nan nan nan nan nan nan nan nan nan nan nan nan nan nan nan nan nan nan nan 1e-07 1e-07 0.0 0.0 0.0 0.0 2 0
_Sky_3264096254 2007 "Sky positions from PS1" 36.77613097006704 -4.017314772837729 1800.0 1 L r 18385742426 nan nan nan nan nan nan nan nan nan nan nan nan nan nan nan nan nan nan nan nan nan nan 1e-07 1e-07 0.0 0.0 0.0 0.0 2 0
_Sky_3264088115 2007 "Sky positions from PS1" 36.75047008137545 -3.972440501603151 1800.0 1 L r 18385734287 nan nan nan nan nan nan nan nan nan nan nan nan nan nan nan nan nan nan nan nan nan nan 1e-07 1e-07 0.0 0.0 0.0 0.0 2 0
_Sky_3264132132 2007 "Sky positions from PS1" 36.86162178050616 -3.951206698034036 1800.0 1 L r 18385778304 nan nan nan nan nan nan nan nan nan nan nan nan nan nan nan nan nan nan nan nan nan nan 1e-07 1e-07 0.0 0.0 0.0 0.0 2 0
_Sky_3264033880 2007 "Sky positions from PS1" 36.42405538972951 -3.8656617333912 1800.0 1 L r 18383638853 nan nan nan nan nan nan nan nan nan nan nan nan nan nan nan nan nan nan nan nan nan nan 1e-07 1e-07 0.0 0.0 0.0 0.0 2 0
_Sky_3264141233 2007 "Sky positions from PS1" 36.44791582516035 -3.9493506337613593 1800.0 1 L r 18385787405 nan nan nan nan nan nan nan nan nan nan nan nan nan nan nan nan nan nan nan nan nan nan 1e-07 1e-07 0.0 0.0 0.0 0.0 2 0
_Sky_3264133056 2007 "Sky positions from PS1" 36.44675863589758 -3.9074492423248888 1800.0 1 L r 18385779228 nan nan nan nan nan nan nan nan nan nan nan nan nan nan nan nan nan nan nan nan nan nan 1e-07 1e-07 0.0 0.0 0.0 0.0 2 0
_Sky_3264112768 2007 "Sky positions from PS1" 36.53009544381258 -3.887789764233173 1800.0 1 L r 18385758940 nan nan nan nan nan nan nan nan nan nan nan nan nan nan nan nan nan nan nan nan nan nan 1e-07 1e-07 0.0 0.0 0.0 0.0 2 0
_Sky_3264115209 2007 "Sky positions from PS1" 36.54237847506858 -3.864257893750617 1800.0 1 L r 18385761381 nan nan nan nan nan nan nan nan nan nan nan nan nan nan nan nan nan nan nan nan nan nan 1e-07 1e-07 0.0 0.0 0.0 0.0 2 0
