output/Jan25/final_nf_input/field_b_L2_visit2_final_targets.ecsv
# %ECSV 1.0
# ---
# datatype:
# - {name: ob_code, datatype: string}
# - {name: catId, datatype: int32}
# - {name: description, datatype: string}
# - {name: R.A., datatype: float64}
# - {name: Dec., datatype: float64}
# - {name: Exposure Time, datatype: float64}
# - {name: Priority, datatype: int32}
# - {name: resolution, datatype: string}
# - {name: reference_arm, datatype: string}
# - {name: ID, datatype: int64}
# - {name: g_hsc, datatype: float64}
# - {name: g_hsc_err, datatype: float64}
# - {name: r2_hsc, datatype: float64}
# - {name: r2_hsc_err, datatype: float64}
# - {name: i2_hsc, datatype: float64}
# - {name: i2_hsc_err, datatype: float64}
# - {name: z_hsc, datatype: float64}
# - {name: z_hsc_err, datatype: float64}
# - {name: y_hsc, datatype: float64}
# - {name: y_hsc_err, datatype: float64}
# - {name: epoch, datatype: float64}
# - {name: input_catalog_id, datatype: float64}
# - {name: psf_flux_g, datatype: float64}
# - {name: psf_flux_error_g, datatype: float64}
# - {name: psf_flux_r, datatype: float64}
# - {name: psf_flux_error_r, datatype: float64}
# - {name: psf_flux_i, datatype: float64}
# - {name: psf_flux_error_i, datatype: float64}
# - {name: psf_flux_z, datatype: float64}
# - {name: psf_flux_error_z, datatype: float64}
# - {name: psf_flux_y, datatype: float64}
# - {name: psf_flux_error_y, datatype: float64}
# - {name: parallax, datatype: float64}
# - {name: parallax_error, datatype: float64}
# - {name: pmra, datatype: float64}
# - {name: pmra_error, datatype: float64}
# - {name: pmdec, datatype: float64}
# - {name: pmdec_error, datatype: float64}
# - {name: target_type, datatype: int32}
# - {name: stage, datatype: int32}
# schema: astropy-2.0
ob_code catId description R.A. Dec. "Exposure Time" Priority resolution reference_arm ID g_hsc g_hsc_err r2_hsc r2_hsc_err i2_hsc i2_hsc_err z_hsc z_hsc_err y_hsc y_hsc_err epoch input_catalog_id psf_flux_g psf_flux_error_g psf_flux_r psf_flux_error_r psf_flux_i psf_flux_error_i psf_flux_z psf_flux_error_z psf_flux_y psf_flux_error_y parallax parallax_error pmra pmra_error pmdec pmdec_error target_type stage
[from data line 772]
_Cos_40686912389795666 11 "HSC-SSP Public Data Release 4 (Wide)" 36.96358734568745 -0.0172306481187002 1800.0 1 L r 40686912389795666 1071.3934 19.570105 1196.8695 20.88132 1272.4011 29.853678 1347.5663 66.74319 1285.2273 155.38713 nan nan nan nan nan nan nan nan nan nan nan nan 1e-07 1e-07 0.0 0.0 0.0 0.0 1 0
_Cos_40686912389796084 11 "HSC-SSP Public Data Release 4 (Wide)" 36.994011051557514 -0.003837802488853427 1800.0 1 L r 40686912389796084 591.30164 31.973455 925.8865 39.637814 1162.3643 32.481228 2005.0721 100.11048 1343.4124 183.79419 nan nan nan nan nan nan nan nan nan nan nan nan 1e-07 1e-07 0.0 0.0 0.0 0.0 1 0
_Cos_40686912389796192 11 "HSC-SSP Public Data Release 4 (Wide)" 36.94614621538536 -0.0030528978365710465 1800.0 1 L r 40686912389796192 762.76697 21.04937 1131.0167 19.770872 1716.4803 25.786234 2281.6724 83.913345 1930.2249 143.5696 nan nan nan nan nan nan nan nan nan nan nan nan 1e-07 1e-07 0.0 0.0 0.0 0.0 1 0
_Cos_40686912389796259 11 "HSC-SSP Public Data Release 4 (Wide)" 37.01820418864029 -0.0009115367443858696 1800.0 1 L r 40686912389796259 1008.56006 53.899723 1135.6755 69.60063 2169.192 107.437035 239.17258 63.122284 332.78342 146.24802 nan nan nan nan nan nan nan nan nan nan nan nan 1e-07 1e-07 0.0 0.0 0.0 0.0 1 0
_Cos_40687036943834404 11 "HSC-SSP Public Data Release 4 (Wide)" 36.91054135465416 -0.49123419410790803 1800.0 1 L r 40687036943834404 881.2089 23.285433 1043.2648 27.680483 1053.8955 36.412273 1295.5187 81.486115 2286.7341 233.85193 nan nan nan nan nan nan nan nan nan nan nan nan 1e-07 1e-07 0.0 0.0 0.0 0.0 1 0
_Cos_40687036943847358 11 "HSC-SSP Public Data Release 4 (Wide)" 36.928956721190815 -0.5964276748869289 1800.0 1 L r 40687036943847358 2183.488 27.973625 2304.0037 23.634207 3181.444 31.466463 3261.4373 62.19059 6605.9404 161.88808 nan nan nan nan nan nan nan nan nan nan nan nan 1e-07 1e-07 0.0 0.0 0.0 0.0 1 0
_Cos_40687036943849037 11 "HSC-SSP Public Data Release 4 (Wide)" 36.9352513847129 -0.5649264971137619 1800.0 1 L r 40687036943849037 783.41943 43.338394 736.8732 50.98585 985.64343 38.907974 1370.9285 82.61179 1180.0079 144.84218 nan nan nan nan nan nan nan nan nan nan nan nan 1e-07 1e-07 0.0 0.0 0.0 0.0 1 0
_Cos_40687036943849074 11 "HSC-SSP Public Data Release 4 (Wide)" 36.91392282779535 -0.5656945706374545 1800.0 1 L r 40687036943849074 274.9107 40.238636 182.11717 59.112232 950.41766 138.24318 770.8573 159.40541 280.1275 176.82187 nan nan nan nan nan nan nan nan nan nan nan nan 1e-07 1e-07 0.0 0.0 0.0 0.0 1 0
_Cos_40687036943850364 11 "HSC-SSP Public Data Release 4 (Wide)" 36.92905148807196 -0.5417437483096968 1800.0 1 L r 40687036943850364 437.11868 27.357891 522.27954 23.139748 925.7113 33.335148 1487.5851 89.55814 2480.4395 172.46613 nan nan nan nan nan nan nan nan nan nan nan nan 1e-07 1e-07 0.0 0.0 0.0 0.0 1 0
_Cos_40687036943851126 11 "HSC-SSP Public Data Release 4 (Wide)" 36.891985369820105 -0.5230929300842367 1800.0 1 L r 40687036943851126 498.2258 25.87347 623.0363 41.288223 1106.6556 34.78459 1876.4368 82.62706 2248.4065 170.195 nan nan nan nan nan nan nan nan nan nan nan nan 1e-07 1e-07 0.0 0.0 0.0 0.0 1 0
_Cos_40687036943851295 11 "HSC-SSP Public Data Release 4 (Wide)" 36.90110047579089 -0.5211853979703122 1800.0 1 L r 40687036943851295 1660.0939 27.057346 2057.8726 53.927654 2903.0093 46.34588 4538.7593 92.46473 3262.3894 208.56378 nan nan nan nan nan nan nan nan nan nan nan nan 1e-07 1e-07 0.0 0.0 0.0 0.0 1 0
_Cos_40687036943851807 11 "HSC-SSP Public Data Release 4 (Wide)" 36.92911976425336 -0.5112769920980947 1800.0 1 L r 40687036943851807 2004.0297 27.774694 2615.775 32.62174 2855.7952 38.326458 5401.219 86.977974 6548.4614 204.04974 nan nan nan nan nan nan nan nan nan nan nan nan 1e-07 1e-07 0.0 0.0 0.0 0.0 1 0
_Cos_40687036943852832 11 "HSC-SSP Public Data Release 4 (Wide)" 36.93125901871005 -0.4909540802887147 1800.0 1 L r 40687036943852832 597.06714 24.85944 795.2038 32.0069 1243.255 49.28306 1643.7251 103.33734 2183.4253 243.23701 nan nan nan nan nan nan nan nan nan nan nan nan 1e-07 1e-07 0.0 0.0 0.0 0.0 1 0
_Cos_40687036943853067 11 "HSC-SSP Public Data Release 4 (Wide)" 36.86690260787573 -0.4869913553507584 1800.0 1 L r 40687036943853067 732.18054 20.938616 924.54175 24.756262 2595.6165 30.02128 5390.4194 74.282845 10856.657 181.3978 nan nan nan nan nan nan nan nan nan nan nan nan 1e-07 1e-07 0.0 0.0 0.0 0.0 1 0
_Cos_40687036943853484 11 "HSC-SSP Public Data Release 4 (Wide)" 36.85124188280814 -0.47779051872061334 1800.0 1 L r 40687036943853484 961.37415 19.213903 1473.0604 26.968493 2859.322 29.053972 4770.7812 80.95434 5157.8545 151.98865 nan nan nan nan nan nan nan nan nan nan nan nan 1e-07 1e-07 0.0 0.0 0.0 0.0 1 0
_Cos_40687036943853875 11 "HSC-SSP Public Data Release 4 (Wide)" 36.87250757697014 -0.47105407268854976 1800.0 1 L r 40687036943853875 555.3244 21.517633 645.269 34.64121 934.98975 35.15595 934.19226 74.448204 854.5097 133.29376 nan nan nan nan nan nan nan nan nan nan nan nan 1e-07 1e-07 0.0 0.0 0.0 0.0 1 0
_Cos_40687036943854106 11 "HSC-SSP Public Data Release 4 (Wide)" 36.912093407127536 -0.4660339137646956 1800.0 1 L r 40687036943854106 958.30945 28.876564 1203.6725 48.848248 1282.2366 48.66651 2276.3132 100.591064 2976.9707 252.4851 nan nan nan nan nan nan nan nan nan nan nan nan 1e-07 1e-07 0.0 0.0 0.0 0.0 1 0
_Cos_40687041238796276 11 "HSC-SSP Public Data Release 4 (Wide)" 36.865649710142236 -0.4169538986358308 1800.0 1 L r 40687041238796276 437.84384 18.140587 555.268 24.834476 1002.18506 28.797188 1260.9208 56.025284 1645.6755 144.53745 nan nan nan nan nan nan nan nan nan nan nan nan 1e-07 1e-07 0.0 0.0 0.0 0.0 1 0
_Cos_40687041238798092 11 "HSC-SSP Public Data Release 4 (Wide)" 36.84456987530509 -0.3719993265855598 1800.0 1 L r 40687041238798092 600.9032 17.998112 795.2827 19.403307 1176.9349 33.723103 1554.6277 83.23085 2156.1035 240.96053 nan nan nan nan nan nan nan nan nan nan nan nan 1e-07 1e-07 0.0 0.0 0.0 0.0 1 0
_Cos_40687041238799479 11 "HSC-SSP Public Data Release 4 (Wide)" 36.926972375219975 -0.33940145364876956 1800.0 1 L r 40687041238799479 749.42896 24.724318 1086.298 34.25609 2095.9575 49.208664 2917.3308 94.27392 3598.2722 251.6899 nan nan nan nan nan nan nan nan nan nan nan nan 1e-07 1e-07 0.0 0.0 0.0 0.0 1 0
_Cos_40687041238800519 11 "HSC-SSP Public Data Release 4 (Wide)" 36.87942326228516 -0.3142888672325611 1800.0 1 L r 40687041238800519 674.0103 28.176819 618.2769 23.996002 1467.9271 54.747963 1668.7305 104.016075 2902.3972 254.36441 nan nan nan nan nan nan nan nan nan nan nan nan 1e-07 1e-07 0.0 0.0 0.0 0.0 1 0
_Cos_40687041238800923 11 "HSC-SSP Public Data Release 4 (Wide)" 36.80607819931771 -0.30488390419779743 1800.0 1 L r 40687041238800923 676.3477 26.875092 628.7196 23.774628 1253.566 38.600452 1613.3098 90.301476 2016.5984 176.52237 nan nan nan nan nan nan nan nan nan nan nan nan 1e-07 1e-07 0.0 0.0 0.0 0.0 1 0
_Cos_40687041238801269 11 "HSC-SSP Public Data Release 4 (Wide)" 36.84231952363472 -0.29599193850469135 1800.0 1 L r 40687041238801269 525.808 17.547663 619.02576 15.736749 952.4134 34.659763 1669.8853 78.535126 1549.2576 160.42462 nan nan nan nan nan nan nan nan nan nan nan nan 1e-07 1e-07 0.0 0.0 0.0 0.0 1 0
_Cos_40687041238801692 11 "HSC-SSP Public Data Release 4 (Wide)" 36.82641808232087 -0.2861660170838045 1800.0 1 L r 40687041238801692 573.24066 23.486528 683.71704 28.90818 1348.2714 41.491043 1592.0896 86.52693 1703.1669 215.42842 nan nan nan nan nan nan nan nan nan nan nan nan 1e-07 1e-07 0.0 0.0 0.0 0.0 1 0
_Cos_40687041238812485 11 "HSC-SSP Public Data Release 4 (Wide)" 36.85041066266663 -0.46202150349737114 1800.0 1 L r 40687041238812485 792.9237 19.472588 1159.9872 37.56239 1410.797 31.277216 2052.0857 74.711464 1331.8743 157.49072 nan nan nan nan nan nan nan nan nan nan nan nan 1e-07 1e-07 0.0 0.0 0.0 0.0 1 0
_Cos_40687041238813253 11 "HSC-SSP Public Data Release 4 (Wide)" 36.883555258597745 -0.4449473659216093 1800.0 1 L r 40687041238813253 740.4242 21.058939 900.1029 30.250675 1253.8236 35.28842 1512.0554 76.960175 2616.5955 176.57301 nan nan nan nan nan nan nan nan nan nan nan nan 1e-07 1e-07 0.0 0.0 0.0 0.0 1 0
_Cos_40687041238814320 11 "HSC-SSP Public Data Release 4 (Wide)" 36.84656911183927 -0.4219526365186063 1800.0 1 L r 40687041238814320 1270.557 22.489208 1648.7898 31.701332 2948.6836 35.722485 3357.2717 76.75537 3668.3704 191.4559 nan nan nan nan nan nan nan nan nan nan nan nan 1e-07 1e-07 0.0 0.0 0.0 0.0 1 0
_Cos_40687041238815563 11 "HSC-SSP Public Data Release 4 (Wide)" 36.82950288896054 -0.3967832738941022 1800.0 1 L r 40687041238815563 813.0565 20.233957 1078.1978 23.859537 1688.6475 36.868343 2008.323 79.0428 1391.531 178.26471 nan nan nan nan nan nan nan nan nan nan nan nan 1e-07 1e-07 0.0 0.0 0.0 0.0 1 0
_Cos_40687041238815604 11 "HSC-SSP Public Data Release 4 (Wide)" 36.88847541167665 -0.3960787005900092 1800.0 1 L r 40687041238815604 903.95593 22.818897 893.96515 23.443598 969.81287 36.4795 846.74023 64.66365 1043.833 167.3723 nan nan nan nan nan nan nan nan nan nan nan nan 1e-07 1e-07 0.0 0.0 0.0 0.0 1 0
_Cos_40687041238815731 11 "HSC-SSP Public Data Release 4 (Wide)" 36.92077862494295 -0.3935355284491374 1800.0 1 L r 40687041238815731 1283.4335 31.223026 1786.5531 34.148705 2361.0388 45.361675 2885.2236 92.83099 2595.5615 203.71867 nan nan nan nan nan nan nan nan nan nan nan nan 1e-07 1e-07 0.0 0.0 0.0 0.0 1 0
_Cos_40687041238815746 11 "HSC-SSP Public Data Release 4 (Wide)" 36.91021661853692 -0.3930126172011312 1800.0 1 L r 40687041238815746 795.7528 22.582027 640.3744 23.588615 1437.9963 50.25327 1181.4226 77.197495 753.2495 132.68105 nan nan nan nan nan nan nan nan nan nan nan nan 1e-07 1e-07 0.0 0.0 0.0 0.0 1 0
_Cos_40687041238816174 11 "HSC-SSP Public Data Release 4 (Wide)" 36.86941509120012 -0.38440914905683704 1800.0 1 L r 40687041238816174 650.90454 18.49063 867.7355 23.911852 1076.4888 27.823359 2238.2344 77.40078 3327.3638 222.85678 nan nan nan nan nan nan nan nan nan nan nan nan 1e-07 1e-07 0.0 0.0 0.0 0.0 1 0
_Cos_40687041238816455 11 "HSC-SSP Public Data Release 4 (Wide)" 36.93037220439288 -0.3781619307413404 1800.0 1 L r 40687041238816455 1175.4497 22.45849 1156.207 22.081795 1286.9923 32.333878 1526.8433 83.99561 1378.5939 155.15152 nan nan nan nan nan nan nan nan nan nan nan nan 1e-07 1e-07 0.0 0.0 0.0 0.0 1 0
_Cos_40687041238816563 11 "HSC-SSP Public Data Release 4 (Wide)" 36.81909094793824 -0.3777748625276936 1800.0 1 L r 40687041238816563 618.39136 21.484901 696.63165 26.824018 1070.3342 49.47603 1386.4548 89.42425 2593.9836 250.61673 nan nan nan nan nan nan nan nan nan nan nan nan 1e-07 1e-07 0.0 0.0 0.0 0.0 1 0
_Cos_40687041238816977 11 "HSC-SSP Public Data Release 4 (Wide)" 36.83127645750646 -0.3681091066877028 1800.0 1 L r 40687041238816977 504.26538 26.71166 713.9136 26.73646 1204.2722 41.90284 1737.1321 92.54137 2319.7007 231.25171 nan nan nan nan nan nan nan nan nan nan nan nan 1e-07 1e-07 0.0 0.0 0.0 0.0 1 0
_Cos_40687041238817051 11 "HSC-SSP Public Data Release 4 (Wide)" 36.943618732049615 -0.3665936785022284 1800.0 1 L r 40687041238817051 968.5617 21.119287 1350.6936 41.706673 1353.1069 39.913857 1751.7264 90.1061 2642.4941 208.35826 nan nan nan nan nan nan nan nan nan nan nan nan 1e-07 1e-07 0.0 0.0 0.0 0.0 1 0
_Cos_40687041238817511 11 "HSC-SSP Public Data Release 4 (Wide)" 36.86912438795474 -0.35746598482243 1800.0 1 L r 40687041238817511 394.13385 20.477169 598.9886 25.901142 1014.6564 37.400845 1641.216 99.581375 1260.3137 153.78374 nan nan nan nan nan nan nan nan nan nan nan nan 1e-07 1e-07 0.0 0.0 0.0 0.0 1 0
_Cos_40687041238817627 11 "HSC-SSP Public Data Release 4 (Wide)" 36.887818585427 -0.35380998908908756 1800.0 1 L r 40687041238817627 921.2081 20.26623 1367.495 24.43677 2742.4314 44.7132 3943.519 88.55503 4896.274 213.48912 nan nan nan nan nan nan nan nan nan nan nan nan 1e-07 1e-07 0.0 0.0 0.0 0.0 1 0
_Cos_40687041238817713 11 "HSC-SSP Public Data Release 4 (Wide)" 36.81013150613763 -0.3488873600287303 1800.0 1 L r 40687041238817713 743.35175 18.822718 1089.1686 18.24904 1180.039 30.729776 1599.5671 80.394295 1359.2921 150.85771 nan nan nan nan nan nan nan nan nan nan nan nan 1e-07 1e-07 0.0 0.0 0.0 0.0 1 0
_Cos_40687041238817958 11 "HSC-SSP Public Data Release 4 (Wide)" 36.86980579328899 -0.347208430845764 1800.0 1 L r 40687041238817958 1080.7882 23.788496 1438.8989 24.951141 3146.9006 41.944134 4099.4634 89.116264 3657.8762 171.134 nan nan nan nan nan nan nan nan nan nan nan nan 1e-07 1e-07 0.0 0.0 0.0 0.0 1 0
_Cos_40687041238818549 11 "HSC-SSP Public Data Release 4 (Wide)" 36.832738174684735 -0.33351810160969275 1800.0 1 L r 40687041238818549 1383.4316 29.397774 2040.9517 44.226635 2399.0715 61.457687 3369.8748 128.56364 3991.824 279.48135 nan nan nan nan nan nan nan nan nan nan nan nan 1e-07 1e-07 0.0 0.0 0.0 0.0 1 0
_Cos_40687041238818590 11 "HSC-SSP Public Data Release 4 (Wide)" 36.853525542444395 -0.3344976798258869 1800.0 1 L r 40687041238818590 367.2585 23.279184 417.7349 22.44995 931.92664 35.159306 989.265 70.63847 918.2667 189.75299 nan nan nan nan nan nan nan nan nan nan nan nan 1e-07 1e-07 0.0 0.0 0.0 0.0 1 0
_Cos_40687041238819160 11 "HSC-SSP Public Data Release 4 (Wide)" 36.92961667164391 -0.32306795691392637 1800.0 1 L r 40687041238819160 818.9751 21.43982 942.21344 25.089018 1046.1052 36.61892 976.4245 84.04233 1688.3868 225.8459 nan nan nan nan nan nan nan nan nan nan nan nan 1e-07 1e-07 0.0 0.0 0.0 0.0 1 0
_Cos_40687041238819486 11 "HSC-SSP Public Data Release 4 (Wide)" 36.807809151390266 -0.31732216758474613 1800.0 1 L r 40687041238819486 684.691 22.732693 840.8387 20.062462 1218.4851 26.645298 2167.5718 81.493866 2643.8455 165.79716 nan nan nan nan nan nan nan nan nan nan nan nan 1e-07 1e-07 0.0 0.0 0.0 0.0 1 0
_Cos_40687041238819621 11 "HSC-SSP Public Data Release 4 (Wide)" 36.89413073701196 -0.3135266811459282 1800.0 1 L r 40687041238819621 561.7804 18.097502 669.60034 18.763447 1045.925 28.939892 1499.1157 83.23095 2244.094 176.73543 nan nan nan nan nan nan nan nan nan nan nan nan 1e-07 1e-07 0.0 0.0 0.0 0.0 1 0
_Cos_40687041238819663 11 "HSC-SSP Public Data Release 4 (Wide)" 36.82778928303391 -0.3103113627467875 1800.0 1 L r 40687041238819663 2017.9587 19.620066 2804.5334 19.749195 3576.2913 30.330484 4610.589 70.44677 4011.994 166.01262 nan nan nan nan nan nan nan nan nan nan nan nan 1e-07 1e-07 0.0 0.0 0.0 0.0 1 0
_Cos_40687041238819870 11 "HSC-SSP Public Data Release 4 (Wide)" 36.78228983001098 -0.30785864557113396 1800.0 1 L r 40687041238819870 1430.4872 22.836246 1856.6831 29.014215 1797.4814 30.804502 1876.059 66.93445 1915.575 153.18811 nan nan nan nan nan nan nan nan nan nan nan nan 1e-07 1e-07 0.0 0.0 0.0 0.0 1 0
_Cos_40687041238820242 11 "HSC-SSP Public Data Release 4 (Wide)" 36.77179569698045 -0.3021612296075214 1800.0 1 L r 40687041238820242 1102.465 24.25772 1621.7711 37.132637 2726.117 47.174038 3681.5647 90.8079 5582.441 244.53622 nan nan nan nan nan nan nan nan nan nan nan nan 1e-07 1e-07 0.0 0.0 0.0 0.0 1 0
_Cos_40687041238820449 11 "HSC-SSP Public Data Release 4 (Wide)" 36.925584607395706 -0.298511252965748 1800.0 1 L r 40687041238820449 706.8967 26.394054 853.0601 36.51386 1511.1671 46.02293 1930.6825 95.44328 1893.73 232.71579 nan nan nan nan nan nan nan nan nan nan nan nan 1e-07 1e-07 0.0 0.0 0.0 0.0 1 0
_Cos_40687041238820596 11 "HSC-SSP Public Data Release 4 (Wide)" 36.848510839224886 -0.29383312810436374 1800.0 1 L r 40687041238820596 939.9863 22.395618 1141.0591 27.825071 1264.3868 40.94147 1400.6384 80.06392 2268.6233 195.05696 nan nan nan nan nan nan nan nan nan nan nan nan 1e-07 1e-07 0.0 0.0 0.0 0.0 1 0
