output/Jan25/final_nf_input/field_e_L1_visit1_final_targets.ecsv
# %ECSV 1.0
# ---
# datatype:
# - {name: ob_code, datatype: string}
# - {name: catId, datatype: int32}
# - {name: description, datatype: string}
# - {name: R.A., datatype: float64}
# - {name: Dec., datatype: float64}
# - {name: Exposure Time, datatype: float64}
# - {name: Priority, datatype: int32}
# - {name: resolution, datatype: string}
# - {name: reference_arm, datatype: string}
# - {name: ID, datatype: int64}
# - {name: g_hsc, datatype: float64}
# - {name: g_hsc_err, datatype: float64}
# - {name: r2_hsc, datatype: float64}
# - {name: r2_hsc_err, datatype: float64}
# - {name: i2_hsc, datatype: float64}
# - {name: i2_hsc_err, datatype: float64}
# - {name: z_hsc, datatype: float64}
# - {name: z_hsc_err, datatype: float64}
# - {name: y_hsc, datatype: float64}
# - {name: y_hsc_err, datatype: float64}
# - {name: epoch, datatype: float64}
# - {name: input_catalog_id, datatype: float64}
# - {name: psf_flux_g, datatype: float64}
# - {name: psf_flux_error_g, datatype: float64}
# - {name: psf_flux_r, datatype: float64}
# - {name: psf_flux_error_r, datatype: float64}
# - {name: psf_flux_i, datatype: float64}
# - {name: psf_flux_error_i, datatype: float64}
# - {name: psf_flux_z, datatype: float64}
# - {name: psf_flux_error_z, datatype: float64}
# - {name: psf_flux_y, datatype: float64}
# - {name: psf_flux_error_y, datatype: float64}
# - {name: parallax, datatype: float64}
# - {name: parallax_error, datatype: float64}
# - {name: pmra, datatype: float64}
# - {name: pmra_error, datatype: float64}
# - {name: pmdec, datatype: float64}
# - {name: pmdec_error, datatype: float64}
# - {name: target_type, datatype: int32}
# - {name: stage, datatype: int32}
# schema: astropy-2.0
ob_code catId description R.A. Dec. "Exposure Time" Priority resolution reference_arm ID g_hsc g_hsc_err r2_hsc r2_hsc_err i2_hsc i2_hsc_err z_hsc z_hsc_err y_hsc y_hsc_err epoch input_catalog_id psf_flux_g psf_flux_error_g psf_flux_r psf_flux_error_r psf_flux_i psf_flux_error_i psf_flux_z psf_flux_error_z psf_flux_y psf_flux_error_y parallax parallax_error pmra pmra_error pmdec pmdec_error target_type stage
[from data line 877]
_Cos_42042056176064030 11 "HSC-SSP Public Data Release 4 (Wide)" 132.62307464346068 1.3129283957969013 1800.0 1 L r 42042056176064030 728.7453 20.802752 927.66223 30.993643 1558.0123 43.729103 2122.836 62.560802 2102.5251 110.776794 nan nan nan nan nan nan nan nan nan nan nan nan 1e-07 1e-07 0.0 0.0 0.0 0.0 1 0
_Cos_42042056176065502 11 "HSC-SSP Public Data Release 4 (Wide)" 132.6612582124479 1.3412774796885965 1800.0 1 L r 42042056176065502 699.7561 16.753923 881.0401 31.312592 1223.0944 37.958477 1801.68 75.091095 2282.8953 149.54988 nan nan nan nan nan nan nan nan nan nan nan nan 1e-07 1e-07 0.0 0.0 0.0 0.0 1 0
_Cos_42042056176066386 11 "HSC-SSP Public Data Release 4 (Wide)" 132.65256445974856 1.3590338826179675 1800.0 1 L r 42042056176066386 674.5614 22.398773 1189.2832 34.082638 2090.9119 40.905685 5212.356 72.54756 6840.9365 127.75107 nan nan nan nan nan nan nan nan nan nan nan nan 1e-07 1e-07 0.0 0.0 0.0 0.0 1 0
_Cos_42042056176066748 11 "HSC-SSP Public Data Release 4 (Wide)" 132.61745160918582 1.3662733472403077 1800.0 1 L r 42042056176066748 1183.4438 17.376322 1690.0017 30.973995 2600.5344 38.526386 3212.493 64.76604 3564.8062 133.50436 nan nan nan nan nan nan nan nan nan nan nan nan 1e-07 1e-07 0.0 0.0 0.0 0.0 1 0
_Cos_42042056176067389 11 "HSC-SSP Public Data Release 4 (Wide)" 132.63890186657218 1.3818512051576977 1800.0 1 L r 42042056176067389 1070.6335 30.597832 1168.7446 38.790733 2450.6123 60.659725 4427.7495 98.32823 6233.758 193.21982 nan nan nan nan nan nan nan nan nan nan nan nan 1e-07 1e-07 0.0 0.0 0.0 0.0 1 0
_Cos_42042056176067414 11 "HSC-SSP Public Data Release 4 (Wide)" 132.61067103260385 1.3821777379407298 1800.0 1 L r 42042056176067414 625.30835 18.915255 677.79663 34.285885 1311.627 54.34338 2203.8918 100.50684 1173.7377 177.52385 nan nan nan nan nan nan nan nan nan nan nan nan 1e-07 1e-07 0.0 0.0 0.0 0.0 1 0
_Cos_42042056176067476 11 "HSC-SSP Public Data Release 4 (Wide)" 132.60093600430497 1.3822824507034355 1800.0 1 L r 42042056176067476 877.782 14.794967 1145.34 28.194862 1696.0284 36.33709 2341.552 66.082 2807.478 123.54735 nan nan nan nan nan nan nan nan nan nan nan nan 1e-07 1e-07 0.0 0.0 0.0 0.0 1 0
_Cos_42042056176068060 11 "HSC-SSP Public Data Release 4 (Wide)" 132.62977401489673 1.3959823213077638 1800.0 1 L r 42042056176068060 793.61755 18.38826 889.26495 33.8266 1135.205 50.42117 1157.6202 75.84686 1604.762 192.9946 nan nan nan nan nan nan nan nan nan nan nan nan 1e-07 1e-07 0.0 0.0 0.0 0.0 1 0
_Cos_42042060471010584 11 "HSC-SSP Public Data Release 4 (Wide)" 132.64357315208773 1.4288145325514234 1800.0 1 L r 42042060471010584 837.53253 19.051743 943.57605 35.093174 1222.3322 41.736286 1400.0319 70.96216 1999.876 126.429665 nan nan nan nan nan nan nan nan nan nan nan nan 1e-07 1e-07 0.0 0.0 0.0 0.0 1 0
_Cos_42042060471010903 11 "HSC-SSP Public Data Release 4 (Wide)" 132.6204907293586 1.4371267919549686 1800.0 1 L r 42042060471010903 888.2863 18.5707 971.2626 33.830555 1533.1705 44.257397 2364.604 104.77506 2437.7761 161.75055 nan nan nan nan nan nan nan nan nan nan nan nan 1e-07 1e-07 0.0 0.0 0.0 0.0 1 0
_Cos_42042060471011192 11 "HSC-SSP Public Data Release 4 (Wide)" 132.67590319528836 1.4451091025036318 1800.0 1 L r 42042060471011192 412.27316 20.869478 513.547 37.455894 1060.365 59.3689 1078.6736 91.14679 885.10297 152.17836 nan nan nan nan nan nan nan nan nan nan nan nan 1e-07 1e-07 0.0 0.0 0.0 0.0 1 0
_Cos_42042060471028418 11 "HSC-SSP Public Data Release 4 (Wide)" 132.6576170346383 1.4173241617754668 1800.0 1 L r 42042060471028418 1179.1974 23.408466 1099.3593 36.75308 1904.547 53.66473 2526.6106 96.75171 2696.6462 173.45445 nan nan nan nan nan nan nan nan nan nan nan nan 1e-07 1e-07 0.0 0.0 0.0 0.0 1 0
_Cos_42042060471029244 11 "HSC-SSP Public Data Release 4 (Wide)" 132.60812043425915 1.4296113738337801 1800.0 1 L r 42042060471029244 446.70483 19.997301 573.27344 32.589523 1479.0051 54.277073 1494.2538 79.25854 1417.5396 154.98007 nan nan nan nan nan nan nan nan nan nan nan nan 1e-07 1e-07 0.0 0.0 0.0 0.0 1 0
_Cos_42042060471029900 11 "HSC-SSP Public Data Release 4 (Wide)" 132.65417062334208 1.442539850163838 1800.0 1 L r 42042060471029900 1171.6864 26.44749 1436.5278 41.673183 3217.5461 70.10308 4027.3943 101.80126 4151.357 208.52654 nan nan nan nan nan nan nan nan nan nan nan nan 1e-07 1e-07 0.0 0.0 0.0 0.0 1 0
_Cos_42042060471030066 11 "HSC-SSP Public Data Release 4 (Wide)" 132.60406978401784 1.4446128186334208 1800.0 1 L r 42042060471030066 513.363 15.569407 664.29987 31.474443 987.06836 32.352013 1440.0182 56.935787 1559.2036 107.981094 nan nan nan nan nan nan nan nan nan nan nan nan 1e-07 1e-07 0.0 0.0 0.0 0.0 1 0
_Cos_42042060471031094 11 "HSC-SSP Public Data Release 4 (Wide)" 132.63951386349717 1.4627960810708538 1800.0 1 L r 42042060471031094 1236.9385 19.245207 1321.044 29.780504 1476.3522 35.17527 1848.297 64.57371 1789.7699 135.45789 nan nan nan nan nan nan nan nan nan nan nan nan 1e-07 1e-07 0.0 0.0 0.0 0.0 1 0
_Cos_42042060471031287 11 "HSC-SSP Public Data Release 4 (Wide)" 132.663436023335 1.466169686706231 1800.0 1 L r 42042060471031287 830.4849 14.924626 1102.1423 27.393192 1402.9061 34.072174 2292.5034 73.76215 2683.4988 156.52182 nan nan nan nan nan nan nan nan nan nan nan nan 1e-07 1e-07 0.0 0.0 0.0 0.0 1 0
_Cos_42042060471031392 11 "HSC-SSP Public Data Release 4 (Wide)" 132.6141296245964 1.4693146131579944 1800.0 1 L r 42042060471031392 866.8242 26.362673 843.8936 42.379936 1043.9336 58.473293 996.8223 83.62624 1329.9508 227.56134 nan nan nan nan nan nan nan nan nan nan nan nan 1e-07 1e-07 0.0 0.0 0.0 0.0 1 0
_Cos_42042060471032262 11 "HSC-SSP Public Data Release 4 (Wide)" 132.66537502448043 1.4838845851406262 1800.0 1 L r 42042060471032262 782.30835 31.307835 1261.0359 56.293407 2955.0203 90.974915 6270.7285 210.46666 4101.958 229.0377 nan nan nan nan nan nan nan nan nan nan nan nan 1e-07 1e-07 0.0 0.0 0.0 0.0 1 0
_Cos_42042060471032293 11 "HSC-SSP Public Data Release 4 (Wide)" 132.62444120646254 1.4838508067894185 1800.0 1 L r 42042060471032293 1362.6283 26.746183 1215.1235 37.074062 1236.9764 45.01885 1397.391 74.52554 2196.5688 166.00407 nan nan nan nan nan nan nan nan nan nan nan nan 1e-07 1e-07 0.0 0.0 0.0 0.0 1 0
_Cos_42042060471032367 11 "HSC-SSP Public Data Release 4 (Wide)" 132.59989584615536 1.4858495667635403 1800.0 1 L r 42042060471032367 453.37506 25.113781 660.2909 39.085136 1124.2471 47.864506 1467.9999 90.01087 1652.4023 183.15976 nan nan nan nan nan nan nan nan nan nan nan nan 1e-07 1e-07 0.0 0.0 0.0 0.0 1 0
_Cos_43105253855333992 11 "HSC-SSP Public Data Release 4 (Wide)" 133.06787481352342 1.4913567793757334 1800.0 1 L r 43105253855333992 1016.92615 24.169443 1406.2986 39.991573 2021.1168 76.678474 2354.8286 132.14046 1346.6189 200.17986 nan nan nan nan nan nan nan nan nan nan nan nan 1e-07 1e-07 0.0 0.0 0.0 0.0 1 0
_Cos_43105253855334649 11 "HSC-SSP Public Data Release 4 (Wide)" 133.09814009500684 1.5098092139120722 1800.0 1 L r 43105253855334649 726.5473 19.434534 875.2761 33.157112 1218.0044 47.34494 1287.3177 66.307526 1358.9822 148.44395 nan nan nan nan nan nan nan nan nan nan nan nan 1e-07 1e-07 0.0 0.0 0.0 0.0 1 0
_Cos_43105253855351381 11 "HSC-SSP Public Data Release 4 (Wide)" 133.138013503197 1.495551495516455 1800.0 1 L r 43105253855351381 698.0838 26.33813 778.3113 42.22695 1220.3123 54.50941 1578.0651 86.72849 2633.7622 182.5277 nan nan nan nan nan nan nan nan nan nan nan nan 1e-07 1e-07 0.0 0.0 0.0 0.0 1 0
_Cos_43105253855352510 11 "HSC-SSP Public Data Release 4 (Wide)" 133.06680319357457 1.523548798951702 1800.0 1 L r 43105253855352510 1065.3827 23.040161 1241.2761 37.251793 1712.6875 49.858955 1882.1667 63.981052 2864.0073 152.63567 nan nan nan nan nan nan nan nan nan nan nan nan 1e-07 1e-07 0.0 0.0 0.0 0.0 1 0
_Cos_43105253855354432 11 "HSC-SSP Public Data Release 4 (Wide)" 133.06609430407607 1.5698964114607499 1800.0 1 L r 43105253855354432 1461.4447 21.30555 2002.8602 33.814175 3256.07 42.44302 4143.387 62.002537 3881.9 130.10776 nan nan nan nan nan nan nan nan nan nan nan nan 1e-07 1e-07 0.0 0.0 0.0 0.0 1 0
_Cos_43105253855354855 11 "HSC-SSP Public Data Release 4 (Wide)" 133.08822631053604 1.577861220548591 1800.0 1 L r 43105253855354855 403.1908 21.127577 551.7868 27.697256 1359.8616 38.197403 2348.0232 64.14019 2536.436 122.86717 nan nan nan nan nan nan nan nan nan nan nan nan 1e-07 1e-07 0.0 0.0 0.0 0.0 1 0
_Cos_43105258150318211 11 "HSC-SSP Public Data Release 4 (Wide)" 133.05918747488198 1.637336796121648 1800.0 1 L r 43105258150318211 944.36884 19.310604 965.31683 30.551052 1193.3126 33.70062 2404.243 60.133156 2812.3862 132.23978 nan nan nan nan nan nan nan nan nan nan nan nan 1e-07 1e-07 0.0 0.0 0.0 0.0 1 0
_Cos_43105391294287777 11 "HSC-SSP Public Data Release 4 (Wide)" 133.01347698220815 1.4879693610782019 1800.0 1 L r 43105391294287777 986.86194 18.307596 980.936 29.817942 1230.9927 44.518524 1089.7224 61.481983 1754.4004 160.82922 nan nan nan nan nan nan nan nan nan nan nan nan 1e-07 1e-07 0.0 0.0 0.0 0.0 1 0
_Cos_43105391294290507 11 "HSC-SSP Public Data Release 4 (Wide)" 132.9891402767837 1.5496250486255556 1800.0 1 L r 43105391294290507 678.2386 16.402279 789.2696 30.193182 1065.6881 31.113081 1568.2863 58.404713 1416.1788 92.74109 nan nan nan nan nan nan nan nan nan nan nan nan 1e-07 1e-07 0.0 0.0 0.0 0.0 1 0
_Cos_43105391294291629 11 "HSC-SSP Public Data Release 4 (Wide)" 133.0253424424175 1.574419840592335 1800.0 1 L r 43105391294291629 674.20746 26.976196 505.94418 29.238733 1144.4246 35.219116 1629.5929 63.398365 1702.7533 135.70346 nan nan nan nan nan nan nan nan nan nan nan nan 1e-07 1e-07 0.0 0.0 0.0 0.0 1 0
_Cos_43105391294306817 11 "HSC-SSP Public Data Release 4 (Wide)" 133.00227554264538 1.4877497472887244 1800.0 1 L r 43105391294306817 589.4861 14.527008 743.26263 27.537333 1009.1152 36.10307 1606.0514 76.132614 1437.5656 130.73322 nan nan nan nan nan nan nan nan nan nan nan nan 1e-07 1e-07 0.0 0.0 0.0 0.0 1 0
_Cos_43105391294308071 11 "HSC-SSP Public Data Release 4 (Wide)" 133.00852196371204 1.5068890365229988 1800.0 1 L r 43105391294308071 906.74927 15.2520075 985.0291 23.631907 968.2102 31.08404 1081.7866 49.7868 1924.2236 107.14283 nan nan nan nan nan nan nan nan nan nan nan nan 1e-07 1e-07 0.0 0.0 0.0 0.0 1 0
_Cos_43105391294308410 11 "HSC-SSP Public Data Release 4 (Wide)" 133.04574198387505 1.515388854011569 1800.0 1 L r 43105391294308410 686.2009 19.127647 810.80914 33.197437 1454.6602 38.976143 1690.7214 58.19421 2079.0847 122.252625 nan nan nan nan nan nan nan nan nan nan nan nan 1e-07 1e-07 0.0 0.0 0.0 0.0 1 0
_Cos_43105391294309408 11 "HSC-SSP Public Data Release 4 (Wide)" 133.04587151468746 1.5289310998763754 1800.0 1 L r 43105391294309408 1100.6481 22.153902 1658.6979 44.90039 2663.4993 58.974075 3687.1685 88.78468 3453.638 166.71126 nan nan nan nan nan nan nan nan nan nan nan nan 1e-07 1e-07 0.0 0.0 0.0 0.0 1 0
_Cos_43105391294309796 11 "HSC-SSP Public Data Release 4 (Wide)" 132.99927320983193 1.5331831873235144 1800.0 1 L r 43105391294309796 255.442 22.782993 321.77887 40.29878 1523.3563 124.83987 456.79065 56.656406 1012.84424 141.26176 nan nan nan nan nan nan nan nan nan nan nan nan 1e-07 1e-07 0.0 0.0 0.0 0.0 1 0
_Cos_43105391294310989 11 "HSC-SSP Public Data Release 4 (Wide)" 133.0302287706788 1.5563808695613128 1800.0 1 L r 43105391294310989 564.6752 21.852509 863.0326 35.15915 1366.3335 44.676132 2312.4578 72.52377 3414.876 148.50517 nan nan nan nan nan nan nan nan nan nan nan nan 1e-07 1e-07 0.0 0.0 0.0 0.0 1 0
_Cos_43105391294311107 11 "HSC-SSP Public Data Release 4 (Wide)" 132.87529710580546 1.5567035440627013 1800.0 1 L r 43105391294311107 568.402 15.312009 728.53784 25.404413 1037.8522 41.36086 1195.4315 68.44132 1506.7902 159.02452 nan nan nan nan nan nan nan nan nan nan nan nan 1e-07 1e-07 0.0 0.0 0.0 0.0 1 0
_Cos_43105391294311739 11 "HSC-SSP Public Data Release 4 (Wide)" 133.04227194263026 1.567623107933728 1800.0 1 L r 43105391294311739 565.9503 20.538158 762.14636 39.230587 949.95435 47.054108 1048.7833 71.37748 628.7804 102.29784 nan nan nan nan nan nan nan nan nan nan nan nan 1e-07 1e-07 0.0 0.0 0.0 0.0 1 0
_Cos_43105391294311830 11 "HSC-SSP Public Data Release 4 (Wide)" 132.99652222751456 1.5702369410584625 1800.0 1 L r 43105391294311830 936.6118 20.486519 1200.3353 39.01195 1317.6699 45.70309 1184.8303 69.835335 1242.2383 140.6053 nan nan nan nan nan nan nan nan nan nan nan nan 1e-07 1e-07 0.0 0.0 0.0 0.0 1 0
_Cos_43105395589252106 11 "HSC-SSP Public Data Release 4 (Wide)" 132.93298634684948 1.598196039643236 1800.0 1 L r 43105395589252106 1038.4957 21.197153 1252.0426 38.66858 1598.7438 50.17976 2084.8484 86.359276 1942.3054 169.58365 nan nan nan nan nan nan nan nan nan nan nan nan 1e-07 1e-07 0.0 0.0 0.0 0.0 1 0
_Cos_43105395589252461 11 "HSC-SSP Public Data Release 4 (Wide)" 132.97339454070428 1.6059066560877733 1800.0 1 L r 43105395589252461 675.0989 19.49844 903.5784 49.989185 1032.8198 41.613373 1621.3182 78.24183 1636.9882 128.86363 nan nan nan nan nan nan nan nan nan nan nan nan 1e-07 1e-07 0.0 0.0 0.0 0.0 1 0
_Cos_43105395589254313 11 "HSC-SSP Public Data Release 4 (Wide)" 132.93868351872862 1.647950604110926 1800.0 1 L r 43105395589254313 627.6091 27.456608 1140.3033 48.8742 2428.8267 50.817646 4883.711 70.20748 6845.4766 148.9248 nan nan nan nan nan nan nan nan nan nan nan nan 1e-07 1e-07 0.0 0.0 0.0 0.0 1 0
_Cos_43105395589254507 11 "HSC-SSP Public Data Release 4 (Wide)" 132.99162858106254 1.6520522329396978 1800.0 1 L r 43105395589254507 1344.1553 19.417938 1461.8947 35.645466 1836.3221 41.729237 1825.9224 60.64209 2569.6746 145.63535 nan nan nan nan nan nan nan nan nan nan nan nan 1e-07 1e-07 0.0 0.0 0.0 0.0 1 0
_Cos_43105395589257469 11 "HSC-SSP Public Data Release 4 (Wide)" 132.88258626913282 1.7214887001926849 1800.0 1 L r 43105395589257469 902.3053 20.584978 1035.0236 35.62021 1364.9598 50.674263 1793.4758 70.87853 2160.2031 154.69601 nan nan nan nan nan nan nan nan nan nan nan nan 1e-07 1e-07 0.0 0.0 0.0 0.0 1 0
_Cos_43105395589259135 11 "HSC-SSP Public Data Release 4 (Wide)" 132.96170613006174 1.7613608842221637 1800.0 1 L r 43105395589259135 1216.8326 21.701876 1245.0342 39.972603 1341.5895 39.883755 1667.7269 70.95806 1366.0698 120.822556 nan nan nan nan nan nan nan nan nan nan nan nan 1e-07 1e-07 0.0 0.0 0.0 0.0 1 0
_Cos_43105395589270074 11 "HSC-SSP Public Data Release 4 (Wide)" 132.88375314771804 1.5915119366427448 1800.0 1 L r 43105395589270074 750.7837 20.546202 700.5084 31.098507 1852.8867 77.84294 2070.857 99.45897 2805.8235 226.95384 nan nan nan nan nan nan nan nan nan nan nan nan 1e-07 1e-07 0.0 0.0 0.0 0.0 1 0
_Cos_43105395589270357 11 "HSC-SSP Public Data Release 4 (Wide)" 132.9603768397206 1.5952175788934964 1800.0 1 L r 43105395589270357 1246.5746 20.890516 1451.404 36.931137 2080.2168 40.04185 2981.5037 64.65419 3417.4568 124.6504 nan nan nan nan nan nan nan nan nan nan nan nan 1e-07 1e-07 0.0 0.0 0.0 0.0 1 0
_Cos_43105395589270558 11 "HSC-SSP Public Data Release 4 (Wide)" 133.0469485517769 1.6000072668104854 1800.0 1 L r 43105395589270558 861.85175 16.058313 837.7225 26.758944 1127.2614 35.14 1742.4275 63.909435 2043.3932 111.884964 nan nan nan nan nan nan nan nan nan nan nan nan 1e-07 1e-07 0.0 0.0 0.0 0.0 1 0
_Cos_43105395589270694 11 "HSC-SSP Public Data Release 4 (Wide)" 133.0005395334055 1.601267803996669 1800.0 1 L r 43105395589270694 807.35767 16.76375 1020.17285 26.605057 1346.7516 37.173183 1918.026 45.478874 2263.7188 97.43813 nan nan nan nan nan nan nan nan nan nan nan nan 1e-07 1e-07 0.0 0.0 0.0 0.0 1 0
_Cos_43105395589270875 11 "HSC-SSP Public Data Release 4 (Wide)" 132.89066490933672 1.6037182203912412 1800.0 1 L r 43105395589270875 943.68726 19.355368 1072.7753 31.919788 1596.7438 43.92395 2345.4668 69.68669 3588.5251 152.51231 nan nan nan nan nan nan nan nan nan nan nan nan 1e-07 1e-07 0.0 0.0 0.0 0.0 1 0
