output/Jan25/final_nf_input/field_b_L2_visit2_final_targets.ecsv
# %ECSV 1.0
# ---
# datatype:
# - {name: ob_code, datatype: string}
# - {name: catId, datatype: int32}
# - {name: description, datatype: string}
# - {name: R.A., datatype: float64}
# - {name: Dec., datatype: float64}
# - {name: Exposure Time, datatype: float64}
# - {name: Priority, datatype: int32}
# - {name: resolution, datatype: string}
# - {name: reference_arm, datatype: string}
# - {name: ID, datatype: int64}
# - {name: g_hsc, datatype: float64}
# - {name: g_hsc_err, datatype: float64}
# - {name: r2_hsc, datatype: float64}
# - {name: r2_hsc_err, datatype: float64}
# - {name: i2_hsc, datatype: float64}
# - {name: i2_hsc_err, datatype: float64}
# - {name: z_hsc, datatype: float64}
# - {name: z_hsc_err, datatype: float64}
# - {name: y_hsc, datatype: float64}
# - {name: y_hsc_err, datatype: float64}
# - {name: epoch, datatype: float64}
# - {name: input_catalog_id, datatype: float64}
# - {name: psf_flux_g, datatype: float64}
# - {name: psf_flux_error_g, datatype: float64}
# - {name: psf_flux_r, datatype: float64}
# - {name: psf_flux_error_r, datatype: float64}
# - {name: psf_flux_i, datatype: float64}
# - {name: psf_flux_error_i, datatype: float64}
# - {name: psf_flux_z, datatype: float64}
# - {name: psf_flux_error_z, datatype: float64}
# - {name: psf_flux_y, datatype: float64}
# - {name: psf_flux_error_y, datatype: float64}
# - {name: parallax, datatype: float64}
# - {name: parallax_error, datatype: float64}
# - {name: pmra, datatype: float64}
# - {name: pmra_error, datatype: float64}
# - {name: pmdec, datatype: float64}
# - {name: pmdec_error, datatype: float64}
# - {name: target_type, datatype: int32}
# - {name: stage, datatype: int32}
# schema: astropy-2.0
ob_code catId description R.A. Dec. "Exposure Time" Priority resolution reference_arm ID g_hsc g_hsc_err r2_hsc r2_hsc_err i2_hsc i2_hsc_err z_hsc z_hsc_err y_hsc y_hsc_err epoch input_catalog_id psf_flux_g psf_flux_error_g psf_flux_r psf_flux_error_r psf_flux_i psf_flux_error_i psf_flux_z psf_flux_error_z psf_flux_y psf_flux_error_y parallax parallax_error pmra pmra_error pmdec pmdec_error target_type stage
[from data line 515]
_Cos_40686762065937605 11 "HSC-SSP Public Data Release 4 (Wide)" 37.298558698899 -0.6208839558193404 1800.0 1 L r 40686762065937605 1295.4731 23.825104 1733.7853 29.43269 2205.8494 42.238434 2443.2786 84.350716 3826.765 201.64813 nan nan nan nan nan nan nan nan nan nan nan nan 1e-07 1e-07 0.0 0.0 0.0 0.0 1 0
_Cos_40686762065938092 11 "HSC-SSP Public Data Release 4 (Wide)" 37.162645102898914 -0.6114745027045531 1800.0 1 L r 40686762065938092 1177.1462 24.21399 1580.0256 35.146378 1976.57 43.41521 2180.981 86.17045 3181.12 181.90408 nan nan nan nan nan nan nan nan nan nan nan nan 1e-07 1e-07 0.0 0.0 0.0 0.0 1 0
_Cos_40686762065938190 11 "HSC-SSP Public Data Release 4 (Wide)" 37.202635901318985 -0.6103871465959054 1800.0 1 L r 40686762065938190 755.1919 23.42847 1030.502 23.167086 1463.1881 32.96913 2480.4111 73.24147 3169.417 163.73882 nan nan nan nan nan nan nan nan nan nan nan nan 1e-07 1e-07 0.0 0.0 0.0 0.0 1 0
_Cos_40686762065939061 11 "HSC-SSP Public Data Release 4 (Wide)" 37.251718168599766 -0.5912812332158671 1800.0 1 L r 40686762065939061 976.14795 37.94103 1215.5962 33.99517 1293.2546 66.83241 1924.0358 125.5624 1470.2616 267.12714 nan nan nan nan nan nan nan nan nan nan nan nan 1e-07 1e-07 0.0 0.0 0.0 0.0 1 0
_Cos_40686762065939145 11 "HSC-SSP Public Data Release 4 (Wide)" 37.22833369616176 -0.5882141152584898 1800.0 1 L r 40686762065939145 721.0024 24.989397 962.0015 21.021225 1633.8024 32.086357 2186.7375 68.08444 2457.775 169.97446 nan nan nan nan nan nan nan nan nan nan nan nan 1e-07 1e-07 0.0 0.0 0.0 0.0 1 0
_Cos_40686762065939218 11 "HSC-SSP Public Data Release 4 (Wide)" 37.268568458462454 -0.5837439010737097 1800.0 1 L r 40686762065939218 788.92474 20.5923 955.70776 17.853933 1761.9856 38.13855 2515.467 95.74602 3406.5671 204.21442 nan nan nan nan nan nan nan nan nan nan nan nan 1e-07 1e-07 0.0 0.0 0.0 0.0 1 0
_Cos_40686762065939329 11 "HSC-SSP Public Data Release 4 (Wide)" 37.310186483898185 -0.5845178036677436 1800.0 1 L r 40686762065939329 543.796 25.974533 746.8145 28.737812 1113.9783 43.541317 1242.3342 81.680824 1824.2032 195.5968 nan nan nan nan nan nan nan nan nan nan nan nan 1e-07 1e-07 0.0 0.0 0.0 0.0 1 0
_Cos_40686762065939421 11 "HSC-SSP Public Data Release 4 (Wide)" 37.1793278973212 -0.5823354092751887 1800.0 1 L r 40686762065939421 1544.4379 22.05247 1905.2186 21.205215 2605.0728 31.343975 3239.2979 67.90566 4046.1067 146.76082 nan nan nan nan nan nan nan nan nan nan nan nan 1e-07 1e-07 0.0 0.0 0.0 0.0 1 0
_Cos_40686762065940179 11 "HSC-SSP Public Data Release 4 (Wide)" 37.234046896060434 -0.565119890125995 1800.0 1 L r 40686762065940179 515.6665 25.580988 717.42175 34.195606 996.5974 40.109013 1494.4633 93.61018 1073.8337 208.05675 nan nan nan nan nan nan nan nan nan nan nan nan 1e-07 1e-07 0.0 0.0 0.0 0.0 1 0
_Cos_40686762065940388 11 "HSC-SSP Public Data Release 4 (Wide)" 37.29005716481118 -0.5605112108140631 1800.0 1 L r 40686762065940388 1345.2715 23.997915 1739.4708 23.544561 2929.9832 33.957275 3202.9824 69.00918 4333.179 138.13354 nan nan nan nan nan nan nan nan nan nan nan nan 1e-07 1e-07 0.0 0.0 0.0 0.0 1 0
_Cos_40686762065940781 11 "HSC-SSP Public Data Release 4 (Wide)" 37.30961246161051 -0.5486440160925463 1800.0 1 L r 40686762065940781 1611.1896 25.921331 1951.5023 55.964474 2093.0808 53.22288 3311.0784 92.234764 2231.0698 177.5708 nan nan nan nan nan nan nan nan nan nan nan nan 1e-07 1e-07 0.0 0.0 0.0 0.0 1 0
_Cos_40686762065941064 11 "HSC-SSP Public Data Release 4 (Wide)" 37.24761072095222 -0.5456090099416022 1800.0 1 L r 40686762065941064 489.09995 18.807718 674.5654 46.269375 1340.7186 54.260128 1944.1211 91.83092 2117.4187 219.8124 nan nan nan nan nan nan nan nan nan nan nan nan 1e-07 1e-07 0.0 0.0 0.0 0.0 1 0
_Cos_40686762065941095 11 "HSC-SSP Public Data Release 4 (Wide)" 37.17972809908011 -0.5459999812332057 1800.0 1 L r 40686762065941095 1261.1187 18.482458 1414.2994 26.947294 1850.6831 29.861177 2186.6553 65.78901 3371.0867 176.81245 nan nan nan nan nan nan nan nan nan nan nan nan 1e-07 1e-07 0.0 0.0 0.0 0.0 1 0
_Cos_40686762065941355 11 "HSC-SSP Public Data Release 4 (Wide)" 37.2158681984355 -0.5395796166489828 1800.0 1 L r 40686762065941355 825.92834 19.800623 1183.5956 27.340637 1231.3191 30.309546 1542.746 71.78603 1554.1898 160.28723 nan nan nan nan nan nan nan nan nan nan nan nan 1e-07 1e-07 0.0 0.0 0.0 0.0 1 0
_Cos_40686762065941564 11 "HSC-SSP Public Data Release 4 (Wide)" 37.250553615981616 -0.5364608283068781 1800.0 1 L r 40686762065941564 307.78754 21.621876 398.2372 39.910973 1164.4922 56.63332 1366.405 83.32557 1648.6688 181.28992 nan nan nan nan nan nan nan nan nan nan nan nan 1e-07 1e-07 0.0 0.0 0.0 0.0 1 0
_Cos_40686762065941684 11 "HSC-SSP Public Data Release 4 (Wide)" 37.22765169332155 -0.5331698549942883 1800.0 1 L r 40686762065941684 530.0802 18.804049 715.52563 24.902897 1287.0673 32.656033 1697.257 61.322426 1741.1165 114.23258 nan nan nan nan nan nan nan nan nan nan nan nan 1e-07 1e-07 0.0 0.0 0.0 0.0 1 0
_Cos_40686762065941796 11 "HSC-SSP Public Data Release 4 (Wide)" 37.15147014227439 -0.5312377956895052 1800.0 1 L r 40686762065941796 694.5429 18.619738 760.5612 22.730839 998.55725 26.595734 1386.9805 67.68203 1577.9788 150.81544 nan nan nan nan nan nan nan nan nan nan nan nan 1e-07 1e-07 0.0 0.0 0.0 0.0 1 0
_Cos_40686762065942463 11 "HSC-SSP Public Data Release 4 (Wide)" 37.225378368764986 -0.5193511181883725 1800.0 1 L r 40686762065942463 1084.293 21.178429 1561.1179 38.06996 2564.295 40.67549 3227.5361 88.8167 3269.1675 189.97418 nan nan nan nan nan nan nan nan nan nan nan nan 1e-07 1e-07 0.0 0.0 0.0 0.0 1 0
_Cos_40686762065942627 11 "HSC-SSP Public Data Release 4 (Wide)" 37.162355929029886 -0.5131785726514131 1800.0 1 L r 40686762065942627 747.68726 22.008673 930.29504 38.27586 937.9676 38.91963 995.8819 76.18479 839.9588 141.78764 nan nan nan nan nan nan nan nan nan nan nan nan 1e-07 1e-07 0.0 0.0 0.0 0.0 1 0
_Cos_40686762065942841 11 "HSC-SSP Public Data Release 4 (Wide)" 37.28675659456381 -0.5105716246449099 1800.0 1 L r 40686762065942841 1154.7782 19.661474 1264.9097 33.71084 1360.4991 31.661808 1460.852 68.915985 1995.2511 141.55907 nan nan nan nan nan nan nan nan nan nan nan nan 1e-07 1e-07 0.0 0.0 0.0 0.0 1 0
_Cos_40686762065942953 11 "HSC-SSP Public Data Release 4 (Wide)" 37.13238317634386 -0.5112923771981244 1800.0 1 L r 40686762065942953 591.6763 22.283163 832.99554 30.858418 1228.6317 32.57633 1568.0597 72.34327 923.39056 146.04086 nan nan nan nan nan nan nan nan nan nan nan nan 1e-07 1e-07 0.0 0.0 0.0 0.0 1 0
_Cos_40686762065943340 11 "HSC-SSP Public Data Release 4 (Wide)" 37.23595131692342 -0.5027036619090944 1800.0 1 L r 40686762065943340 637.6063 23.289232 665.9578 33.915325 953.0707 36.424973 1309.9836 74.30027 1620.5938 189.65005 nan nan nan nan nan nan nan nan nan nan nan nan 1e-07 1e-07 0.0 0.0 0.0 0.0 1 0
_Cos_40686762065943378 11 "HSC-SSP Public Data Release 4 (Wide)" 37.203417285383466 -0.5023959862034424 1800.0 1 L r 40686762065943378 1216.807 22.432848 1491.8778 31.842566 1850.3246 32.084343 3611.8281 85.037094 2295.511 162.2308 nan nan nan nan nan nan nan nan nan nan nan nan 1e-07 1e-07 0.0 0.0 0.0 0.0 1 0
_Cos_40686762065943416 11 "HSC-SSP Public Data Release 4 (Wide)" 37.274173080606595 -0.5018590720728046 1800.0 1 L r 40686762065943416 757.5241 22.191368 607.7267 31.559706 1178.9396 30.475998 1496.5001 64.93432 1929.1248 170.72388 nan nan nan nan nan nan nan nan nan nan nan nan 1e-07 1e-07 0.0 0.0 0.0 0.0 1 0
_Cos_40686762065943934 11 "HSC-SSP Public Data Release 4 (Wide)" 37.18150293733713 -0.49183101910634336 1800.0 1 L r 40686762065943934 1357.7756 18.152328 1747.3838 24.720009 1879.7026 27.75266 1942.5227 65.12752 2510.132 138.43338 nan nan nan nan nan nan nan nan nan nan nan nan 1e-07 1e-07 0.0 0.0 0.0 0.0 1 0
_Cos_40686762065943983 11 "HSC-SSP Public Data Release 4 (Wide)" 37.15759552909495 -0.4898534263421021 1800.0 1 L r 40686762065943983 502.06467 25.281101 546.49866 29.949562 928.05804 34.40819 1341.6873 75.065155 1604.1005 162.988 nan nan nan nan nan nan nan nan nan nan nan nan 1e-07 1e-07 0.0 0.0 0.0 0.0 1 0
_Cos_40686762065944715 11 "HSC-SSP Public Data Release 4 (Wide)" 37.21868822259556 -0.47100438149524726 1800.0 1 L r 40686762065944715 641.2682 20.62647 859.3959 34.738834 1151.0924 41.951584 1081.2651 66.63716 735.2054 127.17328 nan nan nan nan nan nan nan nan nan nan nan nan 1e-07 1e-07 0.0 0.0 0.0 0.0 1 0
_Cos_40686762065944759 11 "HSC-SSP Public Data Release 4 (Wide)" 37.28957279067804 -0.4722704754016598 1800.0 1 L r 40686762065944759 1242.0046 51.81595 875.22253 66.92856 1330.7996 64.08048 1838.9429 101.57214 1109.1024 156.67311 nan nan nan nan nan nan nan nan nan nan nan nan 1e-07 1e-07 0.0 0.0 0.0 0.0 1 0
_Cos_40686762065944893 11 "HSC-SSP Public Data Release 4 (Wide)" 37.15763704582423 -0.4679660981894143 1800.0 1 L r 40686762065944893 729.3624 18.864098 914.4746 26.225307 1073.9077 28.832325 1126.269 65.47958 1337.5312 144.07341 nan nan nan nan nan nan nan nan nan nan nan nan 1e-07 1e-07 0.0 0.0 0.0 0.0 1 0
_Cos_40686762065944945 11 "HSC-SSP Public Data Release 4 (Wide)" 37.21166063822098 -0.4678600310404964 1800.0 1 L r 40686762065944945 783.49445 19.043736 1027.4744 41.311443 1507.5978 40.76846 1444.4419 76.39023 1833.051 145.26288 nan nan nan nan nan nan nan nan nan nan nan nan 1e-07 1e-07 0.0 0.0 0.0 0.0 1 0
_Cos_40686766360887604 11 "HSC-SSP Public Data Release 4 (Wide)" 37.29299249684228 -0.46105438540586113 1800.0 1 L r 40686766360887604 751.657 20.89679 897.9846 39.83513 1192.9692 35.54433 1083.7977 62.8809 908.68555 132.04689 nan nan nan nan nan nan nan nan nan nan nan nan 1e-07 1e-07 0.0 0.0 0.0 0.0 1 0
_Cos_40686766360887675 11 "HSC-SSP Public Data Release 4 (Wide)" 37.20856455505834 -0.4591519783433869 1800.0 1 L r 40686766360887675 494.81558 19.131348 602.87036 39.616898 1258.4238 26.331682 1560.1624 62.22284 1646.705 138.23387 nan nan nan nan nan nan nan nan nan nan nan nan 1e-07 1e-07 0.0 0.0 0.0 0.0 1 0
_Cos_40686766360890027 11 "HSC-SSP Public Data Release 4 (Wide)" 37.22005627341055 -0.4036098108817979 1800.0 1 L r 40686766360890027 803.3834 20.90473 909.6396 24.640697 1079.5918 28.687115 1393.4012 67.41221 1462.6649 122.58372 nan nan nan nan nan nan nan nan nan nan nan nan 1e-07 1e-07 0.0 0.0 0.0 0.0 1 0
_Cos_40686766360892537 11 "HSC-SSP Public Data Release 4 (Wide)" 37.23307142092553 -0.3428557418825682 1800.0 1 L r 40686766360892537 655.03827 20.181782 726.58636 24.214945 985.9618 25.759985 1342.1619 59.70785 1201.1461 165.71538 nan nan nan nan nan nan nan nan nan nan nan nan 1e-07 1e-07 0.0 0.0 0.0 0.0 1 0
_Cos_40686766360894515 11 "HSC-SSP Public Data Release 4 (Wide)" 37.3067002033218 -0.2943307021889056 1800.0 1 L r 40686766360894515 1436.3922 20.958704 1946.188 38.1422 1489.1193 34.804893 1858.2072 80.763954 1402.0833 153.57062 nan nan nan nan nan nan nan nan nan nan nan nan 1e-07 1e-07 0.0 0.0 0.0 0.0 1 0
_Cos_40686766360905733 11 "HSC-SSP Public Data Release 4 (Wide)" 37.25679090920527 -0.4556695759526961 1800.0 1 L r 40686766360905733 741.0144 18.444704 834.4638 31.431608 1534.1403 36.268013 1759.875 81.289185 2616.666 193.15773 nan nan nan nan nan nan nan nan nan nan nan nan 1e-07 1e-07 0.0 0.0 0.0 0.0 1 0
_Cos_40686766360906630 11 "HSC-SSP Public Data Release 4 (Wide)" 37.25387810679613 -0.4371848555746403 1800.0 1 L r 40686766360906630 1021.3649 19.3641 1271.8247 28.901247 1587.4485 40.12861 1887.7194 98.46977 2306.9006 194.71786 nan nan nan nan nan nan nan nan nan nan nan nan 1e-07 1e-07 0.0 0.0 0.0 0.0 1 0
_Cos_40686766360906868 11 "HSC-SSP Public Data Release 4 (Wide)" 37.219588338874175 -0.4347777008717361 1800.0 1 L r 40686766360906868 1040.8188 20.640085 1119.4482 27.266985 1143.9987 29.065607 1935.375 77.15624 2312.4128 149.22556 nan nan nan nan nan nan nan nan nan nan nan nan 1e-07 1e-07 0.0 0.0 0.0 0.0 1 0
_Cos_40686766360907113 11 "HSC-SSP Public Data Release 4 (Wide)" 37.2710140405273 -0.4272264267664935 1800.0 1 L r 40686766360907113 979.4448 20.652203 1393.0295 31.035694 3159.8423 31.600466 4935.623 69.46604 6732.022 164.54979 nan nan nan nan nan nan nan nan nan nan nan nan 1e-07 1e-07 0.0 0.0 0.0 0.0 1 0
_Cos_40686766360907190 11 "HSC-SSP Public Data Release 4 (Wide)" 37.173296881114226 -0.42307965564592576 1800.0 1 L r 40686766360907190 1517.9836 27.824623 980.56506 28.83432 984.4323 29.855303 994.5726 70.08284 1224.1802 130.9071 nan nan nan nan nan nan nan nan nan nan nan nan 1e-07 1e-07 0.0 0.0 0.0 0.0 1 0
_Cos_40686766360908427 11 "HSC-SSP Public Data Release 4 (Wide)" 37.18387995813894 -0.4013309021347741 1800.0 1 L r 40686766360908427 517.44086 20.89001 637.75574 20.660578 918.0288 36.91756 788.6639 70.89798 1418.2755 228.52873 nan nan nan nan nan nan nan nan nan nan nan nan 1e-07 1e-07 0.0 0.0 0.0 0.0 1 0
_Cos_40686766360908468 11 "HSC-SSP Public Data Release 4 (Wide)" 37.16049667913547 -0.40047726016221324 1800.0 1 L r 40686766360908468 516.0687 16.574802 722.749 15.321992 1359.1644 24.982805 1720.0115 58.506203 1432.9987 162.81409 nan nan nan nan nan nan nan nan nan nan nan nan 1e-07 1e-07 0.0 0.0 0.0 0.0 1 0
_Cos_40686766360909473 11 "HSC-SSP Public Data Release 4 (Wide)" 37.22178888884781 -0.3841752605011238 1800.0 1 L r 40686766360909473 665.766 24.074455 877.10754 21.362955 1336.939 32.70573 1357.0436 72.42829 1637.7749 192.16049 nan nan nan nan nan nan nan nan nan nan nan nan 1e-07 1e-07 0.0 0.0 0.0 0.0 1 0
_Cos_40686766360909652 11 "HSC-SSP Public Data Release 4 (Wide)" 37.30380648987779 -0.37926301998948003 1800.0 1 L r 40686766360909652 808.7529 16.736013 847.18994 16.622074 1004.4634 25.477983 983.13257 63.455395 1284.3397 126.31287 nan nan nan nan nan nan nan nan nan nan nan nan 1e-07 1e-07 0.0 0.0 0.0 0.0 1 0
_Cos_40686766360909886 11 "HSC-SSP Public Data Release 4 (Wide)" 37.252305743815135 -0.3763820685415047 1800.0 1 L r 40686766360909886 906.293 19.149288 970.8866 25.449223 1160.0309 41.366577 1072.7273 91.95494 5025.085 394.062 nan nan nan nan nan nan nan nan nan nan nan nan 1e-07 1e-07 0.0 0.0 0.0 0.0 1 0
_Cos_40686766360910041 11 "HSC-SSP Public Data Release 4 (Wide)" 37.14891554349372 -0.373198626337265 1800.0 1 L r 40686766360910041 654.874 16.016687 822.05316 18.509384 1298.3679 27.610687 1639.5294 64.404 1199.3822 125.59704 nan nan nan nan nan nan nan nan nan nan nan nan 1e-07 1e-07 0.0 0.0 0.0 0.0 1 0
_Cos_40686766360910072 11 "HSC-SSP Public Data Release 4 (Wide)" 37.18076740371863 -0.37229618206903975 1800.0 1 L r 40686766360910072 382.14334 19.044947 575.25836 22.382782 1391.6683 29.941345 2292.881 72.013405 4134.5522 181.59111 nan nan nan nan nan nan nan nan nan nan nan nan 1e-07 1e-07 0.0 0.0 0.0 0.0 1 0
_Cos_40686766360910535 11 "HSC-SSP Public Data Release 4 (Wide)" 37.21035141681396 -0.36345932203391146 1800.0 1 L r 40686766360910535 1003.94086 20.39038 1231.706 22.80411 1575.6283 26.700386 2438.3906 62.20196 3376.3044 153.1501 nan nan nan nan nan nan nan nan nan nan nan nan 1e-07 1e-07 0.0 0.0 0.0 0.0 1 0
_Cos_40686766360910762 11 "HSC-SSP Public Data Release 4 (Wide)" 37.158238446701674 -0.36084548481750256 1800.0 1 L r 40686766360910762 345.65234 22.061087 497.37164 31.61838 979.2945 36.829105 1288.4469 82.05725 1098.7753 166.26317 nan nan nan nan nan nan nan nan nan nan nan nan 1e-07 1e-07 0.0 0.0 0.0 0.0 1 0
_Cos_40686766360911167 11 "HSC-SSP Public Data Release 4 (Wide)" 37.27229252349322 -0.35155632348541094 1800.0 1 L r 40686766360911167 912.34644 18.474983 1044.1483 18.812721 1319.9984 26.928186 1554.0668 62.763138 2142.618 140.32722 nan nan nan nan nan nan nan nan nan nan nan nan 1e-07 1e-07 0.0 0.0 0.0 0.0 1 0
