output/Jan25/final_nf_input/field_e_L4_visit2_final_targets.ecsv
# %ECSV 1.0
# ---
# datatype:
# - {name: ob_code, datatype: string}
# - {name: catId, datatype: int32}
# - {name: description, datatype: string}
# - {name: R.A., datatype: float64}
# - {name: Dec., datatype: float64}
# - {name: Exposure Time, datatype: float64}
# - {name: Priority, datatype: int32}
# - {name: resolution, datatype: string}
# - {name: reference_arm, datatype: string}
# - {name: ID, datatype: int64}
# - {name: g_hsc, datatype: float64}
# - {name: g_hsc_err, datatype: float64}
# - {name: r2_hsc, datatype: float64}
# - {name: r2_hsc_err, datatype: float64}
# - {name: i2_hsc, datatype: float64}
# - {name: i2_hsc_err, datatype: float64}
# - {name: z_hsc, datatype: float64}
# - {name: z_hsc_err, datatype: float64}
# - {name: y_hsc, datatype: float64}
# - {name: y_hsc_err, datatype: float64}
# - {name: epoch, datatype: float64}
# - {name: input_catalog_id, datatype: float64}
# - {name: psf_flux_g, datatype: float64}
# - {name: psf_flux_error_g, datatype: float64}
# - {name: psf_flux_r, datatype: float64}
# - {name: psf_flux_error_r, datatype: float64}
# - {name: psf_flux_i, datatype: float64}
# - {name: psf_flux_error_i, datatype: float64}
# - {name: psf_flux_z, datatype: float64}
# - {name: psf_flux_error_z, datatype: float64}
# - {name: psf_flux_y, datatype: float64}
# - {name: psf_flux_error_y, datatype: float64}
# - {name: parallax, datatype: float64}
# - {name: parallax_error, datatype: float64}
# - {name: pmra, datatype: float64}
# - {name: pmra_error, datatype: float64}
# - {name: pmdec, datatype: float64}
# - {name: pmdec_error, datatype: float64}
# - {name: target_type, datatype: int32}
# - {name: stage, datatype: int32}
# schema: astropy-2.0
ob_code catId description R.A. Dec. "Exposure Time" Priority resolution reference_arm ID g_hsc g_hsc_err r2_hsc r2_hsc_err i2_hsc i2_hsc_err z_hsc z_hsc_err y_hsc y_hsc_err epoch input_catalog_id psf_flux_g psf_flux_error_g psf_flux_r psf_flux_error_r psf_flux_i psf_flux_error_i psf_flux_z psf_flux_error_z psf_flux_y psf_flux_error_y parallax parallax_error pmra pmra_error pmdec pmdec_error target_type stage
[from data line 1027]
_Cos_42028282215929826 11 "HSC-SSP Public Data Release 4 (Wide)" 128.9662324113967 0.08732602810287318 1800.0 1 L r 42028282215929826 522.4014 24.136387 683.13776 56.53206 925.0447 44.84173 1111.6395 75.4171 2239.6719 146.13304 nan nan nan nan nan nan nan nan nan nan nan nan 1e-07 1e-07 0.0 0.0 0.0 0.0 1 0
_Cos_42028282215940604 11 "HSC-SSP Public Data Release 4 (Wide)" 128.93504289161726 0.00021842230814975635 1800.0 1 L r 42028282215940604 540.7803 27.352629 639.78564 60.708706 990.20056 45.643196 1049.3949 70.63227 1415.2094 132.05896 nan nan nan nan nan nan nan nan nan nan nan nan 1e-07 1e-07 0.0 0.0 0.0 0.0 1 0
_Cos_42028282215941104 11 "HSC-SSP Public Data Release 4 (Wide)" 128.8652284090633 0.016505860889996227 1800.0 1 L r 42028282215941104 1602.6781 34.426525 1962.9857 74.0749 2404.4817 80.172035 2245.2905 115.27863 3505.43 222.25272 nan nan nan nan nan nan nan nan nan nan nan nan 1e-07 1e-07 0.0 0.0 0.0 0.0 1 0
_Cos_42028282215941146 11 "HSC-SSP Public Data Release 4 (Wide)" 128.8851753585627 0.01869620551834233 1800.0 1 L r 42028282215941146 1123.8516 32.556595 1097.7869 68.013405 1883.0986 71.32652 1845.001 107.58769 2468.845 200.00282 nan nan nan nan nan nan nan nan nan nan nan nan 1e-07 1e-07 0.0 0.0 0.0 0.0 1 0
_Cos_42028282215941237 11 "HSC-SSP Public Data Release 4 (Wide)" 128.9069642024694 0.02151555803586661 1800.0 1 L r 42028282215941237 471.5859 27.533083 549.9488 60.715157 1614.4613 58.47057 2270.1123 99.05373 2797.3704 189.52798 nan nan nan nan nan nan nan nan nan nan nan nan 1e-07 1e-07 0.0 0.0 0.0 0.0 1 0
_Cos_42028282215941655 11 "HSC-SSP Public Data Release 4 (Wide)" 128.90047885802394 0.03359357964511516 1800.0 1 L r 42028282215941655 1194.0406 24.2364 883.08887 46.504517 3431.537 80.360085 4402.3584 145.64049 1030.1963 145.0377 nan nan nan nan nan nan nan nan nan nan nan nan 1e-07 1e-07 0.0 0.0 0.0 0.0 1 0
_Cos_42028282215941734 11 "HSC-SSP Public Data Release 4 (Wide)" 128.96451547144554 0.035358535130223356 1800.0 1 L r 42028282215941734 800.2649 30.996878 1168.0363 75.87884 1559.8662 55.58157 2617.8408 120.813255 2209.354 169.1827 nan nan nan nan nan nan nan nan nan nan nan nan 1e-07 1e-07 0.0 0.0 0.0 0.0 1 0
_Cos_42028282215942127 11 "HSC-SSP Public Data Release 4 (Wide)" 128.90342673732786 0.04980099566695076 1800.0 1 L r 42028282215942127 684.7188 20.5637 863.5923 51.438267 961.4382 45.512947 1083.8573 78.35879 2006.3438 175.58714 nan nan nan nan nan nan nan nan nan nan nan nan 1e-07 1e-07 0.0 0.0 0.0 0.0 1 0
_Cos_42028282215942264 11 "HSC-SSP Public Data Release 4 (Wide)" 128.96366796220752 0.051859472322322554 1800.0 1 L r 42028282215942264 404.64905 22.133625 558.87103 49.847775 1129.315 37.320274 1426.8011 63.86323 1387.1528 129.95636 nan nan nan nan nan nan nan nan nan nan nan nan 1e-07 1e-07 0.0 0.0 0.0 0.0 1 0
_Cos_42028282215943008 11 "HSC-SSP Public Data Release 4 (Wide)" 128.96389270351116 0.07514694134164679 1800.0 1 L r 42028282215943008 1455.9952 30.26505 1663.9166 59.26119 2814.3926 70.30797 3700.67 128.43039 5999.167 214.81383 nan nan nan nan nan nan nan nan nan nan nan nan 1e-07 1e-07 0.0 0.0 0.0 0.0 1 0
_Cos_42028282215943234 11 "HSC-SSP Public Data Release 4 (Wide)" 128.9200526574363 0.07964996670248699 1800.0 1 L r 42028282215943234 503.15857 25.525177 518.983 53.46938 998.9034 54.55684 897.93365 99.87339 1272.7197 173.10834 nan nan nan nan nan nan nan nan nan nan nan nan 1e-07 1e-07 0.0 0.0 0.0 0.0 1 0
_Cos_42028286510891376 11 "HSC-SSP Public Data Release 4 (Wide)" 128.93512340305378 0.09746283091581139 1800.0 1 L r 42028286510891376 566.9656 21.651438 663.27155 53.475285 1074.2059 39.70717 1016.5669 64.5863 1193.3605 119.099625 nan nan nan nan nan nan nan nan nan nan nan nan 1e-07 1e-07 0.0 0.0 0.0 0.0 1 0
_Cos_42028286510891575 11 "HSC-SSP Public Data Release 4 (Wide)" 128.92915490264312 0.10337847028196022 1800.0 1 L r 42028286510891575 1189.4801 31.189928 1449.1692 74.26256 2156.4316 51.144222 2526.9185 93.31472 2739.359 136.31747 nan nan nan nan nan nan nan nan nan nan nan nan 1e-07 1e-07 0.0 0.0 0.0 0.0 1 0
_Cos_42028286510891932 11 "HSC-SSP Public Data Release 4 (Wide)" 128.8746515300198 0.11405733219451587 1800.0 1 L r 42028286510891932 491.0132 28.846731 579.06683 60.443398 1037.8741 44.077965 1846.0494 97.69689 1648.2399 148.98479 nan nan nan nan nan nan nan nan nan nan nan nan 1e-07 1e-07 0.0 0.0 0.0 0.0 1 0
_Cos_42028286510892387 11 "HSC-SSP Public Data Release 4 (Wide)" 128.92241470506863 0.12809180810123122 1800.0 1 L r 42028286510892387 1194.175 28.144352 1790.3556 76.97485 3415.8215 55.530922 5354.9717 108.189514 5494.9697 169.57135 nan nan nan nan nan nan nan nan nan nan nan nan 1e-07 1e-07 0.0 0.0 0.0 0.0 1 0
_Cos_42028286510892823 11 "HSC-SSP Public Data Release 4 (Wide)" 128.87064983977044 0.14072094192026804 1800.0 1 L r 42028286510892823 574.81525 34.118774 790.52734 64.6392 1381.8104 72.5057 1438.2437 109.3666 963.22534 143.62497 nan nan nan nan nan nan nan nan nan nan nan nan 1e-07 1e-07 0.0 0.0 0.0 0.0 1 0
_Cos_42028286510892968 11 "HSC-SSP Public Data Release 4 (Wide)" 128.90106521258036 0.14495316982952966 1800.0 1 L r 42028286510892968 630.73505 21.45291 883.095 52.601006 1162.8254 38.997948 1999.7759 78.79671 2517.3462 132.08685 nan nan nan nan nan nan nan nan nan nan nan nan 1e-07 1e-07 0.0 0.0 0.0 0.0 1 0
_Cos_42028286510893599 11 "HSC-SSP Public Data Release 4 (Wide)" 128.90543017009068 0.16289077192327586 1800.0 1 L r 42028286510893599 1228.0265 31.60886 1160.1178 65.3565 1624.9805 52.54383 1681.168 86.35392 2919.0347 164.1958 nan nan nan nan nan nan nan nan nan nan nan nan 1e-07 1e-07 0.0 0.0 0.0 0.0 1 0
_Cos_42028286510893808 11 "HSC-SSP Public Data Release 4 (Wide)" 128.97897949648143 0.1710405558932212 1800.0 1 L r 42028286510893808 1084.5549 32.07533 1266.6464 69.23355 1278.4181 92.31754 1538.635 157.84184 1322.8419 242.8629 nan nan nan nan nan nan nan nan nan nan nan nan 1e-07 1e-07 0.0 0.0 0.0 0.0 1 0
_Cos_42028286510895045 11 "HSC-SSP Public Data Release 4 (Wide)" 128.94541845431053 0.2064956968599027 1800.0 1 L r 42028286510895045 1144.9417 23.289026 1483.2335 63.506584 1642.1761 46.633625 2474.778 80.24726 2590.1365 143.85703 nan nan nan nan nan nan nan nan nan nan nan nan 1e-07 1e-07 0.0 0.0 0.0 0.0 1 0
_Cos_42028286510895649 11 "HSC-SSP Public Data Release 4 (Wide)" 128.92032738000717 0.22308528813969847 1800.0 1 L r 42028286510895649 665.509 27.05519 934.9767 58.083286 1647.1909 50.551685 3024.1936 96.50188 3876.306 150.93942 nan nan nan nan nan nan nan nan nan nan nan nan 1e-07 1e-07 0.0 0.0 0.0 0.0 1 0
_Cos_42028286510895788 11 "HSC-SSP Public Data Release 4 (Wide)" 128.9518104329673 0.22737022881476054 1800.0 1 L r 42028286510895788 939.70996 24.868591 899.9433 50.09302 1192.841 56.99749 1335.9749 102.38638 1854.9025 197.22487 nan nan nan nan nan nan nan nan nan nan nan nan 1e-07 1e-07 0.0 0.0 0.0 0.0 1 0
_Cos_42028286510907349 11 "HSC-SSP Public Data Release 4 (Wide)" 128.9584854824514 0.10553351435391094 1800.0 1 L r 42028286510907349 699.6411 20.467108 899.5 47.812023 1081.0765 43.260494 1780.8418 99.703094 990.6406 122.21251 nan nan nan nan nan nan nan nan nan nan nan nan 1e-07 1e-07 0.0 0.0 0.0 0.0 1 0
_Cos_42028286510907915 11 "HSC-SSP Public Data Release 4 (Wide)" 128.94819448721282 0.11995779223995386 1800.0 1 L r 42028286510907915 661.3472 22.588577 851.8145 56.06599 920.35156 47.06593 733.90753 76.00682 1127.6667 144.10141 nan nan nan nan nan nan nan nan nan nan nan nan 1e-07 1e-07 0.0 0.0 0.0 0.0 1 0
_Cos_42028286510908239 11 "HSC-SSP Public Data Release 4 (Wide)" 128.89918738187447 0.12747217234464933 1800.0 1 L r 42028286510908239 562.42316 32.291557 714.9382 60.368717 956.2474 51.981483 1247.6014 108.63162 1762.8793 160.22794 nan nan nan nan nan nan nan nan nan nan nan nan 1e-07 1e-07 0.0 0.0 0.0 0.0 1 0
_Cos_42028286510909110 11 "HSC-SSP Public Data Release 4 (Wide)" 128.926770418061 0.15341955933051052 1800.0 1 L r 42028286510909110 1101.8927 25.066357 1488.4783 60.24505 1500.2322 38.38957 1605.4526 70.535706 2245.5442 162.55513 nan nan nan nan nan nan nan nan nan nan nan nan 1e-07 1e-07 0.0 0.0 0.0 0.0 1 0
_Cos_42028286510909351 11 "HSC-SSP Public Data Release 4 (Wide)" 128.97870322901008 0.15895800442737765 1800.0 1 L r 42028286510909351 1075.8706 25.167065 1255.4521 52.19511 2085.5203 49.856403 4013.9792 106.052635 3629.0479 148.4748 nan nan nan nan nan nan nan nan nan nan nan nan 1e-07 1e-07 0.0 0.0 0.0 0.0 1 0
_Cos_42028286510910330 11 "HSC-SSP Public Data Release 4 (Wide)" 128.92363756659012 0.18497246827739097 1800.0 1 L r 42028286510910330 861.34125 36.101627 910.415 79.95207 1140.4272 52.58299 1113.1249 80.79444 1516.1661 152.2988 nan nan nan nan nan nan nan nan nan nan nan nan 1e-07 1e-07 0.0 0.0 0.0 0.0 1 0
_Cos_42028286510910845 11 "HSC-SSP Public Data Release 4 (Wide)" 128.91095663237675 0.2001358737068142 1800.0 1 L r 42028286510910845 708.94366 42.681747 840.39343 73.69884 1516.6456 51.057972 1879.8417 85.74993 2139.575 155.89186 nan nan nan nan nan nan nan nan nan nan nan nan 1e-07 1e-07 0.0 0.0 0.0 0.0 1 0
_Cos_42028286510911713 11 "HSC-SSP Public Data Release 4 (Wide)" 128.97430780599183 0.22323069423978806 1800.0 1 L r 42028286510911713 1148.114 20.34597 1523.5947 57.000336 1684.7719 43.142246 2833.9453 83.8991 3523.186 147.14235 nan nan nan nan nan nan nan nan nan nan nan nan 1e-07 1e-07 0.0 0.0 0.0 0.0 1 0
_Cos_42028286510911952 11 "HSC-SSP Public Data Release 4 (Wide)" 128.94161731080524 0.22883246898080734 1800.0 1 L r 42028286510911952 587.72327 19.531725 782.52313 40.955524 1266.8413 43.05942 2089.9805 77.66396 2415.293 120.46641 nan nan nan nan nan nan nan nan nan nan nan nan 1e-07 1e-07 0.0 0.0 0.0 0.0 1 0
_Cos_42028286510912705 11 "HSC-SSP Public Data Release 4 (Wide)" 128.97115748775187 0.24431288588389272 1800.0 1 L r 42028286510912705 607.7993 18.223848 935.14453 41.632545 1261.141 30.99458 1812.1261 59.129417 2089.7183 117.57152 nan nan nan nan nan nan nan nan nan nan nan nan 1e-07 1e-07 0.0 0.0 0.0 0.0 1 0
_Cos_42028286510913733 11 "HSC-SSP Public Data Release 4 (Wide)" 128.96293987127376 0.267223939001033 1800.0 1 L r 42028286510913733 1641.28 45.5864 1695.294 44.55581 2272.0964 80.65498 3116.1418 151.93268 2653.6035 236.41585 nan nan nan nan nan nan nan nan nan nan nan nan 1e-07 1e-07 0.0 0.0 0.0 0.0 1 0
_Cos_42028290805875650 11 "HSC-SSP Public Data Release 4 (Wide)" 128.97227959802285 0.28677853699710854 1800.0 1 L r 42028290805875650 1049.1637 28.809072 1307.8342 55.93683 2345.0183 58.298103 2666.4922 99.128235 3955.5327 162.17004 nan nan nan nan nan nan nan nan nan nan nan nan 1e-07 1e-07 0.0 0.0 0.0 0.0 1 0
_Cos_42033092579299572 11 "HSC-SSP Public Data Release 4 (Wide)" 129.809555729252 0.0005619034480636418 1800.0 1 L r 42033092579299572 655.17914 23.779926 773.925 39.241314 941.6052 29.261698 1067.9652 68.4458 609.40765 79.04774 nan nan nan nan nan nan nan nan nan nan nan nan 1e-07 1e-07 0.0 0.0 0.0 0.0 1 0
_Cos_42033092579300422 11 "HSC-SSP Public Data Release 4 (Wide)" 129.8050327173161 0.01949090430713719 1800.0 1 L r 42033092579300422 1009.4397 19.047298 1179.9314 37.725693 1637.0869 32.784386 2660.412 64.41952 3317.3174 114.19027 nan nan nan nan nan nan nan nan nan nan nan nan 1e-07 1e-07 0.0 0.0 0.0 0.0 1 0
_Cos_42033092579301577 11 "HSC-SSP Public Data Release 4 (Wide)" 129.81586594872118 0.045139587214248926 1800.0 1 L r 42033092579301577 1981.1378 29.161001 2375.8616 56.315052 3414.2695 49.602993 4168.627 89.11205 4797.2256 161.59242 nan nan nan nan nan nan nan nan nan nan nan nan 1e-07 1e-07 0.0 0.0 0.0 0.0 1 0
_Cos_42033092579301669 11 "HSC-SSP Public Data Release 4 (Wide)" 129.76931019112715 0.04723787529953033 1800.0 1 L r 42033092579301669 720.7705 22.10278 965.84753 44.72274 2212.7866 34.75594 2962.3176 74.53879 3407.9524 132.0208 nan nan nan nan nan nan nan nan nan nan nan nan 1e-07 1e-07 0.0 0.0 0.0 0.0 1 0
_Cos_42033092579316695 11 "HSC-SSP Public Data Release 4 (Wide)" 129.8494073663554 0.005888176066535135 1800.0 1 L r 42033092579316695 1010.8598 23.118248 1308.7844 39.49138 2967.9863 34.221233 5028.529 74.71606 5468.683 134.68483 nan nan nan nan nan nan nan nan nan nan nan nan 1e-07 1e-07 0.0 0.0 0.0 0.0 1 0
_Cos_42033092579316925 11 "HSC-SSP Public Data Release 4 (Wide)" 129.89969662918418 0.00765248388192584 1800.0 1 L r 42033092579316925 606.5655 22.506844 905.4724 48.663048 1098.5005 30.386946 1786.2377 75.18037 1399.6262 125.502266 nan nan nan nan nan nan nan nan nan nan nan nan 1e-07 1e-07 0.0 0.0 0.0 0.0 1 0
_Cos_42033092579317824 11 "HSC-SSP Public Data Release 4 (Wide)" 129.75412693627126 0.018692191997708222 1800.0 1 L r 42033092579317824 897.3575 23.830288 1269.0339 48.377964 2172.9482 45.744495 2875.3054 98.33254 2593.6045 164.4194 nan nan nan nan nan nan nan nan nan nan nan nan 1e-07 1e-07 0.0 0.0 0.0 0.0 1 0
_Cos_42033092579318004 11 "HSC-SSP Public Data Release 4 (Wide)" 129.8279697233162 0.022047972128976242 1800.0 1 L r 42033092579318004 166.81606 18.512554 195.30272 51.56572 1448.8622 110.03518 403.33972 76.05128 497.7943 139.5943 nan nan nan nan nan nan nan nan nan nan nan nan 1e-07 1e-07 0.0 0.0 0.0 0.0 1 0
_Cos_42033092579318455 11 "HSC-SSP Public Data Release 4 (Wide)" 129.88346768386182 0.030905333007807765 1800.0 1 L r 42033092579318455 1958.841 28.566992 2011.5659 51.106087 2619.3562 57.569046 3790.4128 98.773834 3900.1697 168.74112 nan nan nan nan nan nan nan nan nan nan nan nan 1e-07 1e-07 0.0 0.0 0.0 0.0 1 0
_Cos_42033092579318980 11 "HSC-SSP Public Data Release 4 (Wide)" 129.8346716628986 0.039384976162421426 1800.0 1 L r 42033092579318980 590.7997 19.759666 807.39496 40.367786 985.571 30.698719 972.69525 62.237453 882.1532 88.92465 nan nan nan nan nan nan nan nan nan nan nan nan 1e-07 1e-07 0.0 0.0 0.0 0.0 1 0
_Cos_42033092579319325 11 "HSC-SSP Public Data Release 4 (Wide)" 129.75003085226004 0.04622966129688669 1800.0 1 L r 42033092579319325 975.3907 22.663 1311.9839 49.441566 1556.0349 33.71781 2054.593 79.04493 1524.5593 117.400055 nan nan nan nan nan nan nan nan nan nan nan nan 1e-07 1e-07 0.0 0.0 0.0 0.0 1 0
_Cos_42033092579319475 11 "HSC-SSP Public Data Release 4 (Wide)" 129.80720466493713 0.0498375871553976 1800.0 1 L r 42033092579319475 1032.826 18.537743 1131.4048 37.73178 1413.4786 29.269005 2167.3367 60.185078 2395.904 105.43725 nan nan nan nan nan nan nan nan nan nan nan nan 1e-07 1e-07 0.0 0.0 0.0 0.0 1 0
_Cos_42033092579320200 11 "HSC-SSP Public Data Release 4 (Wide)" 129.84787839838 0.06403332675094771 1800.0 1 L r 42033092579320200 898.72375 31.462116 1250.0453 61.07051 3269.1194 49.594376 4287.388 105.75966 5066.8027 185.07672 nan nan nan nan nan nan nan nan nan nan nan nan 1e-07 1e-07 0.0 0.0 0.0 0.0 1 0
_Cos_42033092579320744 11 "HSC-SSP Public Data Release 4 (Wide)" 129.7641630671084 0.07549798069109422 1800.0 1 L r 42033092579320744 1463.6901 34.233154 1813.0992 59.07238 2695.246 60.91196 2785.4128 109.7175 2616.9253 184.14447 nan nan nan nan nan nan nan nan nan nan nan nan 1e-07 1e-07 0.0 0.0 0.0 0.0 1 0
_Cos_42033092579321210 11 "HSC-SSP Public Data Release 4 (Wide)" 129.79824513891893 0.0836791085982212 1800.0 1 L r 42033092579321210 787.2652 21.887959 1029.8833 53.95157 1445.0685 32.122543 1841.2733 74.12484 1728.3608 112.8557 nan nan nan nan nan nan nan nan nan nan nan nan 1e-07 1e-07 0.0 0.0 0.0 0.0 1 0
_Cos_42033096874263354 11 "HSC-SSP Public Data Release 4 (Wide)" 129.8315423291874 0.10159996537214075 1800.0 1 L r 42033096874263354 868.5668 27.17425 979.00195 52.228508 1111.6411 35.552696 1593.3054 75.063324 1613.4432 124.225945 nan nan nan nan nan nan nan nan nan nan nan nan 1e-07 1e-07 0.0 0.0 0.0 0.0 1 0
_Cos_42033096874265136 11 "HSC-SSP Public Data Release 4 (Wide)" 129.7298993579273 0.13712336992619475 1800.0 1 L r 42033096874265136 662.58606 39.08076 1134.3085 81.670364 2261.0923 37.808376 4784.42 77.095795 7128.044 146.7982 nan nan nan nan nan nan nan nan nan nan nan nan 1e-07 1e-07 0.0 0.0 0.0 0.0 1 0
