output/Jan25/final_nf_input/field_b_L2_visit1_final_targets.ecsv
# %ECSV 1.0
# ---
# datatype:
# - {name: ob_code, datatype: string}
# - {name: catId, datatype: int32}
# - {name: description, datatype: string}
# - {name: R.A., datatype: float64}
# - {name: Dec., datatype: float64}
# - {name: Exposure Time, datatype: float64}
# - {name: Priority, datatype: int32}
# - {name: resolution, datatype: string}
# - {name: reference_arm, datatype: string}
# - {name: ID, datatype: int64}
# - {name: g_hsc, datatype: float64}
# - {name: g_hsc_err, datatype: float64}
# - {name: r2_hsc, datatype: float64}
# - {name: r2_hsc_err, datatype: float64}
# - {name: i2_hsc, datatype: float64}
# - {name: i2_hsc_err, datatype: float64}
# - {name: z_hsc, datatype: float64}
# - {name: z_hsc_err, datatype: float64}
# - {name: y_hsc, datatype: float64}
# - {name: y_hsc_err, datatype: float64}
# - {name: epoch, datatype: float64}
# - {name: input_catalog_id, datatype: float64}
# - {name: psf_flux_g, datatype: float64}
# - {name: psf_flux_error_g, datatype: float64}
# - {name: psf_flux_r, datatype: float64}
# - {name: psf_flux_error_r, datatype: float64}
# - {name: psf_flux_i, datatype: float64}
# - {name: psf_flux_error_i, datatype: float64}
# - {name: psf_flux_z, datatype: float64}
# - {name: psf_flux_error_z, datatype: float64}
# - {name: psf_flux_y, datatype: float64}
# - {name: psf_flux_error_y, datatype: float64}
# - {name: parallax, datatype: float64}
# - {name: parallax_error, datatype: float64}
# - {name: pmra, datatype: float64}
# - {name: pmra_error, datatype: float64}
# - {name: pmdec, datatype: float64}
# - {name: pmdec_error, datatype: float64}
# - {name: target_type, datatype: int32}
# - {name: stage, datatype: int32}
# schema: astropy-2.0
ob_code catId description R.A. Dec. "Exposure Time" Priority resolution reference_arm ID g_hsc g_hsc_err r2_hsc r2_hsc_err i2_hsc i2_hsc_err z_hsc z_hsc_err y_hsc y_hsc_err epoch input_catalog_id psf_flux_g psf_flux_error_g psf_flux_r psf_flux_error_r psf_flux_i psf_flux_error_i psf_flux_z psf_flux_error_z psf_flux_y psf_flux_error_y parallax parallax_error pmra pmra_error pmdec pmdec_error target_type stage
[from data line 1029]
_Cos_40687045533780716 11 "HSC-SSP Public Data Release 4 (Wide)" 36.83994978560179 -0.25654739342330485 1800.0 1 L r 40687045533780716 938.6216 22.862982 1240.8878 31.301163 1655.2141 46.174183 2823.6025 105.65379 2877.5078 213.66333 nan nan nan nan nan nan nan nan nan nan nan nan 1e-07 1e-07 0.0 0.0 0.0 0.0 1 0
_Cos_40687045533781276 11 "HSC-SSP Public Data Release 4 (Wide)" 36.87593142623418 -0.24002776357168676 1800.0 1 L r 40687045533781276 1190.8953 33.035667 764.42505 42.84324 2544.908 68.64681 1450.4541 89.30177 1231.6422 179.52046 nan nan nan nan nan nan nan nan nan nan nan nan 1e-07 1e-07 0.0 0.0 0.0 0.0 1 0
_Cos_40687045533781547 11 "HSC-SSP Public Data Release 4 (Wide)" 36.84519890408472 -0.23848006394335555 1800.0 1 L r 40687045533781547 816.52637 22.433937 829.18176 25.239605 1619.3077 34.356895 1738.2007 78.64794 1657.4318 154.08723 nan nan nan nan nan nan nan nan nan nan nan nan 1e-07 1e-07 0.0 0.0 0.0 0.0 1 0
_Cos_40687045533781759 11 "HSC-SSP Public Data Release 4 (Wide)" 36.913602568440886 -0.23132560421443907 1800.0 1 L r 40687045533781759 669.5793 24.817972 895.4314 38.043247 1024.7916 37.26722 1406.5267 101.1984 1389.5248 203.88411 nan nan nan nan nan nan nan nan nan nan nan nan 1e-07 1e-07 0.0 0.0 0.0 0.0 1 0
_Cos_40687045533781927 11 "HSC-SSP Public Data Release 4 (Wide)" 36.801984914403626 -0.23383155803234446 1800.0 1 L r 40687045533781927 462.37286 24.019808 578.3769 32.15678 993.1913 30.796476 1351.3846 78.72834 2120.0198 213.00563 nan nan nan nan nan nan nan nan nan nan nan nan 1e-07 1e-07 0.0 0.0 0.0 0.0 1 0
_Cos_40687045533783134 11 "HSC-SSP Public Data Release 4 (Wide)" 36.883795085628364 -0.2130966942607958 1800.0 1 L r 40687045533783134 843.5948 19.940126 942.5188 28.205532 1302.696 35.191383 1296.1385 68.20469 1575.0273 188.80205 nan nan nan nan nan nan nan nan nan nan nan nan 1e-07 1e-07 0.0 0.0 0.0 0.0 1 0
_Cos_40687045533783281 11 "HSC-SSP Public Data Release 4 (Wide)" 36.90087197919945 -0.20942954521803808 1800.0 1 L r 40687045533783281 598.2485 29.974005 781.40857 46.346676 1055.8788 36.177624 1474.1852 98.90896 1776.8616 208.047 nan nan nan nan nan nan nan nan nan nan nan nan 1e-07 1e-07 0.0 0.0 0.0 0.0 1 0
_Cos_40687045533783375 11 "HSC-SSP Public Data Release 4 (Wide)" 36.892846219757736 -0.20782108214310968 1800.0 1 L r 40687045533783375 1349.6222 28.989998 2040.014 59.34802 2685.9685 53.67889 4177.5117 128.42322 5592.434 290.25772 nan nan nan nan nan nan nan nan nan nan nan nan 1e-07 1e-07 0.0 0.0 0.0 0.0 1 0
_Cos_40687045533783838 11 "HSC-SSP Public Data Release 4 (Wide)" 36.84634675574431 -0.1976938565378853 1800.0 1 L r 40687045533783838 634.79755 25.905756 709.8214 34.987534 992.3538 35.170322 986.9511 68.84958 1875.3195 201.63823 nan nan nan nan nan nan nan nan nan nan nan nan 1e-07 1e-07 0.0 0.0 0.0 0.0 1 0
_Cos_40687045533784133 11 "HSC-SSP Public Data Release 4 (Wide)" 36.814420312541124 -0.19167540862395918 1800.0 1 L r 40687045533784133 626.6988 17.482471 743.59454 21.394032 1136.1023 30.902225 1565.3397 87.95392 2905.7434 239.54745 nan nan nan nan nan nan nan nan nan nan nan nan 1e-07 1e-07 0.0 0.0 0.0 0.0 1 0
_Cos_40687045533784167 11 "HSC-SSP Public Data Release 4 (Wide)" 36.90634536843911 -0.1922449064370359 1800.0 1 L r 40687045533784167 1271.7802 23.448057 1476.5818 32.03375 2412.6548 36.470398 4280.381 100.20941 2796.5813 177.57735 nan nan nan nan nan nan nan nan nan nan nan nan 1e-07 1e-07 0.0 0.0 0.0 0.0 1 0
_Cos_40687045533784265 11 "HSC-SSP Public Data Release 4 (Wide)" 36.86632081421698 -0.19067092558578103 1800.0 1 L r 40687045533784265 723.9299 21.14487 762.3701 25.86296 949.5474 33.074337 1079.842 77.70492 982.46265 170.895 nan nan nan nan nan nan nan nan nan nan nan nan 1e-07 1e-07 0.0 0.0 0.0 0.0 1 0
_Cos_40687045533785179 11 "HSC-SSP Public Data Release 4 (Wide)" 36.8375370168706 -0.17256020701871902 1800.0 1 L r 40687045533785179 614.5586 22.152021 819.0394 25.378828 1614.6259 36.326473 2509.7327 79.73606 2965.288 195.48407 nan nan nan nan nan nan nan nan nan nan nan nan 1e-07 1e-07 0.0 0.0 0.0 0.0 1 0
_Cos_40687045533785764 11 "HSC-SSP Public Data Release 4 (Wide)" 36.85334371476606 -0.1622853795997115 1800.0 1 L r 40687045533785764 1032.1648 21.712337 1352.478 32.356167 1747.3074 37.555687 1831.2448 82.39939 2362.436 205.93263 nan nan nan nan nan nan nan nan nan nan nan nan 1e-07 1e-07 0.0 0.0 0.0 0.0 1 0
_Cos_40687045533786473 11 "HSC-SSP Public Data Release 4 (Wide)" 36.84428388669143 -0.14862951707420816 1800.0 1 L r 40687045533786473 459.52332 25.079811 622.1449 24.308914 933.02124 42.902264 748.75037 82.97004 1571.2587 254.38966 nan nan nan nan nan nan nan nan nan nan nan nan 1e-07 1e-07 0.0 0.0 0.0 0.0 1 0
_Cos_40687045533787295 11 "HSC-SSP Public Data Release 4 (Wide)" 36.93269954494726 -0.13119162758598754 1800.0 1 L r 40687045533787295 1193.0039 29.952347 1411.8687 43.398933 1890.398 52.80992 2313.4521 113.370705 3056.858 299.34616 nan nan nan nan nan nan nan nan nan nan nan nan 1e-07 1e-07 0.0 0.0 0.0 0.0 1 0
_Cos_40687045533787496 11 "HSC-SSP Public Data Release 4 (Wide)" 36.86596251632878 -0.12724971004452904 1800.0 1 L r 40687045533787496 682.6182 25.565489 865.62256 29.786648 1003.56714 32.29897 1504.4938 99.57694 933.8389 256.9283 nan nan nan nan nan nan nan nan nan nan nan nan 1e-07 1e-07 0.0 0.0 0.0 0.0 1 0
_Cos_40687045533788189 11 "HSC-SSP Public Data Release 4 (Wide)" 36.87058495213672 -0.11285698298514014 1800.0 1 L r 40687045533788189 1714.1133 23.509005 2108.8384 26.22084 3414.207 29.98018 4516.333 77.236115 4877.3706 169.46582 nan nan nan nan nan nan nan nan nan nan nan nan 1e-07 1e-07 0.0 0.0 0.0 0.0 1 0
_Cos_40687045533788832 11 "HSC-SSP Public Data Release 4 (Wide)" 36.93433502926827 -0.09504649837410346 1800.0 1 L r 40687045533788832 575.9751 40.402096 781.11774 51.599148 2495.5918 57.69688 3156.6846 112.94539 3857.6401 257.40866 nan nan nan nan nan nan nan nan nan nan nan nan 1e-07 1e-07 0.0 0.0 0.0 0.0 1 0
_Cos_40687045533789031 11 "HSC-SSP Public Data Release 4 (Wide)" 36.876282486945186 -0.0940490458150235 1800.0 1 L r 40687045533789031 1747.8309 21.056793 2278.463 30.333838 2085.1592 30.905588 3237.608 71.311264 3802.402 215.43347 nan nan nan nan nan nan nan nan nan nan nan nan 1e-07 1e-07 0.0 0.0 0.0 0.0 1 0
_Cos_40687049828748258 11 "HSC-SSP Public Data Release 4 (Wide)" 36.92181053613632 -0.07069904887336516 1800.0 1 L r 40687049828748258 778.91504 19.88072 958.4792 20.636574 990.7306 24.474924 1072.3839 71.62625 863.8372 123.697 nan nan nan nan nan nan nan nan nan nan nan nan 1e-07 1e-07 0.0 0.0 0.0 0.0 1 0
_Cos_40687049828748320 11 "HSC-SSP Public Data Release 4 (Wide)" 36.90422060283515 -0.06909789216356137 1800.0 1 L r 40687049828748320 1226.1542 20.364925 1327.7445 25.335106 1975.7281 32.378212 2687.4714 78.74901 2933.7583 168.3652 nan nan nan nan nan nan nan nan nan nan nan nan 1e-07 1e-07 0.0 0.0 0.0 0.0 1 0
_Cos_40687049828749207 11 "HSC-SSP Public Data Release 4 (Wide)" 36.936756947318514 -0.046663712653541814 1800.0 1 L r 40687049828749207 854.2213 29.19246 843.40247 41.162113 1136.1967 44.516743 1762.0898 109.87611 1640.8268 200.15453 nan nan nan nan nan nan nan nan nan nan nan nan 1e-07 1e-07 0.0 0.0 0.0 0.0 1 0
_Cos_40687049828749438 11 "HSC-SSP Public Data Release 4 (Wide)" 36.90470836609285 -0.042627518740661785 1800.0 1 L r 40687049828749438 368.95593 23.17689 434.13504 28.142323 1017.42267 44.672012 1004.05383 81.033806 1470.4132 254.05254 nan nan nan nan nan nan nan nan nan nan nan nan 1e-07 1e-07 0.0 0.0 0.0 0.0 1 0
_Cos_40687049828749953 11 "HSC-SSP Public Data Release 4 (Wide)" 36.92361088923414 -0.03293236167715288 1800.0 1 L r 40687049828749953 609.4486 21.21005 812.4256 24.207352 987.3698 25.97001 1343.9646 71.57111 1673.4939 134.82803 nan nan nan nan nan nan nan nan nan nan nan nan 1e-07 1e-07 0.0 0.0 0.0 0.0 1 0
_Cos_40691576724280286 11 "HSC-SSP Public Data Release 4 (Wide)" 38.06829677642039 -0.42726204989924277 1800.0 1 L r 40691576724280286 1268.595 19.206963 1580.7391 20.67905 1830.3981 33.509308 2089.555 97.107025 2155.7231 212.26758 nan nan nan nan nan nan nan nan nan nan nan nan 1e-07 1e-07 0.0 0.0 0.0 0.0 1 0
_Cos_40691576724281642 11 "HSC-SSP Public Data Release 4 (Wide)" 38.07576638795128 -0.4014185245124232 1800.0 1 L r 40691576724281642 758.60675 25.558538 1022.57916 30.225967 1092.437 36.145065 1113.1014 83.50972 989.2236 159.24026 nan nan nan nan nan nan nan nan nan nan nan nan 1e-07 1e-07 0.0 0.0 0.0 0.0 1 0
_Cos_40691581019228124 11 "HSC-SSP Public Data Release 4 (Wide)" 38.0922645958778 -0.23810882702531458 1800.0 1 L r 40691581019228124 1085.3865 23.81256 1488.209 39.336273 2529.6167 30.285637 3142.2673 76.40554 4125.6973 183.91924 nan nan nan nan nan nan nan nan nan nan nan nan 1e-07 1e-07 0.0 0.0 0.0 0.0 1 0
_Cos_40691581019229049 11 "HSC-SSP Public Data Release 4 (Wide)" 38.06697349951358 -0.2170926401124779 1800.0 1 L r 40691581019229049 662.43317 16.457533 839.583 23.769358 1024.2842 31.04484 1145.4259 86.84753 1424.054 195.15912 nan nan nan nan nan nan nan nan nan nan nan nan 1e-07 1e-07 0.0 0.0 0.0 0.0 1 0
_Cos_40691581019229652 11 "HSC-SSP Public Data Release 4 (Wide)" 38.079293389028315 -0.20401584643843698 1800.0 1 L r 40691581019229652 1266.4548 25.809816 1700.3027 40.29742 2022.2422 41.333908 2055.206 85.90867 2345.2104 216.3391 nan nan nan nan nan nan nan nan nan nan nan nan 1e-07 1e-07 0.0 0.0 0.0 0.0 1 0
_Cos_40691581019247290 11 "HSC-SSP Public Data Release 4 (Wide)" 38.070892742783805 -0.2375957958433918 1800.0 1 L r 40691581019247290 195.91365 20.235754 134.69574 22.042358 2285.8086 63.73201 3212.5908 145.43378 731.87915 207.6417 nan nan nan nan nan nan nan nan nan nan nan nan 1e-07 1e-07 0.0 0.0 0.0 0.0 1 0
_Cos_40691581019249772 11 "HSC-SSP Public Data Release 4 (Wide)" 38.05642506200026 -0.18661931996000933 1800.0 1 L r 40691581019249772 695.04913 24.319803 953.26526 30.922688 1219.2427 45.011738 1470.0901 101.57426 1409.286 295.47617 nan nan nan nan nan nan nan nan nan nan nan nan 1e-07 1e-07 0.0 0.0 0.0 0.0 1 0
_Cos_40691581019250342 11 "HSC-SSP Public Data Release 4 (Wide)" 38.06267063346922 -0.17589165519819355 1800.0 1 L r 40691581019250342 912.113 18.161629 1099.9333 25.462751 1100.706 35.20127 1140.2471 85.15722 1090.9658 164.80663 nan nan nan nan nan nan nan nan nan nan nan nan 1e-07 1e-07 0.0 0.0 0.0 0.0 1 0
_Cos_40691705573284794 11 "HSC-SSP Public Data Release 4 (Wide)" 37.88787419232788 -0.677869304369058 1800.0 1 L r 40691705573284794 990.1394 23.37349 1077.5764 22.57398 1251.0542 26.83477 1369.3894 71.58814 2235.2678 162.09215 nan nan nan nan nan nan nan nan nan nan nan nan 1e-07 1e-07 0.0 0.0 0.0 0.0 1 0
_Cos_40691705573300987 11 "HSC-SSP Public Data Release 4 (Wide)" 37.86571233455446 -0.7563921490497613 1800.0 1 L r 40691705573300987 851.3706 28.59789 1032.8749 33.650166 1644.3003 38.35336 2102.149 70.51201 1973.0898 167.01785 nan nan nan nan nan nan nan nan nan nan nan nan 1e-07 1e-07 0.0 0.0 0.0 0.0 1 0
_Cos_40691705573301992 11 "HSC-SSP Public Data Release 4 (Wide)" 37.87663580971696 -0.7408795195462166 1800.0 1 L r 40691705573301992 578.2884 32.773186 773.81085 38.549603 977.7455 41.4274 1469.3593 134.789 2927.0574 282.2876 nan nan nan nan nan nan nan nan nan nan nan nan 1e-07 1e-07 0.0 0.0 0.0 0.0 1 0
_Cos_40691705573302803 11 "HSC-SSP Public Data Release 4 (Wide)" 37.87111808298717 -0.7296225510549932 1800.0 1 L r 40691705573302803 216.43568 21.15716 286.7147 21.526375 962.69885 46.32094 1244.5394 93.840225 1462.7201 226.53123 nan nan nan nan nan nan nan nan nan nan nan nan 1e-07 1e-07 0.0 0.0 0.0 0.0 1 0
_Cos_40691705573303868 11 "HSC-SSP Public Data Release 4 (Wide)" 37.87859453663456 -0.7117509051574255 1800.0 1 L r 40691705573303868 320.87512 26.428452 461.02603 34.17295 942.48346 53.200146 1395.0725 122.50721 2038.304 254.77098 nan nan nan nan nan nan nan nan nan nan nan nan 1e-07 1e-07 0.0 0.0 0.0 0.0 1 0
_Cos_40691705573304150 11 "HSC-SSP Public Data Release 4 (Wide)" 37.9027912631453 -0.704236003596957 1800.0 1 L r 40691705573304150 1164.5917 26.962906 1547.0676 33.339375 1878.505 45.269814 2599.7356 91.100105 3085.8813 218.21204 nan nan nan nan nan nan nan nan nan nan nan nan 1e-07 1e-07 0.0 0.0 0.0 0.0 1 0
_Cos_40691705573305117 11 "HSC-SSP Public Data Release 4 (Wide)" 37.928306689229366 -0.6868996737709041 1800.0 1 L r 40691705573305117 553.7231 23.649727 691.90295 25.170534 997.0355 45.59518 1623.6487 103.57804 1471.9231 173.42699 nan nan nan nan nan nan nan nan nan nan nan nan 1e-07 1e-07 0.0 0.0 0.0 0.0 1 0
_Cos_40691709868246857 11 "HSC-SSP Public Data Release 4 (Wide)" 37.9638636159962 -0.616134865332914 1800.0 1 L r 40691709868246857 1175.5195 27.149323 1296.4088 26.003565 2165.0466 28.151539 2866.8582 70.42377 3308.6948 150.8644 nan nan nan nan nan nan nan nan nan nan nan nan 1e-07 1e-07 0.0 0.0 0.0 0.0 1 0
_Cos_40691709868250629 11 "HSC-SSP Public Data Release 4 (Wide)" 37.8852973405601 -0.5377495256998301 1800.0 1 L r 40691709868250629 500.96295 16.197916 687.3429 18.29622 1287.0568 35.54354 1770.2466 76.6857 1959.6941 195.98558 nan nan nan nan nan nan nan nan nan nan nan nan 1e-07 1e-07 0.0 0.0 0.0 0.0 1 0
_Cos_40691709868264914 11 "HSC-SSP Public Data Release 4 (Wide)" 37.947041589138045 -0.6462746138764404 1800.0 1 L r 40691709868264914 991.8516 33.700813 1209.1349 76.666916 2315.8167 51.67356 3718.3787 115.34995 4096.225 245.07843 nan nan nan nan nan nan nan nan nan nan nan nan 1e-07 1e-07 0.0 0.0 0.0 0.0 1 0
_Cos_40691709868264994 11 "HSC-SSP Public Data Release 4 (Wide)" 37.899523405387995 -0.6431729649670288 1800.0 1 L r 40691709868264994 594.4121 21.683496 836.1851 27.241892 1178.5416 25.343395 2070.8972 58.33345 2494.0442 121.38417 nan nan nan nan nan nan nan nan nan nan nan nan 1e-07 1e-07 0.0 0.0 0.0 0.0 1 0
_Cos_40691709868266315 11 "HSC-SSP Public Data Release 4 (Wide)" 37.900574375668164 -0.6206129840172484 1800.0 1 L r 40691709868266315 898.09033 35.08604 846.33997 36.078823 1131.0054 43.52674 1038.211 74.843994 1810.9242 214.66754 nan nan nan nan nan nan nan nan nan nan nan nan 1e-07 1e-07 0.0 0.0 0.0 0.0 1 0
_Cos_40691709868266601 11 "HSC-SSP Public Data Release 4 (Wide)" 37.93085917774746 -0.6159746575379679 1800.0 1 L r 40691709868266601 858.7167 29.479435 988.968 36.895508 1377.9897 38.636093 1888.2438 79.20191 1951.8093 173.53291 nan nan nan nan nan nan nan nan nan nan nan nan 1e-07 1e-07 0.0 0.0 0.0 0.0 1 0
_Cos_40691709868266878 11 "HSC-SSP Public Data Release 4 (Wide)" 37.87160902746287 -0.6094560000668311 1800.0 1 L r 40691709868266878 416.4986 22.499939 555.4768 24.339577 1129.5454 35.41127 1719.6497 98.716354 1310.896 168.11176 nan nan nan nan nan nan nan nan nan nan nan nan 1e-07 1e-07 0.0 0.0 0.0 0.0 1 0
_Cos_40691709868267485 11 "HSC-SSP Public Data Release 4 (Wide)" 37.970859784014344 -0.5955017575978346 1800.0 1 L r 40691709868267485 1390.6415 27.642647 1467.4142 30.155201 1551.8556 27.514585 1873.3091 65.84456 2190.1562 148.57275 nan nan nan nan nan nan nan nan nan nan nan nan 1e-07 1e-07 0.0 0.0 0.0 0.0 1 0
_Cos_40691709868267619 11 "HSC-SSP Public Data Release 4 (Wide)" 37.893837976079254 -0.593275886842309 1800.0 1 L r 40691709868267619 510.43304 26.230522 740.9219 31.793924 1314.7399 38.735115 2182.7783 88.38056 2212.7454 169.79301 nan nan nan nan nan nan nan nan nan nan nan nan 1e-07 1e-07 0.0 0.0 0.0 0.0 1 0
_Cos_40691709868267930 11 "HSC-SSP Public Data Release 4 (Wide)" 37.88239347401674 -0.5869446917677994 1800.0 1 L r 40691709868267930 1482.2452 32.447147 1338.6241 34.968597 2983.3608 67.77423 3469.8733 112.820755 3307.302 252.82436 nan nan nan nan nan nan nan nan nan nan nan nan 1e-07 1e-07 0.0 0.0 0.0 0.0 1 0
