output/Jan25/final_nf_input/field_e_L1_visit2_final_targets.ecsv
# %ECSV 1.0
# ---
# datatype:
# - {name: ob_code, datatype: string}
# - {name: catId, datatype: int32}
# - {name: description, datatype: string}
# - {name: R.A., datatype: float64}
# - {name: Dec., datatype: float64}
# - {name: Exposure Time, datatype: float64}
# - {name: Priority, datatype: int32}
# - {name: resolution, datatype: string}
# - {name: reference_arm, datatype: string}
# - {name: ID, datatype: int64}
# - {name: g_hsc, datatype: float64}
# - {name: g_hsc_err, datatype: float64}
# - {name: r2_hsc, datatype: float64}
# - {name: r2_hsc_err, datatype: float64}
# - {name: i2_hsc, datatype: float64}
# - {name: i2_hsc_err, datatype: float64}
# - {name: z_hsc, datatype: float64}
# - {name: z_hsc_err, datatype: float64}
# - {name: y_hsc, datatype: float64}
# - {name: y_hsc_err, datatype: float64}
# - {name: epoch, datatype: float64}
# - {name: input_catalog_id, datatype: float64}
# - {name: psf_flux_g, datatype: float64}
# - {name: psf_flux_error_g, datatype: float64}
# - {name: psf_flux_r, datatype: float64}
# - {name: psf_flux_error_r, datatype: float64}
# - {name: psf_flux_i, datatype: float64}
# - {name: psf_flux_error_i, datatype: float64}
# - {name: psf_flux_z, datatype: float64}
# - {name: psf_flux_error_z, datatype: float64}
# - {name: psf_flux_y, datatype: float64}
# - {name: psf_flux_error_y, datatype: float64}
# - {name: parallax, datatype: float64}
# - {name: parallax_error, datatype: float64}
# - {name: pmra, datatype: float64}
# - {name: pmra_error, datatype: float64}
# - {name: pmdec, datatype: float64}
# - {name: pmdec_error, datatype: float64}
# - {name: target_type, datatype: int32}
# - {name: stage, datatype: int32}
# schema: astropy-2.0
ob_code catId description R.A. Dec. "Exposure Time" Priority resolution reference_arm ID g_hsc g_hsc_err r2_hsc r2_hsc_err i2_hsc i2_hsc_err z_hsc z_hsc_err y_hsc y_hsc_err epoch input_catalog_id psf_flux_g psf_flux_error_g psf_flux_r psf_flux_error_r psf_flux_i psf_flux_error_i psf_flux_z psf_flux_error_z psf_flux_y psf_flux_error_y parallax parallax_error pmra pmra_error pmdec pmdec_error target_type stage
[from data line 465]
_Cos_42041777003169579 11 "HSC-SSP Public Data Release 4 (Wide)" 132.88112557630694 1.0734682623367422 1800.0 1 L r 42041777003169579 1536.3235 16.068422 2089.8445 29.29726 2973.895 37.2713 3784.7874 76.09298 3561.19 130.4304 nan nan nan nan nan nan nan nan nan nan nan nan 1e-07 1e-07 0.0 0.0 0.0 0.0 1 0
_Cos_42041777003170969 11 "HSC-SSP Public Data Release 4 (Wide)" 132.95749376183184 1.1133475261967685 1800.0 1 L r 42041777003170969 574.54987 14.830364 920.73676 28.320652 1935.0946 32.340862 4078.3784 62.11373 7031.012 115.35622 nan nan nan nan nan nan nan nan nan nan nan nan 1e-07 1e-07 0.0 0.0 0.0 0.0 1 0
_Cos_42041777003172924 11 "HSC-SSP Public Data Release 4 (Wide)" 132.9741289435204 1.1699407987473969 1800.0 1 L r 42041777003172924 1385.4913 23.244205 1858.317 42.204536 2981.7617 41.04759 4754.6743 70.9195 4938.1836 142.32555 nan nan nan nan nan nan nan nan nan nan nan nan 1e-07 1e-07 0.0 0.0 0.0 0.0 1 0
_Cos_42041777003173730 11 "HSC-SSP Public Data Release 4 (Wide)" 133.0157040407077 1.1927311022729596 1800.0 1 L r 42041777003173730 690.55566 25.464832 820.7799 45.505302 916.72003 55.578003 961.1238 113.6017 1158.0128 202.91565 nan nan nan nan nan nan nan nan nan nan nan nan 1e-07 1e-07 0.0 0.0 0.0 0.0 1 0
_Cos_42041777003173921 11 "HSC-SSP Public Data Release 4 (Wide)" 132.96522576840712 1.1980021749506853 1800.0 1 L r 42041777003173921 662.795 18.885494 1022.226 43.728535 2523.8264 45.402134 3898.6865 80.71163 5052.8906 169.05054 nan nan nan nan nan nan nan nan nan nan nan nan 1e-07 1e-07 0.0 0.0 0.0 0.0 1 0
_Cos_42041777003184890 11 "HSC-SSP Public Data Release 4 (Wide)" 132.96803528891192 1.026196223745649 1800.0 1 L r 42041777003184890 692.1622 18.11343 782.8616 30.057634 1198.4004 31.130695 1957.7964 62.28342 2417.2021 122.041405 nan nan nan nan nan nan nan nan nan nan nan nan 1e-07 1e-07 0.0 0.0 0.0 0.0 1 0
_Cos_42041777003185142 11 "HSC-SSP Public Data Release 4 (Wide)" 132.93304619868954 1.0308992105004928 1800.0 1 L r 42041777003185142 594.4759 22.343712 895.519 44.819954 1019.0763 35.42972 1487.9108 66.10377 2181.6797 135.26329 nan nan nan nan nan nan nan nan nan nan nan nan 1e-07 1e-07 0.0 0.0 0.0 0.0 1 0
_Cos_42041777003185563 11 "HSC-SSP Public Data Release 4 (Wide)" 132.87262473708674 1.0387405987379676 1800.0 1 L r 42041777003185563 497.33502 24.519476 787.19885 38.485542 1344.401 36.46297 2102.0454 75.76002 2490.5737 135.2235 nan nan nan nan nan nan nan nan nan nan nan nan 1e-07 1e-07 0.0 0.0 0.0 0.0 1 0
_Cos_42041777003186566 11 "HSC-SSP Public Data Release 4 (Wide)" 132.91644447642147 1.0597768455709147 1800.0 1 L r 42041777003186566 1214.0386 16.687532 1439.1085 30.15529 1810.1538 35.413795 3229.813 67.48751 3885.329 117.17448 nan nan nan nan nan nan nan nan nan nan nan nan 1e-07 1e-07 0.0 0.0 0.0 0.0 1 0
_Cos_42041777003187085 11 "HSC-SSP Public Data Release 4 (Wide)" 132.9692542454702 1.0730096474458697 1800.0 1 L r 42041777003187085 935.69226 26.490875 1047.0309 43.077206 1552.8724 53.746403 1510.0999 88.37539 2292.2776 159.80371 nan nan nan nan nan nan nan nan nan nan nan nan 1e-07 1e-07 0.0 0.0 0.0 0.0 1 0
_Cos_42041777003187199 11 "HSC-SSP Public Data Release 4 (Wide)" 132.95100778136455 1.074763439807634 1800.0 1 L r 42041777003187199 847.6294 21.586285 1085.2871 37.570396 1251.418 42.961613 1928.9292 82.96087 2419.8887 153.37248 nan nan nan nan nan nan nan nan nan nan nan nan 1e-07 1e-07 0.0 0.0 0.0 0.0 1 0
_Cos_42041777003187706 11 "HSC-SSP Public Data Release 4 (Wide)" 132.97214866962946 1.0866253080749577 1800.0 1 L r 42041777003187706 765.51184 16.44142 901.6249 30.294533 1056.5316 29.072603 1648.1066 62.727455 1588.7268 87.07137 nan nan nan nan nan nan nan nan nan nan nan nan 1e-07 1e-07 0.0 0.0 0.0 0.0 1 0
_Cos_42041777003187882 11 "HSC-SSP Public Data Release 4 (Wide)" 132.92602442757743 1.08788670949109 1800.0 1 L r 42041777003187882 1010.90656 19.547136 1392.5125 36.97895 1852.5756 38.077522 3953.164 84.72087 3870.6016 152.8971 nan nan nan nan nan nan nan nan nan nan nan nan 1e-07 1e-07 0.0 0.0 0.0 0.0 1 0
_Cos_42041777003188233 11 "HSC-SSP Public Data Release 4 (Wide)" 132.9858386021164 1.094307580707192 1800.0 1 L r 42041777003188233 125.202324 21.381662 149.30194 33.664444 1205.8503 122.42621 600.9208 117.83634 474.91904 208.49039 nan nan nan nan nan nan nan nan nan nan nan nan 1e-07 1e-07 0.0 0.0 0.0 0.0 1 0
_Cos_42041777003188821 11 "HSC-SSP Public Data Release 4 (Wide)" 132.90201918059904 1.1074633767364739 1800.0 1 L r 42041777003188821 384.37357 18.32147 566.04 31.352533 929.2679 30.615028 1611.4688 58.996014 1424.6686 115.92293 nan nan nan nan nan nan nan nan nan nan nan nan 1e-07 1e-07 0.0 0.0 0.0 0.0 1 0
_Cos_42041777003189137 11 "HSC-SSP Public Data Release 4 (Wide)" 133.01568685574404 1.113567368342003 1800.0 1 L r 42041777003189137 833.41144 18.447615 1000.9639 35.001797 916.4125 34.3122 1328.2256 59.459015 1497.4026 122.11597 nan nan nan nan nan nan nan nan nan nan nan nan 1e-07 1e-07 0.0 0.0 0.0 0.0 1 0
_Cos_42041777003189350 11 "HSC-SSP Public Data Release 4 (Wide)" 132.91611561189447 1.1184101416459278 1800.0 1 L r 42041777003189350 838.82684 17.495613 1008.2552 31.430296 1255.3478 38.493008 2209.7124 74.44466 2841.8948 155.92369 nan nan nan nan nan nan nan nan nan nan nan nan 1e-07 1e-07 0.0 0.0 0.0 0.0 1 0
_Cos_42041777003190336 11 "HSC-SSP Public Data Release 4 (Wide)" 132.97483806648387 1.1379704014472865 1800.0 1 L r 42041777003190336 1146.978 23.45568 1556.767 43.417904 2859.5107 42.92879 3913.5452 76.0307 4775.064 168.06131 nan nan nan nan nan nan nan nan nan nan nan nan 1e-07 1e-07 0.0 0.0 0.0 0.0 1 0
_Cos_42041777003190457 11 "HSC-SSP Public Data Release 4 (Wide)" 132.87788135217642 1.140562301400013 1800.0 1 L r 42041777003190457 585.39886 18.899055 787.319 35.6233 1158.7379 39.99706 1413.4661 69.05492 1417.9163 124.40234 nan nan nan nan nan nan nan nan nan nan nan nan 1e-07 1e-07 0.0 0.0 0.0 0.0 1 0
_Cos_42041777003190590 11 "HSC-SSP Public Data Release 4 (Wide)" 133.02617086699823 1.1430980079236246 1800.0 1 L r 42041777003190590 499.9938 16.511353 718.54126 29.583647 1142.1481 28.744041 1588.3217 51.04539 1292.3318 90.69021 nan nan nan nan nan nan nan nan nan nan nan nan 1e-07 1e-07 0.0 0.0 0.0 0.0 1 0
_Cos_42041777003192111 11 "HSC-SSP Public Data Release 4 (Wide)" 132.87958552886903 1.174685125039116 1800.0 1 L r 42041777003192111 556.72723 23.051668 554.5803 34.483807 1441.2502 57.46445 1233.8922 69.59419 1331.2899 117.06992 nan nan nan nan nan nan nan nan nan nan nan nan 1e-07 1e-07 0.0 0.0 0.0 0.0 1 0
_Cos_42041777003192466 11 "HSC-SSP Public Data Release 4 (Wide)" 132.88285186299427 1.1832575176645193 1800.0 1 L r 42041777003192466 754.8138 27.206957 929.4895 48.698387 1208.6659 49.647762 1718.8248 73.64503 2322.1409 165.60031 nan nan nan nan nan nan nan nan nan nan nan nan 1e-07 1e-07 0.0 0.0 0.0 0.0 1 0
_Cos_42041777003192540 11 "HSC-SSP Public Data Release 4 (Wide)" 132.89314839065102 1.183206312053413 1800.0 1 L r 42041777003192540 621.7265 17.076513 682.33606 33.24965 963.97266 29.508633 1546.4131 69.13105 1523.8549 113.68343 nan nan nan nan nan nan nan nan nan nan nan nan 1e-07 1e-07 0.0 0.0 0.0 0.0 1 0
_Cos_42041777003193162 11 "HSC-SSP Public Data Release 4 (Wide)" 132.93218291271583 1.1959228564854765 1800.0 1 L r 42041777003193162 860.0054 18.72688 1052.7418 35.729153 1085.1902 29.62177 1904.7765 54.140396 1406.2283 105.534996 nan nan nan nan nan nan nan nan nan nan nan nan 1e-07 1e-07 0.0 0.0 0.0 0.0 1 0
_Cos_42041777003193668 11 "HSC-SSP Public Data Release 4 (Wide)" 133.00327094354196 1.2065651909078179 1800.0 1 L r 42041777003193668 893.6838 19.731596 1173.6908 36.032272 1649.9069 45.124134 1795.4487 70.57042 2008.4036 142.59897 nan nan nan nan nan nan nan nan nan nan nan nan 1e-07 1e-07 0.0 0.0 0.0 0.0 1 0
_Cos_42041777003193924 11 "HSC-SSP Public Data Release 4 (Wide)" 132.87326332782482 1.2091524000362432 1800.0 1 L r 42041777003193924 722.7729 19.049763 693.75586 30.833252 995.13654 29.933817 1799.274 63.28045 2007.3298 114.69289 nan nan nan nan nan nan nan nan nan nan nan nan 1e-07 1e-07 0.0 0.0 0.0 0.0 1 0
_Cos_42041781298136625 11 "HSC-SSP Public Data Release 4 (Wide)" 132.8828681788663 1.2453560574737588 1800.0 1 L r 42041781298136625 404.9157 20.454954 593.48 43.180645 939.5601 42.297695 1264.1058 72.885414 2052.1458 174.46184 nan nan nan nan nan nan nan nan nan nan nan nan 1e-07 1e-07 0.0 0.0 0.0 0.0 1 0
_Cos_42041781298138306 11 "HSC-SSP Public Data Release 4 (Wide)" 133.00801942465432 1.2919937479312287 1800.0 1 L r 42041781298138306 882.66394 19.116234 938.8935 35.736565 1631.4104 59.991768 1705.9689 79.24413 2196.7874 153.38406 nan nan nan nan nan nan nan nan nan nan nan nan 1e-07 1e-07 0.0 0.0 0.0 0.0 1 0
_Cos_42041781298139007 11 "HSC-SSP Public Data Release 4 (Wide)" 132.88554520504516 1.311419415769643 1800.0 1 L r 42041781298139007 758.1066 24.986874 1072.6077 43.17582 1079.5696 40.48992 1930.753 84.618935 1968.1246 128.28703 nan nan nan nan nan nan nan nan nan nan nan nan 1e-07 1e-07 0.0 0.0 0.0 0.0 1 0
_Cos_42041781298139972 11 "HSC-SSP Public Data Release 4 (Wide)" 133.04324980008587 1.3367125618749 1800.0 1 L r 42041781298139972 585.6347 20.418928 684.3627 32.87127 1680.8125 32.45474 2186.5552 51.831623 2551.3364 96.115005 nan nan nan nan nan nan nan nan nan nan nan nan 1e-07 1e-07 0.0 0.0 0.0 0.0 1 0
_Cos_42041781298141984 11 "HSC-SSP Public Data Release 4 (Wide)" 133.02076739571905 1.3885380700673287 1800.0 1 L r 42041781298141984 683.7974 15.385447 789.1574 28.792355 982.4146 42.308548 1620.5975 65.55081 1744.957 156.02846 nan nan nan nan nan nan nan nan nan nan nan nan 1e-07 1e-07 0.0 0.0 0.0 0.0 1 0
_Cos_42041781298152927 11 "HSC-SSP Public Data Release 4 (Wide)" 133.03548270876058 1.2107782894547356 1800.0 1 L r 42041781298152927 1906.2908 17.605412 2295.7559 33.49602 2198.7744 30.8635 2571.5098 60.882168 3373.8906 110.76398 nan nan nan nan nan nan nan nan nan nan nan nan 1e-07 1e-07 0.0 0.0 0.0 0.0 1 0
_Cos_42041781298153375 11 "HSC-SSP Public Data Release 4 (Wide)" 132.9109373039815 1.2161101809549764 1800.0 1 L r 42041781298153375 798.09454 18.469408 1073.7788 34.792408 1847.3612 37.749165 2513.517 65.95771 2287.2654 119.35214 nan nan nan nan nan nan nan nan nan nan nan nan 1e-07 1e-07 0.0 0.0 0.0 0.0 1 0
_Cos_42041781298154453 11 "HSC-SSP Public Data Release 4 (Wide)" 132.99211252244802 1.2376219136750373 1800.0 1 L r 42041781298154453 556.6149 29.67092 719.18146 66.25555 1311.4717 49.900295 1456.0233 73.76284 1851.5657 136.03517 nan nan nan nan nan nan nan nan nan nan nan nan 1e-07 1e-07 0.0 0.0 0.0 0.0 1 0
_Cos_42041781298154574 11 "HSC-SSP Public Data Release 4 (Wide)" 132.88801786655085 1.2394629597194398 1800.0 1 L r 42041781298154574 564.2714 19.422295 727.4647 37.33235 1471.4985 39.73426 2234.6238 67.93433 2530.0015 119.495346 nan nan nan nan nan nan nan nan nan nan nan nan 1e-07 1e-07 0.0 0.0 0.0 0.0 1 0
_Cos_42041781298154725 11 "HSC-SSP Public Data Release 4 (Wide)" 132.91841927534315 1.242069535911118 1800.0 1 L r 42041781298154725 574.5713 15.2387295 691.6917 31.12223 931.87585 31.12243 1176.494 52.042152 1527.2605 115.72497 nan nan nan nan nan nan nan nan nan nan nan nan 1e-07 1e-07 0.0 0.0 0.0 0.0 1 0
_Cos_42041781298154855 11 "HSC-SSP Public Data Release 4 (Wide)" 133.0093614237091 1.2445978158606357 1800.0 1 L r 42041781298154855 1092.5557 19.069056 1201.3656 34.62685 1535.1425 37.75397 2447.7722 62.719833 2382.2178 120.56204 nan nan nan nan nan nan nan nan nan nan nan nan 1e-07 1e-07 0.0 0.0 0.0 0.0 1 0
_Cos_42041781298155155 11 "HSC-SSP Public Data Release 4 (Wide)" 132.96341765847305 1.248965828651387 1800.0 1 L r 42041781298155155 551.4148 23.978321 707.06525 41.299747 920.37494 50.839565 1018.04755 76.8154 1396.7473 156.30276 nan nan nan nan nan nan nan nan nan nan nan nan 1e-07 1e-07 0.0 0.0 0.0 0.0 1 0
_Cos_42041781298155659 11 "HSC-SSP Public Data Release 4 (Wide)" 132.9146970397098 1.258314649938113 1800.0 1 L r 42041781298155659 713.79565 29.120459 836.0804 35.698154 2245.3528 56.9265 7502.3027 240.37056 3786.7302 222.66338 nan nan nan nan nan nan nan nan nan nan nan nan 1e-07 1e-07 0.0 0.0 0.0 0.0 1 0
_Cos_42041781298156107 11 "HSC-SSP Public Data Release 4 (Wide)" 132.8939660256718 1.2675326154728053 1800.0 1 L r 42041781298156107 946.47327 19.239712 1137.2161 34.803883 1690.0245 39.960976 2189.7434 66.177505 2692.4219 130.1409 nan nan nan nan nan nan nan nan nan nan nan nan 1e-07 1e-07 0.0 0.0 0.0 0.0 1 0
_Cos_42041781298156122 11 "HSC-SSP Public Data Release 4 (Wide)" 133.00085330445748 1.2686897052938964 1800.0 1 L r 42041781298156122 1179.9895 22.277708 1382.0676 42.731358 1203.8052 53.114716 1688.3324 87.58838 1979.5446 159.14767 nan nan nan nan nan nan nan nan nan nan nan nan 1e-07 1e-07 0.0 0.0 0.0 0.0 1 0
_Cos_42041781298156233 11 "HSC-SSP Public Data Release 4 (Wide)" 132.90998858290752 1.2690037203116717 1800.0 1 L r 42041781298156233 924.8687 29.944813 909.03564 51.43681 1273.9006 60.26374 1605.3098 88.57361 1479.3033 173.86104 nan nan nan nan nan nan nan nan nan nan nan nan 1e-07 1e-07 0.0 0.0 0.0 0.0 1 0
_Cos_42041781298156662 11 "HSC-SSP Public Data Release 4 (Wide)" 132.97312774450032 1.2792749410070257 1800.0 1 L r 42041781298156662 1954.563 29.38112 2499.888 54.239723 2078.6685 40.30398 4713.1377 87.53285 3568.8704 118.588554 nan nan nan nan nan nan nan nan nan nan nan nan 1e-07 1e-07 0.0 0.0 0.0 0.0 1 0
_Cos_42041781298156731 11 "HSC-SSP Public Data Release 4 (Wide)" 132.94512032024332 1.2797952915551507 1800.0 1 L r 42041781298156731 824.2206 22.749643 858.7005 42.243298 1257.7141 49.175797 1278.8939 77.39261 1328.1506 129.66367 nan nan nan nan nan nan nan nan nan nan nan nan 1e-07 1e-07 0.0 0.0 0.0 0.0 1 0
_Cos_42041781298157064 11 "HSC-SSP Public Data Release 4 (Wide)" 132.95296954417194 1.2897109119484813 1800.0 1 L r 42041781298157064 792.5953 21.599087 986.3019 34.790504 1207.8463 37.92655 1923.734 74.91688 2245.4294 144.51202 nan nan nan nan nan nan nan nan nan nan nan nan 1e-07 1e-07 0.0 0.0 0.0 0.0 1 0
_Cos_42041781298157155 11 "HSC-SSP Public Data Release 4 (Wide)" 133.03347206662852 1.2872269861374352 1800.0 1 L r 42041781298157155 566.274 16.67651 611.3481 30.031773 944.6987 38.496674 1318.0911 61.359875 1801.9501 123.46405 nan nan nan nan nan nan nan nan nan nan nan nan 1e-07 1e-07 0.0 0.0 0.0 0.0 1 0
_Cos_42041781298157373 11 "HSC-SSP Public Data Release 4 (Wide)" 132.94454074740972 1.292672411938932 1800.0 1 L r 42041781298157373 364.07916 23.564482 501.14246 41.5843 1113.6053 51.798866 1627.4523 78.309814 1933.7902 163.96152 nan nan nan nan nan nan nan nan nan nan nan nan 1e-07 1e-07 0.0 0.0 0.0 0.0 1 0
_Cos_42041781298157537 11 "HSC-SSP Public Data Release 4 (Wide)" 132.8739293354522 1.2945722287422932 1800.0 1 L r 42041781298157537 560.64014 19.086502 772.6871 36.52184 1505.652 60.56258 1543.3267 88.8559 2095.9468 199.216 nan nan nan nan nan nan nan nan nan nan nan nan 1e-07 1e-07 0.0 0.0 0.0 0.0 1 0
_Cos_42041781298158019 11 "HSC-SSP Public Data Release 4 (Wide)" 132.88347754237327 1.3050315100052252 1800.0 1 L r 42041781298158019 875.02795 16.746674 1095.2894 32.229286 1383.0188 38.923367 1931.7969 63.387844 2150.7664 123.97043 nan nan nan nan nan nan nan nan nan nan nan nan 1e-07 1e-07 0.0 0.0 0.0 0.0 1 0
_Cos_42041781298158538 11 "HSC-SSP Public Data Release 4 (Wide)" 132.9107025192092 1.3141105801605102 1800.0 1 L r 42041781298158538 1027.8878 26.480469 1230.3192 47.32382 1377.0194 60.643616 1420.6093 82.73205 2206.9966 236.7309 nan nan nan nan nan nan nan nan nan nan nan nan 1e-07 1e-07 0.0 0.0 0.0 0.0 1 0
_Cos_42041781298159114 11 "HSC-SSP Public Data Release 4 (Wide)" 133.04324298941043 1.3239928917331554 1800.0 1 L r 42041781298159114 1287.8319 19.72053 1356.9655 35.862362 1751.5482 36.273796 1823.9342 53.884663 2468.9666 105.33643 nan nan nan nan nan nan nan nan nan nan nan nan 1e-07 1e-07 0.0 0.0 0.0 0.0 1 0
