output/Jan25/final_nf_input/field_b_L2_visit1_final_targets.ecsv
# %ECSV 1.0
# ---
# datatype:
# - {name: ob_code, datatype: string}
# - {name: catId, datatype: int32}
# - {name: description, datatype: string}
# - {name: R.A., datatype: float64}
# - {name: Dec., datatype: float64}
# - {name: Exposure Time, datatype: float64}
# - {name: Priority, datatype: int32}
# - {name: resolution, datatype: string}
# - {name: reference_arm, datatype: string}
# - {name: ID, datatype: int64}
# - {name: g_hsc, datatype: float64}
# - {name: g_hsc_err, datatype: float64}
# - {name: r2_hsc, datatype: float64}
# - {name: r2_hsc_err, datatype: float64}
# - {name: i2_hsc, datatype: float64}
# - {name: i2_hsc_err, datatype: float64}
# - {name: z_hsc, datatype: float64}
# - {name: z_hsc_err, datatype: float64}
# - {name: y_hsc, datatype: float64}
# - {name: y_hsc_err, datatype: float64}
# - {name: epoch, datatype: float64}
# - {name: input_catalog_id, datatype: float64}
# - {name: psf_flux_g, datatype: float64}
# - {name: psf_flux_error_g, datatype: float64}
# - {name: psf_flux_r, datatype: float64}
# - {name: psf_flux_error_r, datatype: float64}
# - {name: psf_flux_i, datatype: float64}
# - {name: psf_flux_error_i, datatype: float64}
# - {name: psf_flux_z, datatype: float64}
# - {name: psf_flux_error_z, datatype: float64}
# - {name: psf_flux_y, datatype: float64}
# - {name: psf_flux_error_y, datatype: float64}
# - {name: parallax, datatype: float64}
# - {name: parallax_error, datatype: float64}
# - {name: pmra, datatype: float64}
# - {name: pmra_error, datatype: float64}
# - {name: pmdec, datatype: float64}
# - {name: pmdec_error, datatype: float64}
# - {name: target_type, datatype: int32}
# - {name: stage, datatype: int32}
# schema: astropy-2.0
ob_code catId description R.A. Dec. "Exposure Time" Priority resolution reference_arm ID g_hsc g_hsc_err r2_hsc r2_hsc_err i2_hsc i2_hsc_err z_hsc z_hsc_err y_hsc y_hsc_err epoch input_catalog_id psf_flux_g psf_flux_error_g psf_flux_r psf_flux_error_r psf_flux_i psf_flux_error_i psf_flux_z psf_flux_error_z psf_flux_y psf_flux_error_y parallax parallax_error pmra pmra_error pmdec pmdec_error target_type stage
[from data line 1540]
_Star_2499970308312861952 3006 Fstar_v3.3 36.97735317531865 -0.5638912763757385 1800.0 1 L r 2499970308312861952 nan nan nan nan nan nan nan nan nan nan 2016.0 3006.0 36099.92 637.65 46036.92 518.95 50669.42 534.86 50627.51 800.17 59933.02 3712.83 0.8475026120346708 0.6321428000000001 1.7962527231746874 0.81884044 -4.94193650943842 0.5089608 3 0
_Star_2499965394870247040 3006 Fstar_v3.3 37.028663042247246 -0.6716808582336393 1800.0 1 L r 2499965394870247040 nan nan nan nan nan nan nan nan nan nan 2016.0 3006.0 142832.18 683.02 181345.37 727.23 200385.65 968.95 202444.58 875.79 209134.59 2082.22 0.1020666851923457 0.15860175 4.142762384626237 0.19976805 -8.877469135008461 0.16014875 3 0
_Star_2499965704107896320 3006 Fstar_v3.3 37.0735769759847 -0.6550446657751188 1800.0 1 L r 2499965704107896320 nan nan nan nan nan nan nan nan nan nan 2016.0 3006.0 28435.85 1009.46 36531.38 434.68 38277.76 598.91 40107.55 770.61 45732.63 3142.67 -0.0723622179386469 0.49507883 2.797104169024601 0.6902751 -0.926994834808568 0.61338264 3 0
_Star_2499965841546855808 3006 Fstar_v3.3 37.11121462686687 -0.6339926419711706 1800.0 1 L r 2499965841546855808 nan nan nan nan nan nan nan nan nan nan 2016.0 3006.0 122694.88 3686.04 160940.84 2107.56 194243.53 3653.06 180628.4 2821.22 181261.92 4091.07 -0.0239291447903279 0.15994625 0.2699696419684578 0.2179538 0.1443433281905202 0.18127918 3 0
_Star_2499967319015609856 3006 Fstar_v3.3 37.15027052775605 -0.6166143997928927 1800.0 1 L r 2499967319015609856 nan nan nan nan nan nan nan nan nan nan 2016.0 3006.0 16330.01 713.7 24102.72 627.18 23486.94 847.94 21706.33 1687.89 37478.88 11363.56 0.7004789533364936 0.9211465 -0.2181371795267131 1.6881055 1.1153170945285398 1.4530106000000005 3 0
_Star_2499967490814306560 3006 Fstar_v3.3 37.148345230059206 -0.5968616904138595 1800.0 1 L r 2499967490814306560 nan nan nan nan nan nan nan nan nan nan 2016.0 3006.0 243347.2 1593.8 340836.37 811.17 385608.19 1493.09 390576.89 2720.31 407179.52 3840.27 0.4270530959060549 0.11263199 1.6147538412841318 0.16960755 -5.783247966075402 0.12183416 3 0
_Star_2499982437300518528 3006 Fstar_v3.3 36.94889532588255 -0.5157005311416459 1800.0 1 L r 2499982437300518528 nan nan nan nan nan nan nan nan nan nan 2016.0 3006.0 71151.86 1172.0 89963.46 650.03 99619.97 905.79 99509.95 1358.92 101752.7 1620.19 -0.2890407305517781 0.2654205999999999 1.632783887879818 0.3743742 -2.9499532301360536 0.25754952 3 0
_Star_2499982334221299968 3006 Fstar_v3.3 36.96901428453617 -0.5297863423850616 1800.0 1 L r 2499982334221299968 nan nan nan nan nan nan nan nan nan nan 2016.0 3006.0 27016.34 821.11 26481.75 968.04 25322.48 686.72 32043.96 2097.23 32999.42 3215.03 -1.340087559235296 0.867619 -0.8100298154777754 1.2772743999999998 0.0370707644399022 0.9117848 3 0
_Star_2499984120927704960 3006 Fstar_v3.3 36.975686836301406 -0.4851365099978609 1800.0 1 L r 2499984120927704960 nan nan nan nan nan nan nan nan nan nan 2016.0 3006.0 122367.48 1825.7 154094.3 761.72 165465.03 558.85 163857.59 1485.34 169225.77 1795.38 0.3696914450009168 0.17802553 1.232966960032282 0.25813627 -8.743715754504349 0.17632511 3 0
_Star_2499988244096318976 3006 Fstar_v3.3 36.90171239379705 -0.4347820366784447 1800.0 1 L r 2499988244096318976 nan nan nan nan nan nan nan nan nan nan 2016.0 3006.0 24366.12 778.47 23883.96 397.28 23994.19 435.89 22345.31 632.78 24782.57 3861.0 1.7502565475520862 0.81027263 8.905014162940915 1.3968391000000002 -6.007189684920963 1.1878544 3 0
_Star_2499971652638083456 3006 Fstar_v3.3 37.137347961615966 -0.4929701878522535 1800.0 1 L r 2499971652638083456 nan nan nan nan nan nan nan nan nan nan 2016.0 3006.0 31668.4 1751.58 41345.34 475.7 45922.54 681.1 45067.79 707.94 44724.55 2144.38 -0.3203941786356935 0.45726618 6.563496340782829 0.73096913 -4.344510041255702 0.59943545 3 0
_Star_2500360325702904320 3006 Fstar_v3.3 37.092676203013255 -0.3865204134698213 1800.0 1 L r 2500360325702904320 nan nan nan nan nan nan nan nan nan nan 2016.0 3006.0 36460.79 807.91 46570.03 358.45 51530.74 734.94 50664.79 867.86 54448.51 5331.98 -0.1431155974533176 0.50710785 0.9887381890207864 0.55842656 -2.557770968514558 0.43549535 3 0
_Star_2499778306094815232 3006 Fstar_v3.3 37.25005772691805 -0.6826165311214828 1800.0 1 L r 2499778306094815232 nan nan nan nan nan nan nan nan nan nan 2016.0 3006.0 20367.88 501.93 26065.52 489.7 30876.35 449.89 30215.28 679.45 34209.49 3770.83 -1.126910621751187 0.96456397 2.9801739522061803 1.1989728000000002 -4.369336265199812 1.2860556 3 0
_Star_2499779096368801024 3006 Fstar_v3.3 37.25210027577123 -0.6237809201502905 1800.0 1 L r 2499779096368801024 nan nan nan nan nan nan nan nan nan nan 2016.0 3006.0 18245.1 356.72 22502.25 410.51 24673.24 487.15 25722.09 457.45 38753.07 4341.9 -0.0311556889965257 0.88297594 -1.8100297968567287 1.3153578 -4.302393246866067 1.2131855 3 0
_Star_2499778924570108672 3006 Fstar_v3.3 37.27409063146774 -0.6405269747762927 1800.0 1 L r 2499778924570108672 nan nan nan nan nan nan nan nan nan nan 2016.0 3006.0 50987.84 1033.62 65238.84 184.17 72541.45 506.18 71112.5 1440.54 75869.35 3325.16 -0.3002968794085895 0.37360558 0.8281338136245385 0.4857917999999999 -3.3224511609307816 0.36413413 3 0
_Star_2499966975418235136 3006 Fstar_v3.3 37.24492150184831 -0.5839392649407661 1800.0 1 L r 2499966975418235136 nan nan nan nan nan nan nan nan nan nan 2016.0 3006.0 15446.37 451.47 15996.56 416.03 20955.9 341.46 29391.81 581.92 37344.48 3218.22 -1.4603239323389483 1.6991561999999998 3.008604903884944 2.573193 2.2961994210506744 2.1976447 3 0
_Star_2499777657555186816 3006 Fstar_v3.3 37.325433467257966 -0.6892037240683657 1800.0 1 L r 2499777657555186816 nan nan nan nan nan nan nan nan nan nan 2016.0 3006.0 433018.4 2118.56 547401.68 1560.42 592087.47 2104.98 596687.06 2192.78 602984.21 4139.72 0.2788803042373579 0.078941576 17.654455715275272 0.09952087 -15.989029652129531 0.073456235 3 0
_Star_2500153480078208896 3006 Fstar_v3.3 37.3323727743369 -0.6301468449138042 1800.0 1 L r 2500153480078208896 nan nan nan nan nan nan nan nan nan nan 2016.0 3006.0 379512.76 2789.71 568050.05 1911.23 671902.2 1389.31 700852.34 2608.5 741081.34 3538.4 0.567855146015497 0.076255195 9.15753546007388 0.09112405 -13.212260783011468 0.07213715 3 0
_Star_2500153273919778432 3006 Fstar_v3.3 37.396012000932174 -0.6341516779731934 1800.0 1 L r 2500153273919778432 nan nan nan nan nan nan nan nan nan nan 2016.0 3006.0 18478.47 387.24 23458.82 286.0 26401.34 340.43 26178.59 592.97 33495.46 3645.66 0.3180345052162267 0.75867224 -0.5546425584017012 1.1892877 -2.128823314638226 1.0858501 3 0
_Star_2500153548797686912 3006 Fstar_v3.3 37.35804245149326 -0.6188434712084179 1800.0 1 L r 2500153548797686912 nan nan nan nan nan nan nan nan nan nan 2016.0 3006.0 109009.95 1363.96 139696.75 826.55 151490.73 1019.95 152653.36 1068.13 150268.04 4477.72 0.1777370143093146 0.17353411 4.438919337071992 0.22000429 -4.826705192211948 0.17493664 3 0
_Star_2500153686236641152 3006 Fstar_v3.3 37.41132600057959 -0.6127069450484385 1800.0 1 L r 2500153686236641152 nan nan nan nan nan nan nan nan nan nan 2016.0 3006.0 497400.35 2997.04 675439.56 1498.02 751598.98 1707.78 764727.09 3451.97 776436.42 4197.78 0.3231841780392505 0.07947465 6.774385178796727 0.09482127 -2.9168926101857666 0.07356486 3 0
_Star_2500155369863824512 3006 Fstar_v3.3 37.43294622521287 -0.5828098053297874 1800.0 1 L r 2500155369863824512 nan nan nan nan nan nan nan nan nan nan 2016.0 3006.0 123784.52 2273.47 167088.53 932.75 180196.42 2234.75 216225.28 1493.83 232244.75 4615.01 -0.0117662597555695 0.20865166 -0.1629823702175896 0.25810546 -0.1211295582615363 0.19150324 3 0
_Star_2500154167272982656 3006 Fstar_v3.3 37.39823470723496 -0.5735968776389695 1800.0 1 L r 2500154167272982656 nan nan nan nan nan nan nan nan nan nan 2016.0 3006.0 37261.98 413.93 47562.69 502.68 53479.4 441.04 52954.93 1064.28 56051.34 3569.93 0.1637104094684523 0.47802842 1.4612819617512791 0.6473797 -2.339471105401989 0.47395673 3 0
_Star_2500347372081531648 3006 Fstar_v3.3 37.22832194313819 -0.4515535928186244 1800.0 1 L r 2500347372081531648 nan nan nan nan nan nan nan nan nan nan 2016.0 3006.0 76656.04 820.33 95645.83 854.77 102467.53 998.31 103873.77 772.07 101696.59 1350.57 -0.2561273445701547 0.32552397 2.757088830656018 0.3524678 -4.386512369758964 0.28004184 3 0
_Star_2500343214554041088 3006 Fstar_v3.3 37.32307546008979 -0.5046323176509651 1800.0 1 L r 2500343214554041088 nan nan nan nan nan nan nan nan nan nan 2016.0 3006.0 29391.81 1065.75 37478.88 696.39 40211.12 703.09 39408.15 833.51 41246.39 3090.55 -0.3881729591215129 0.69344157 -0.6871718633165191 0.653591 -1.8902406479778884 0.541219 3 0
_Star_2500344692021934848 3006 Fstar_v3.3 37.32591659263653 -0.4920215667788303 1800.0 1 L r 2500344692021934848 nan nan nan nan nan nan nan nan nan nan 2016.0 3006.0 22263.15 367.51 28032.81 652.06 31010.29 593.91 30737.32 1541.4 37196.83 1144.54 1.3152136034871929 1.0348190000000002 3.9318678594548464 1.2871207 -1.6758493666179943 0.95926845 3 0
_Star_2500345722814090368 3006 Fstar_v3.3 37.323131014386114 -0.4506924089228313 1800.0 1 L r 2500345722814090368 nan nan nan nan nan nan nan nan nan nan 2016.0 3006.0 150808.58 919.1 185740.28 765.38 198383.89 902.63 196546.76 1339.23 200754.91 2148.38 0.3246205943254425 0.1976914 9.140357014736235 0.19144912 -5.383448582058391 0.15278536 3 0
_Star_2500157328368923776 3006 Fstar_v3.3 37.42401139728038 -0.4705662599741634 1800.0 1 L r 2500157328368923776 nan nan nan nan nan nan nan nan nan nan 2016.0 3006.0 26621.12 441.71 33292.48 434.41 35653.83 438.33 36794.8 996.04 39699.65 5084.73 0.1980321368003154 0.65350586 -1.0265793062392046 0.77533597 -4.092867077853515 0.59566593 3 0
_Star_2500037515961165184 3006 Fstar_v3.3 36.87126877658236 -0.2907968486660713 1800.0 1 L r 2500037515961165184 nan nan nan nan nan nan nan nan nan nan 2016.0 3006.0 30882.05 330.97 36056.7 454.6 56569.98 692.66 56967.4 1731.21 60615.87 3447.12 -0.2119674137883666 0.3976136 0.0651789513759133 0.5089076 -0.0269216182918257 0.41430464 3 0
_Star_2500364517590996864 3006 Fstar_v3.3 36.983552331349934 -0.3386267112604118 1800.0 1 L r 2500364517590996864 nan nan nan nan nan nan nan nan nan nan 2016.0 3006.0 169038.88 1426.44 219941.01 880.59 241316.14 1148.42 246755.33 746.81 244921.18 3893.97 0.1092968974962291 0.13307221 8.103923340737667 0.16929334 -8.035188600240309 0.1383145999999999 3 0
_Star_2500364723749434880 3006 Fstar_v3.3 37.007851125038464 -0.3115507161092051 1800.0 1 L r 2500364723749434880 nan nan nan nan nan nan nan nan nan nan 2016.0 3006.0 37554.87 1102.88 48733.35 563.13 58262.07 1227.99 58563.35 1362.71 55465.88 1437.1 0.2939565858803135 0.39981383 5.718320673942803 0.5848763000000001 -1.5495952953210668 0.4247016999999999 3 0
_Star_2500413003477393024 3006 Fstar_v3.3 36.91305581562124 -0.2553067803766604 1800.0 1 L r 2500413003477393024 nan nan nan nan nan nan nan nan nan nan 2016.0 3006.0 422149.83 2238.79 570251.71 903.38 647956.76 2073.25 660185.51 3901.27 680622.09 8454.68 0.2822600670741268 0.079836845 0.2945742247307986 0.0976858999999999 -24.64381130977814 0.07785206 3 0
_Star_2500366269937680000 3006 Fstar_v3.3 36.992376520577935 -0.2523640379273042 1800.0 1 L r 2500366269937680000 nan nan nan nan nan nan nan nan nan nan 2016.0 3006.0 28138.84 1446.31 31441.73 395.14 34427.55 379.3 36440.68 499.22 36269.9 4013.27 -0.3209922539447545 0.57801676 0.6783908834026529 0.72368 -2.543846732190456 0.59677595 3 0
_Star_2500361871891146752 3006 Fstar_v3.3 37.09253980695664 -0.3233676852258234 1800.0 1 L r 2500361871891146752 nan nan nan nan nan nan nan nan nan nan 2016.0 3006.0 512892.38 1560.78 711060.06 2094.4 804018.92 2915.46 811532.72 3070.52 828373.74 5429.99 0.4199615129355541 0.08229285 5.236583306002878 0.087680034 -3.0420064449036115 0.06834409 3 0
_Star_2500361631372975488 3006 Fstar_v3.3 37.12527044221951 -0.331694740061663 1800.0 1 L r 2500361631372975488 nan nan nan nan nan nan nan nan nan nan 2016.0 3006.0 14931.6 814.02 18248.47 382.5 20377.3 1209.01 20940.44 394.53 30073.67 4387.03 0.2367555053472761 2.460964 -1.9186924758466264 2.4805663 -7.069339613445762 2.2925453 3 0
_Star_2500367403809067264 3006 Fstar_v3.3 37.14417519702819 -0.2017204366378778 1800.0 1 L r 2500367403809067264 nan nan nan nan nan nan nan nan nan nan 2016.0 3006.0 231924.28 1411.75 290607.04 1929.55 316829.76 1148.86 317151.07 2912.89 319585.08 7805.54 0.0625205239359303 0.1327744 4.0505517482066695 0.123453304 -10.019853332566749 0.11064684 3 0
_Star_2500419561891952384 3006 Fstar_v3.3 36.89360521390298 -0.1082975869056053 1800.0 1 L r 2500419561891952384 nan nan nan nan nan nan nan nan nan nan 2016.0 3006.0 24871.72 889.28 24034.01 281.13 24657.33 911.45 23682.41 1703.56 22979.79 3824.78 -0.5320774255424311 0.8121972 0.200361168950661 0.7409254 -2.7068376395883007 0.76711166 3 0
_Star_2500419699330916992 3006 Fstar_v3.3 36.91387666024797 -0.091355221580458 1800.0 1 L r 2500419699330916992 nan nan nan nan nan nan nan nan nan nan 2016.0 3006.0 19942.8 3565.65 18822.02 735.4 20603.75 1456.45 25582.71 1362.88 25836.08 887.71 0.6016500920693418 1.1651957 -2.143505107525584 1.1792692 -1.3512941516762018 1.1974399 3 0
_Star_2500426262040992256 3006 Fstar_v3.3 36.99605354194546 -0.0199934335148884 1800.0 1 L r 2500426262040992256 nan nan nan nan nan nan nan nan nan nan 2016.0 3006.0 14935.72 400.71 18231.68 470.13 19338.65 584.99 20932.76 3075.59 29313.38 3738.69 -2.5898563956867293 2.5927083 -0.3018754488966617 1.713305 -5.022579933865809 2.3749757 3 0
_Star_2500415610522017792 3006 Fstar_v3.3 37.025859677855344 -0.156797833266482 1800.0 1 L r 2500415610522017792 nan nan nan nan nan nan nan nan nan nan 2016.0 3006.0 74608.17 29.75 96184.69 446.31 109321.58 375.67 107960.81 1249.21 113403.42 2082.39 0.1525711001774558 0.24408774 4.9326282264617065 0.2287546 -6.79948606813478 0.21324492 3 0
_Star_2500422929146343552 3006 Fstar_v3.3 37.058703606293 -0.0592111946348587 1800.0 1 L r 2500422929146343552 nan nan nan nan nan nan nan nan nan nan 2016.0 3006.0 42908.76 2835.51 56820.67 334.15 63589.64 600.85 64065.85 2644.1 69904.73 6127.81 0.0789089704263833 0.32856202 1.5359553249888132 0.30439034 -4.020610371729863 0.31239194 3 0
_Star_2500426021522822400 3006 Fstar_v3.3 37.02194523891042 -0.0224081775689828 1800.0 1 L r 2500426021522822400 nan nan nan nan nan nan nan nan nan nan 2016.0 3006.0 32349.39 466.29 34816.56 691.69 41094.72 542.54 51993.12 971.73 54223.34 1187.16 0.2110812537349497 0.47352 -0.9741808844950954 0.6236653 -0.3311772717854259 0.6778731 3 0
_Star_2500422276311309184 3006 Fstar_v3.3 37.09651049821228 -0.0690544074199465 1800.0 1 L r 2500422276311309184 nan nan nan nan nan nan nan nan nan nan 2016.0 3006.0 87729.61 1609.25 112301.75 726.62 125356.4 522.91 125310.16 973.18 128418.1 1334.64 -0.2892751536565778 0.20492877 6.341450388714343 0.192513 -6.746245831308489 0.18833005 3 0
_Star_2500422035793127424 3006 Fstar_v3.3 37.13702746424532 -0.0869156702362317 1800.0 1 L r 2500422035793127424 nan nan nan nan nan nan nan nan nan nan 2016.0 3006.0 34039.72 504.26 43353.67 624.47 47641.63 654.07 48286.55 928.21 51407.5 2413.8 0.1983102634912707 0.48258376 2.6422581985113576 0.41355553 -2.006661506151895 0.43297535 3 0
_Star_2500362112409308160 3006 Fstar_v3.3 37.177083502733424 -0.3515899874531514 1800.0 1 L r 2500362112409308160 nan nan nan nan nan nan nan nan nan nan 2016.0 3006.0 39879.22 2635.86 47226.57 254.81 49497.8 329.02 50711.45 467.49 58839.1 4404.14 -0.0875456573764805 0.48181996 1.929690678471093 0.582152 -2.4652251083493364 0.39122885 3 0
