output/Jan25/final_nf_input/field_b_L1_visit2_final_targets.ecsv
# %ECSV 1.0
# ---
# datatype:
# - {name: ob_code, datatype: string}
# - {name: catId, datatype: int32}
# - {name: description, datatype: string}
# - {name: R.A., datatype: float64}
# - {name: Dec., datatype: float64}
# - {name: Exposure Time, datatype: float64}
# - {name: Priority, datatype: int32}
# - {name: resolution, datatype: string}
# - {name: reference_arm, datatype: string}
# - {name: ID, datatype: int64}
# - {name: g_hsc, datatype: float64}
# - {name: g_hsc_err, datatype: float64}
# - {name: r2_hsc, datatype: float64}
# - {name: r2_hsc_err, datatype: float64}
# - {name: i2_hsc, datatype: float64}
# - {name: i2_hsc_err, datatype: float64}
# - {name: z_hsc, datatype: float64}
# - {name: z_hsc_err, datatype: float64}
# - {name: y_hsc, datatype: float64}
# - {name: y_hsc_err, datatype: float64}
# - {name: epoch, datatype: float64}
# - {name: input_catalog_id, datatype: float64}
# - {name: psf_flux_g, datatype: float64}
# - {name: psf_flux_error_g, datatype: float64}
# - {name: psf_flux_r, datatype: float64}
# - {name: psf_flux_error_r, datatype: float64}
# - {name: psf_flux_i, datatype: float64}
# - {name: psf_flux_error_i, datatype: float64}
# - {name: psf_flux_z, datatype: float64}
# - {name: psf_flux_error_z, datatype: float64}
# - {name: psf_flux_y, datatype: float64}
# - {name: psf_flux_error_y, datatype: float64}
# - {name: parallax, datatype: float64}
# - {name: parallax_error, datatype: float64}
# - {name: pmra, datatype: float64}
# - {name: pmra_error, datatype: float64}
# - {name: pmdec, datatype: float64}
# - {name: pmdec_error, datatype: float64}
# - {name: target_type, datatype: int32}
# - {name: stage, datatype: int32}
# schema: astropy-2.0
ob_code catId description R.A. Dec. "Exposure Time" Priority resolution reference_arm ID g_hsc g_hsc_err r2_hsc r2_hsc_err i2_hsc i2_hsc_err z_hsc z_hsc_err y_hsc y_hsc_err epoch input_catalog_id psf_flux_g psf_flux_error_g psf_flux_r psf_flux_error_r psf_flux_i psf_flux_error_i psf_flux_z psf_flux_error_z psf_flux_y psf_flux_error_y parallax parallax_error pmra pmra_error pmdec pmdec_error target_type stage
[from data line 1081]
_Cos_41760005673735420 11 "HSC-SSP Public Data Release 4 (Wide)" 38.53763969311473 0.11763567339487524 1800.0 1 L r 41760005673735420 1400.8679 27.577589 1861.217 38.963497 2444.3547 46.143536 3959.5063 96.82153 3753.5781 220.75409 nan nan nan nan nan nan nan nan nan nan nan nan 1e-07 1e-07 0.0 0.0 0.0 0.0 1 0
_Cos_41760005673735798 11 "HSC-SSP Public Data Release 4 (Wide)" 38.48807231965885 0.12476253285019911 1800.0 1 L r 41760005673735798 398.19147 30.283964 662.93555 32.56635 2103.9236 35.993927 3610.3784 85.904755 4936.88 180.32732 nan nan nan nan nan nan nan nan nan nan nan nan 1e-07 1e-07 0.0 0.0 0.0 0.0 1 0
_Cos_41760005673736364 11 "HSC-SSP Public Data Release 4 (Wide)" 38.59022904648261 0.13421332353753807 1800.0 1 L r 41760005673736364 600.5824 28.165586 811.5106 29.951637 1417.6594 44.218452 1763.0072 106.51225 1749.3064 233.95349 nan nan nan nan nan nan nan nan nan nan nan nan 1e-07 1e-07 0.0 0.0 0.0 0.0 1 0
_Cos_41760005673736370 11 "HSC-SSP Public Data Release 4 (Wide)" 38.50633514802499 0.1358965663711747 1800.0 1 L r 41760005673736370 715.37177 27.126942 1196.3007 41.11653 1838.9116 42.969036 4161.7744 113.07699 3573.6606 228.56537 nan nan nan nan nan nan nan nan nan nan nan nan 1e-07 1e-07 0.0 0.0 0.0 0.0 1 0
_Cos_41760005673736396 11 "HSC-SSP Public Data Release 4 (Wide)" 38.59882840867699 0.134471489532003 1800.0 1 L r 41760005673736396 160.03487 22.927284 313.25192 21.5539 989.1527 29.809782 2416.5947 96.0989 3923.2944 183.27142 nan nan nan nan nan nan nan nan nan nan nan nan 1e-07 1e-07 0.0 0.0 0.0 0.0 1 0
_Cos_41760005673736494 11 "HSC-SSP Public Data Release 4 (Wide)" 38.54193310708139 0.1376230281068154 1800.0 1 L r 41760005673736494 526.0974 20.779808 662.6036 21.878725 1184.9159 51.966473 1076.7717 91.207405 656.16425 225.94829 nan nan nan nan nan nan nan nan nan nan nan nan 1e-07 1e-07 0.0 0.0 0.0 0.0 1 0
_Cos_41760005673736531 11 "HSC-SSP Public Data Release 4 (Wide)" 38.456137274359314 0.13843004796582767 1800.0 1 L r 41760005673736531 403.50867 27.071777 447.22217 38.378128 1140.1521 54.581802 1611.4166 113.06073 1816.5477 308.66956 nan nan nan nan nan nan nan nan nan nan nan nan 1e-07 1e-07 0.0 0.0 0.0 0.0 1 0
_Cos_41760005673737027 11 "HSC-SSP Public Data Release 4 (Wide)" 38.43667844147472 0.14821382325655288 1800.0 1 L r 41760005673737027 1031.1783 18.617556 1241.223 23.63692 1319.5702 28.171396 2041.9126 84.42921 1701.5085 162.79318 nan nan nan nan nan nan nan nan nan nan nan nan 1e-07 1e-07 0.0 0.0 0.0 0.0 1 0
_Cos_41760005673737397 11 "HSC-SSP Public Data Release 4 (Wide)" 38.432387763977395 0.15507148144846106 1800.0 1 L r 41760005673737397 443.22574 18.308758 537.2069 25.261137 919.5521 28.712122 1109.7787 66.30322 1708.2502 168.76105 nan nan nan nan nan nan nan nan nan nan nan nan 1e-07 1e-07 0.0 0.0 0.0 0.0 1 0
_Cos_41760005673737581 11 "HSC-SSP Public Data Release 4 (Wide)" 38.597719358161434 0.15974035416142446 1800.0 1 L r 41760005673737581 501.53497 25.143559 525.28204 32.283802 978.0145 44.2652 1599.3502 122.368126 2057.3352 232.10565 nan nan nan nan nan nan nan nan nan nan nan nan 1e-07 1e-07 0.0 0.0 0.0 0.0 1 0
_Cos_41760005673738170 11 "HSC-SSP Public Data Release 4 (Wide)" 38.45940104749659 0.16991127676531143 1800.0 1 L r 41760005673738170 1156.7949 22.929382 1142.9093 22.452724 1115.152 24.645504 1229.7188 68.70478 1328.8519 154.68231 nan nan nan nan nan nan nan nan nan nan nan nan 1e-07 1e-07 0.0 0.0 0.0 0.0 1 0
_Cos_41760005673738269 11 "HSC-SSP Public Data Release 4 (Wide)" 38.53621939475299 0.17235225556272177 1800.0 1 L r 41760005673738269 941.5481 25.641594 1101.1675 34.03774 1101.3733 43.134796 1112.2336 102.22545 1066.9803 229.65257 nan nan nan nan nan nan nan nan nan nan nan nan 1e-07 1e-07 0.0 0.0 0.0 0.0 1 0
_Cos_41760005673738312 11 "HSC-SSP Public Data Release 4 (Wide)" 38.54431830978728 0.17342273378915174 1800.0 1 L r 41760005673738312 986.97076 28.27376 1023.332 36.41268 1237.4008 49.888428 1471.5768 109.73012 1559.9125 239.31744 nan nan nan nan nan nan nan nan nan nan nan nan 1e-07 1e-07 0.0 0.0 0.0 0.0 1 0
_Cos_41760005673738360 11 "HSC-SSP Public Data Release 4 (Wide)" 38.427311381445726 0.1742204119608586 1800.0 1 L r 41760005673738360 975.2275 29.28713 1383.0507 46.280426 1975.6427 42.792065 2403.0613 90.67275 2903.6265 244.42938 nan nan nan nan nan nan nan nan nan nan nan nan 1e-07 1e-07 0.0 0.0 0.0 0.0 1 0
_Cos_41760005673738683 11 "HSC-SSP Public Data Release 4 (Wide)" 38.454712393640236 0.18226562989982845 1800.0 1 L r 41760005673738683 1076.3064 21.329893 1165.5737 25.05609 1364.369 32.192535 2095.214 71.885735 2513.6968 170.45854 nan nan nan nan nan nan nan nan nan nan nan nan 1e-07 1e-07 0.0 0.0 0.0 0.0 1 0
_Cos_41760005673738722 11 "HSC-SSP Public Data Release 4 (Wide)" 38.497575884348606 0.1814435784672853 1800.0 1 L r 41760005673738722 984.51556 38.998955 1205.789 51.433205 1885.8575 49.010857 2023.3767 87.58921 2776.3867 210.22678 nan nan nan nan nan nan nan nan nan nan nan nan 1e-07 1e-07 0.0 0.0 0.0 0.0 1 0
_Cos_41760005673739033 11 "HSC-SSP Public Data Release 4 (Wide)" 38.570527754106784 0.18759304213939051 1800.0 1 L r 41760005673739033 665.7427 23.84842 888.96533 30.361437 1028.7153 45.91315 895.88446 82.29656 783.0041 147.97853 nan nan nan nan nan nan nan nan nan nan nan nan 1e-07 1e-07 0.0 0.0 0.0 0.0 1 0
_Cos_41760005673739272 11 "HSC-SSP Public Data Release 4 (Wide)" 38.4806766104453 0.1921063786879922 1800.0 1 L r 41760005673739272 642.8771 31.594908 669.41064 38.861008 1355.3755 46.13831 2322.2285 111.71347 2087.3801 253.94533 nan nan nan nan nan nan nan nan nan nan nan nan 1e-07 1e-07 0.0 0.0 0.0 0.0 1 0
_Cos_41760005673739867 11 "HSC-SSP Public Data Release 4 (Wide)" 38.468941672230585 0.2019699957635292 1800.0 1 L r 41760005673739867 826.9078 22.564953 1184.428 36.22143 2393.0596 42.97408 3115.0972 96.095795 2920.7407 193.57114 nan nan nan nan nan nan nan nan nan nan nan nan 1e-07 1e-07 0.0 0.0 0.0 0.0 1 0
_Cos_41760005673740222 11 "HSC-SSP Public Data Release 4 (Wide)" 38.56557075377145 0.2073784924903553 1800.0 1 L r 41760005673740222 539.3228 16.35663 570.09393 17.706171 990.3103 29.498749 610.5415 62.883144 566.1652 125.86582 nan nan nan nan nan nan nan nan nan nan nan nan 1e-07 1e-07 0.0 0.0 0.0 0.0 1 0
_Cos_41760005673741080 11 "HSC-SSP Public Data Release 4 (Wide)" 38.59413003921944 0.22608066418667735 1800.0 1 L r 41760005673741080 642.4977 17.76458 888.32245 19.599836 1762.4934 34.758892 2907.8062 74.36419 4750.176 162.15953 nan nan nan nan nan nan nan nan nan nan nan nan 1e-07 1e-07 0.0 0.0 0.0 0.0 1 0
_Cos_41760005673741149 11 "HSC-SSP Public Data Release 4 (Wide)" 38.54587518904615 0.22634498592840732 1800.0 1 L r 41760005673741149 1108.6051 31.95249 1471.6504 47.536095 2210.5984 64.147705 3675.1997 119.172195 6908.9785 291.69345 nan nan nan nan nan nan nan nan nan nan nan nan 1e-07 1e-07 0.0 0.0 0.0 0.0 1 0
_Cos_41760005673741380 11 "HSC-SSP Public Data Release 4 (Wide)" 38.427519598775426 0.23096443297616287 1800.0 1 L r 41760005673741380 736.9904 24.490175 999.62604 32.326317 1715.791 39.076046 2094.3682 83.46626 2922.526 254.79994 nan nan nan nan nan nan nan nan nan nan nan nan 1e-07 1e-07 0.0 0.0 0.0 0.0 1 0
_Cos_41760005673741463 11 "HSC-SSP Public Data Release 4 (Wide)" 38.579501949762275 0.23287478816598958 1800.0 1 L r 41760005673741463 685.2132 20.681568 690.1806 25.4275 1032.7357 33.281437 1159.6039 73.49892 1596.9526 155.78789 nan nan nan nan nan nan nan nan nan nan nan nan 1e-07 1e-07 0.0 0.0 0.0 0.0 1 0
_Cos_41760005673741512 11 "HSC-SSP Public Data Release 4 (Wide)" 38.52904857428062 0.2343222772794762 1800.0 1 L r 41760005673741512 603.24994 26.037722 742.782 39.835224 1104.4587 55.264843 1103.6312 118.63237 1460.9447 211.02878 nan nan nan nan nan nan nan nan nan nan nan nan 1e-07 1e-07 0.0 0.0 0.0 0.0 1 0
_Cos_41760005673741575 11 "HSC-SSP Public Data Release 4 (Wide)" 38.48394810661596 0.23539638811224267 1800.0 1 L r 41760005673741575 1225.5205 32.97767 1324.054 47.10014 1504.3354 58.233704 1946.2118 111.65607 2029.5405 295.10614 nan nan nan nan nan nan nan nan nan nan nan nan 1e-07 1e-07 0.0 0.0 0.0 0.0 1 0
_Cos_41760005673741943 11 "HSC-SSP Public Data Release 4 (Wide)" 38.539710469424804 0.24254651131538266 1800.0 1 L r 41760005673741943 679.3612 20.393812 933.00665 21.179459 1176.266 36.82084 1405.3169 80.25382 1038.3271 158.43567 nan nan nan nan nan nan nan nan nan nan nan nan 1e-07 1e-07 0.0 0.0 0.0 0.0 1 0
_Cos_41760005673742461 11 "HSC-SSP Public Data Release 4 (Wide)" 38.46316791352631 0.25437657750709103 1800.0 1 L r 41760005673742461 775.06433 22.725695 679.8213 21.847538 1000.6833 34.95513 810.6318 64.68288 930.6079 156.90866 nan nan nan nan nan nan nan nan nan nan nan nan 1e-07 1e-07 0.0 0.0 0.0 0.0 1 0
_Cos_41760005673742636 11 "HSC-SSP Public Data Release 4 (Wide)" 38.590086008666965 0.2563998095945495 1800.0 1 L r 41760005673742636 752.9067 16.720684 868.06244 19.678337 952.9719 31.141678 1444.412 65.04048 1593.3997 144.00833 nan nan nan nan nan nan nan nan nan nan nan nan 1e-07 1e-07 0.0 0.0 0.0 0.0 1 0
_Cos_41760005673742821 11 "HSC-SSP Public Data Release 4 (Wide)" 38.56666237537688 0.26077171380152886 1800.0 1 L r 41760005673742821 913.56775 22.445927 948.13666 27.444498 1512.3988 36.05577 2033.666 84.511024 2765.1914 190.03308 nan nan nan nan nan nan nan nan nan nan nan nan 1e-07 1e-07 0.0 0.0 0.0 0.0 1 0
_Cos_41760005673743399 11 "HSC-SSP Public Data Release 4 (Wide)" 38.4936943351911 0.2735129511578071 1800.0 1 L r 41760005673743399 944.43024 26.205612 1220.969 36.08135 1680.0547 43.733658 1813.9607 83.93702 2223.6545 235.60674 nan nan nan nan nan nan nan nan nan nan nan nan 1e-07 1e-07 0.0 0.0 0.0 0.0 1 0
_Cos_41760005673743477 11 "HSC-SSP Public Data Release 4 (Wide)" 38.45582411427315 0.27403787048402073 1800.0 1 L r 41760005673743477 374.48517 32.177906 503.0571 34.252613 1358.2318 68.50831 1227.73 88.713974 756.2237 171.7697 nan nan nan nan nan nan nan nan nan nan nan nan 1e-07 1e-07 0.0 0.0 0.0 0.0 1 0
_Cos_41760009968682507 11 "HSC-SSP Public Data Release 4 (Wide)" 38.52856425996647 0.3098592854994314 1800.0 1 L r 41760009968682507 1096.9537 20.912857 1362.134 28.825277 1444.964 51.980167 1817.888 88.758675 2172.1052 184.8306 nan nan nan nan nan nan nan nan nan nan nan nan 1e-07 1e-07 0.0 0.0 0.0 0.0 1 0
_Cos_41760009968684070 11 "HSC-SSP Public Data Release 4 (Wide)" 38.522932067462264 0.34737281472156134 1800.0 1 L r 41760009968684070 716.0034 25.684196 967.94006 32.938198 1745.9993 51.191597 2143.6382 72.663704 2262.5498 204.24628 nan nan nan nan nan nan nan nan nan nan nan nan 1e-07 1e-07 0.0 0.0 0.0 0.0 1 0
_Cos_41760009968684203 11 "HSC-SSP Public Data Release 4 (Wide)" 38.49998224457418 0.3506579776659742 1800.0 1 L r 41760009968684203 1004.3372 30.050043 1737.5175 41.513897 2703.1807 43.605507 4988.1035 90.60385 5433.825 150.13158 nan nan nan nan nan nan nan nan nan nan nan nan 1e-07 1e-07 0.0 0.0 0.0 0.0 1 0
_Cos_41760009968685401 11 "HSC-SSP Public Data Release 4 (Wide)" 38.457288139899475 0.3800120659353768 1800.0 1 L r 41760009968685401 1473.5006 29.790316 1654.4716 37.26603 1745.4025 35.88381 2602.2024 75.31535 2890.9062 174.80193 nan nan nan nan nan nan nan nan nan nan nan nan 1e-07 1e-07 0.0 0.0 0.0 0.0 1 0
_Cos_41760009968686850 11 "HSC-SSP Public Data Release 4 (Wide)" 38.518049162313744 0.41452272065021767 1800.0 1 L r 41760009968686850 1616.4618 26.521696 1965.9661 36.056244 3440.5884 47.614414 4158.536 96.18496 4513.4033 215.14018 nan nan nan nan nan nan nan nan nan nan nan nan 1e-07 1e-07 0.0 0.0 0.0 0.0 1 0
_Cos_41760009968687958 11 "HSC-SSP Public Data Release 4 (Wide)" 38.52903360564401 0.43980948784000584 1800.0 1 L r 41760009968687958 616.92566 19.367706 824.9997 28.7428 945.9834 38.542313 1680.2511 75.43789 2109.9163 163.09944 nan nan nan nan nan nan nan nan nan nan nan nan 1e-07 1e-07 0.0 0.0 0.0 0.0 1 0
_Cos_41760009968699949 11 "HSC-SSP Public Data Release 4 (Wide)" 38.46951866632273 0.2781488583717796 1800.0 1 L r 41760009968699949 777.0425 19.327026 1045.1257 38.225277 1369.4305 44.038536 1198.4071 84.72692 1467.1244 156.63669 nan nan nan nan nan nan nan nan nan nan nan nan 1e-07 1e-07 0.0 0.0 0.0 0.0 1 0
_Cos_41760009968700097 11 "HSC-SSP Public Data Release 4 (Wide)" 38.60004056285038 0.28097319824983125 1800.0 1 L r 41760009968700097 533.76056 30.465813 739.20105 42.580883 1212.6373 37.044563 1875.5593 98.04484 1523.0302 153.23317 nan nan nan nan nan nan nan nan nan nan nan nan 1e-07 1e-07 0.0 0.0 0.0 0.0 1 0
_Cos_41760009968700205 11 "HSC-SSP Public Data Release 4 (Wide)" 38.56423155825595 0.28631709419867585 1800.0 1 L r 41760009968700205 541.858 21.098385 837.9349 33.343285 1047.5543 36.61041 1661.5013 75.08226 1433.618 168.7899 nan nan nan nan nan nan nan nan nan nan nan nan 1e-07 1e-07 0.0 0.0 0.0 0.0 1 0
_Cos_41760009968700310 11 "HSC-SSP Public Data Release 4 (Wide)" 38.4655674342216 0.2852023617036233 1800.0 1 L r 41760009968700310 691.44574 25.56912 923.73834 24.662617 1552.2659 27.552843 2189.3486 63.55751 1728.7587 136.4028 nan nan nan nan nan nan nan nan nan nan nan nan 1e-07 1e-07 0.0 0.0 0.0 0.0 1 0
_Cos_41760009968700627 11 "HSC-SSP Public Data Release 4 (Wide)" 38.528771743770584 0.29408776858917474 1800.0 1 L r 41760009968700627 1731.8 23.497025 1955.3903 32.3758 2966.2449 45.887127 3653.425 84.47916 4429.273 212.76518 nan nan nan nan nan nan nan nan nan nan nan nan 1e-07 1e-07 0.0 0.0 0.0 0.0 1 0
_Cos_41760009968700960 11 "HSC-SSP Public Data Release 4 (Wide)" 38.43705130604203 0.30338712122534434 1800.0 1 L r 41760009968700960 1275.7749 23.922194 1551.1096 35.810097 2868.9668 42.923218 3302.1091 80.87582 3764.1987 174.15208 nan nan nan nan nan nan nan nan nan nan nan nan 1e-07 1e-07 0.0 0.0 0.0 0.0 1 0
_Cos_41760009968701170 11 "HSC-SSP Public Data Release 4 (Wide)" 38.45788111886539 0.30625093365711464 1800.0 1 L r 41760009968701170 239.95505 35.097965 308.12946 38.396088 1521.5042 107.010254 3216.7473 328.27798 320.5318 140.33745 nan nan nan nan nan nan nan nan nan nan nan nan 1e-07 1e-07 0.0 0.0 0.0 0.0 1 0
_Cos_41760009968702387 11 "HSC-SSP Public Data Release 4 (Wide)" 38.4661479048629 0.3327084497570251 1800.0 1 L r 41760009968702387 766.43243 24.635172 901.07166 42.147125 1099.5094 33.844707 1397.9939 79.04646 1306.9236 161.36299 nan nan nan nan nan nan nan nan nan nan nan nan 1e-07 1e-07 0.0 0.0 0.0 0.0 1 0
_Cos_41760009968702592 11 "HSC-SSP Public Data Release 4 (Wide)" 38.525576784310154 0.3360732155074096 1800.0 1 L r 41760009968702592 595.9102 28.639181 718.7179 42.974697 978.94025 82.77323 1276.6216 98.106026 1148.155 230.45995 nan nan nan nan nan nan nan nan nan nan nan nan 1e-07 1e-07 0.0 0.0 0.0 0.0 1 0
_Cos_41760009968703085 11 "HSC-SSP Public Data Release 4 (Wide)" 38.51170310383817 0.3477293296807328 1800.0 1 L r 41760009968703085 1253.4117 32.372932 1515.7124 45.52446 2937.974 56.958096 3587.4253 104.89223 3418.2773 201.3642 nan nan nan nan nan nan nan nan nan nan nan nan 1e-07 1e-07 0.0 0.0 0.0 0.0 1 0
_Cos_41760009968703308 11 "HSC-SSP Public Data Release 4 (Wide)" 38.47534089159954 0.3513178336512573 1800.0 1 L r 41760009968703308 1061.4697 27.412252 1264.4243 46.359768 1631.5663 56.633217 1641.8674 113.73759 1878.7319 180.65457 nan nan nan nan nan nan nan nan nan nan nan nan 1e-07 1e-07 0.0 0.0 0.0 0.0 1 0
_Cos_41760009968703630 11 "HSC-SSP Public Data Release 4 (Wide)" 38.444145201549006 0.3595550256454453 1800.0 1 L r 41760009968703630 1891.6587 21.560553 2400.3945 29.147387 2709.3545 35.31157 4210.831 73.165794 6221.708 169.53333 nan nan nan nan nan nan nan nan nan nan nan nan 1e-07 1e-07 0.0 0.0 0.0 0.0 1 0
