output/Jan25/final_nf_input/field_a_L1_visit2_final_targets.ecsv
# %ECSV 1.0
# ---
# datatype:
# - {name: ob_code, datatype: string}
# - {name: catId, datatype: int32}
# - {name: description, datatype: string}
# - {name: R.A., datatype: float64}
# - {name: Dec., datatype: float64}
# - {name: Exposure Time, datatype: float64}
# - {name: Priority, datatype: int32}
# - {name: resolution, datatype: string}
# - {name: reference_arm, datatype: string}
# - {name: ID, datatype: int64}
# - {name: g_hsc, datatype: float64}
# - {name: g_hsc_err, datatype: float64}
# - {name: r2_hsc, datatype: float64}
# - {name: r2_hsc_err, datatype: float64}
# - {name: i2_hsc, datatype: float64}
# - {name: i2_hsc_err, datatype: float64}
# - {name: z_hsc, datatype: float64}
# - {name: z_hsc_err, datatype: float64}
# - {name: y_hsc, datatype: float64}
# - {name: y_hsc_err, datatype: float64}
# - {name: epoch, datatype: float64}
# - {name: input_catalog_id, datatype: float64}
# - {name: psf_flux_g, datatype: float64}
# - {name: psf_flux_error_g, datatype: float64}
# - {name: psf_flux_r, datatype: float64}
# - {name: psf_flux_error_r, datatype: float64}
# - {name: psf_flux_i, datatype: float64}
# - {name: psf_flux_error_i, datatype: float64}
# - {name: psf_flux_z, datatype: float64}
# - {name: psf_flux_error_z, datatype: float64}
# - {name: psf_flux_y, datatype: float64}
# - {name: psf_flux_error_y, datatype: float64}
# - {name: parallax, datatype: float64}
# - {name: parallax_error, datatype: float64}
# - {name: pmra, datatype: float64}
# - {name: pmra_error, datatype: float64}
# - {name: pmdec, datatype: float64}
# - {name: pmdec_error, datatype: float64}
# - {name: target_type, datatype: int32}
# - {name: stage, datatype: int32}
# schema: astropy-2.0
ob_code catId description R.A. Dec. "Exposure Time" Priority resolution reference_arm ID g_hsc g_hsc_err r2_hsc r2_hsc_err i2_hsc i2_hsc_err z_hsc z_hsc_err y_hsc y_hsc_err epoch input_catalog_id psf_flux_g psf_flux_error_g psf_flux_r psf_flux_error_r psf_flux_i psf_flux_error_i psf_flux_z psf_flux_error_z psf_flux_y psf_flux_error_y parallax parallax_error pmra pmra_error pmdec pmdec_error target_type stage
[from data line 464]
_Cos_38558227813650184 11 "HSC-SSP Public Data Release 4 (Wide)" 37.108429345967295 -4.351898124367303 1800.0 1 L r 38558227813650184 705.87286 29.112305 850.05334 58.76285 1698.9076 51.959602 2117.6436 124.20886 1623.8705 158.09604 nan nan nan nan nan nan nan nan nan nan nan nan 1e-07 1e-07 0.0 0.0 0.0 0.0 1 0
_Cos_38558227813650514 11 "HSC-SSP Public Data Release 4 (Wide)" 37.22665777308778 -4.344022556065863 1800.0 1 L r 38558227813650514 330.3496 18.287994 577.90704 38.05374 1105.444 28.689701 2149.558 70.87616 3021.732 152.23753 nan nan nan nan nan nan nan nan nan nan nan nan 1e-07 1e-07 0.0 0.0 0.0 0.0 1 0
_Cos_38558227813650878 11 "HSC-SSP Public Data Release 4 (Wide)" 37.28121808995236 -4.338471076173536 1800.0 1 L r 38558227813650878 718.68915 17.410423 731.6558 36.1838 930.2665 30.0006 947.6575 75.26312 875.2978 109.91426 nan nan nan nan nan nan nan nan nan nan nan nan 1e-07 1e-07 0.0 0.0 0.0 0.0 1 0
_Cos_38558227813651342 11 "HSC-SSP Public Data Release 4 (Wide)" 37.138736841128875 -4.3304633713903 1800.0 1 L r 38558227813651342 339.91946 16.741163 408.23618 43.77836 977.6248 26.518694 1455.9336 79.74767 1561.5685 151.10426 nan nan nan nan nan nan nan nan nan nan nan nan 1e-07 1e-07 0.0 0.0 0.0 0.0 1 0
_Cos_38558227813651509 11 "HSC-SSP Public Data Release 4 (Wide)" 37.261412581649346 -4.326349215839877 1800.0 1 L r 38558227813651509 903.8569 28.70785 1371.9475 53.65993 2232.168 39.830536 4275.795 94.69454 5705.0566 209.65347 nan nan nan nan nan nan nan nan nan nan nan nan 1e-07 1e-07 0.0 0.0 0.0 0.0 1 0
_Cos_38558227813652031 11 "HSC-SSP Public Data Release 4 (Wide)" 37.137329496745515 -4.317135953253715 1800.0 1 L r 38558227813652031 381.64175 19.56794 510.01788 48.387527 996.07306 32.010685 2064.2205 89.58606 1858.4612 146.96042 nan nan nan nan nan nan nan nan nan nan nan nan 1e-07 1e-07 0.0 0.0 0.0 0.0 1 0
_Cos_38558227813652093 11 "HSC-SSP Public Data Release 4 (Wide)" 37.218927990414684 -4.3061283096073275 1800.0 1 L r 38558227813652093 1006.4358 22.518896 1409.3417 44.968384 1646.6956 39.469307 2042.083 100.54524 2137.7698 191.17908 nan nan nan nan nan nan nan nan nan nan nan nan 1e-07 1e-07 0.0 0.0 0.0 0.0 1 0
_Cos_38558227813652255 11 "HSC-SSP Public Data Release 4 (Wide)" 37.183881887250436 -4.312209825447523 1800.0 1 L r 38558227813652255 1556.478 35.693897 2164.82 64.64652 2688.3025 47.739677 3537.519 128.60104 2974.1992 237.71317 nan nan nan nan nan nan nan nan nan nan nan nan 1e-07 1e-07 0.0 0.0 0.0 0.0 1 0
_Cos_38558227813652918 11 "HSC-SSP Public Data Release 4 (Wide)" 37.21828790978831 -4.298888616713789 1800.0 1 L r 38558227813652918 760.61847 14.678564 803.2182 36.637863 983.49805 22.947214 1068.3451 62.751472 1851.6179 101.88271 nan nan nan nan nan nan nan nan nan nan nan nan 1e-07 1e-07 0.0 0.0 0.0 0.0 1 0
_Cos_38558227813653206 11 "HSC-SSP Public Data Release 4 (Wide)" 37.149054375552666 -4.292508828367071 1800.0 1 L r 38558227813653206 1773.7208 33.380013 1491.1941 54.14624 2043.1556 56.7407 1626.3308 110.74629 1082.4836 179.98465 nan nan nan nan nan nan nan nan nan nan nan nan 1e-07 1e-07 0.0 0.0 0.0 0.0 1 0
_Cos_38558227813653429 11 "HSC-SSP Public Data Release 4 (Wide)" 37.1969201391365 -4.288342568423409 1800.0 1 L r 38558227813653429 1110.7437 16.475801 1275.3022 34.960968 2241.0696 28.635654 3017.0437 80.49529 2644.1729 124.45869 nan nan nan nan nan nan nan nan nan nan nan nan 1e-07 1e-07 0.0 0.0 0.0 0.0 1 0
_Cos_38558227813653645 11 "HSC-SSP Public Data Release 4 (Wide)" 37.16551133018513 -4.283987858874271 1800.0 1 L r 38558227813653645 643.6869 22.633276 676.2109 45.797398 1061.4095 28.109768 2209.0457 90.45496 2505.759 177.98979 nan nan nan nan nan nan nan nan nan nan nan nan 1e-07 1e-07 0.0 0.0 0.0 0.0 1 0
_Cos_38558227813653884 11 "HSC-SSP Public Data Release 4 (Wide)" 37.15701091448604 -4.279225353547367 1800.0 1 L r 38558227813653884 529.89453 21.79391 743.27106 44.098797 1523.6936 36.65419 2091.0146 92.84606 1779.7642 151.86734 nan nan nan nan nan nan nan nan nan nan nan nan 1e-07 1e-07 0.0 0.0 0.0 0.0 1 0
_Cos_38558227813653954 11 "HSC-SSP Public Data Release 4 (Wide)" 37.24985376400445 -4.278639442104159 1800.0 1 L r 38558227813653954 432.43176 13.950575 572.0193 38.981033 990.5668 25.748207 1485.8304 71.829216 1913.3346 143.17717 nan nan nan nan nan nan nan nan nan nan nan nan 1e-07 1e-07 0.0 0.0 0.0 0.0 1 0
_Cos_38558227813654492 11 "HSC-SSP Public Data Release 4 (Wide)" 37.2702184876731 -4.267363919654649 1800.0 1 L r 38558227813654492 289.95166 18.91312 392.24286 38.43758 1355.3187 46.67868 1373.8654 77.09887 1698.0958 143.37117 nan nan nan nan nan nan nan nan nan nan nan nan 1e-07 1e-07 0.0 0.0 0.0 0.0 1 0
_Cos_38558227813654723 11 "HSC-SSP Public Data Release 4 (Wide)" 37.16732688093357 -4.262644111463725 1800.0 1 L r 38558227813654723 459.8038 20.264297 529.3594 37.81559 926.14575 23.065588 1244.1028 75.75609 1194.0034 138.89906 nan nan nan nan nan nan nan nan nan nan nan nan 1e-07 1e-07 0.0 0.0 0.0 0.0 1 0
_Cos_38558227813654998 11 "HSC-SSP Public Data Release 4 (Wide)" 37.13432262252356 -4.2554205146111785 1800.0 1 L r 38558227813654998 1209.9099 23.544647 1653.1702 47.009296 3259.304 38.23506 4207.5674 112.801895 3823.848 195.86551 nan nan nan nan nan nan nan nan nan nan nan nan 1e-07 1e-07 0.0 0.0 0.0 0.0 1 0
_Cos_38558227813655689 11 "HSC-SSP Public Data Release 4 (Wide)" 37.12964565338621 -4.240140004966122 1800.0 1 L r 38558227813655689 825.5903 23.463577 1147.4697 40.168705 1283.5702 28.638271 1848.3871 95.01706 1015.5899 122.23788 nan nan nan nan nan nan nan nan nan nan nan nan 1e-07 1e-07 0.0 0.0 0.0 0.0 1 0
_Cos_38558227813655871 11 "HSC-SSP Public Data Release 4 (Wide)" 37.11117942368356 -4.239501960356812 1800.0 1 L r 38558227813655871 502.40738 21.907204 683.42 39.95129 1716.5394 46.75992 1128.6262 74.96929 1764.6345 140.98021 nan nan nan nan nan nan nan nan nan nan nan nan 1e-07 1e-07 0.0 0.0 0.0 0.0 1 0
_Cos_38558227813655900 11 "HSC-SSP Public Data Release 4 (Wide)" 37.16083098160218 -4.239032620645423 1800.0 1 L r 38558227813655900 601.7107 19.328339 774.22406 34.58597 1210.3364 24.030834 2348.575 69.178185 1644.0775 148.43605 nan nan nan nan nan nan nan nan nan nan nan nan 1e-07 1e-07 0.0 0.0 0.0 0.0 1 0
_Cos_38558227813655949 11 "HSC-SSP Public Data Release 4 (Wide)" 37.19049124216951 -4.238304414469052 1800.0 1 L r 38558227813655949 539.90393 19.227983 730.89343 44.54394 1282.7377 36.130405 1475.7734 86.30264 1174.8792 139.39905 nan nan nan nan nan nan nan nan nan nan nan nan 1e-07 1e-07 0.0 0.0 0.0 0.0 1 0
_Cos_38558227813656254 11 "HSC-SSP Public Data Release 4 (Wide)" 37.2738230000413 -4.232051834543062 1800.0 1 L r 38558227813656254 942.2796 14.509347 1065.1705 40.695366 1266.4639 22.752613 1461.3174 70.94665 1665.6439 116.15921 nan nan nan nan nan nan nan nan nan nan nan nan 1e-07 1e-07 0.0 0.0 0.0 0.0 1 0
_Cos_38558227813656882 11 "HSC-SSP Public Data Release 4 (Wide)" 37.144770250969735 -4.219051191296435 1800.0 1 L r 38558227813656882 565.646 24.167242 658.8011 49.882195 1203.5404 33.430286 1240.8251 93.79599 1382.3323 170.95992 nan nan nan nan nan nan nan nan nan nan nan nan 1e-07 1e-07 0.0 0.0 0.0 0.0 1 0
_Cos_38558227813657430 11 "HSC-SSP Public Data Release 4 (Wide)" 37.11663239750571 -4.208285143981703 1800.0 1 L r 38558227813657430 1515.1691 20.463634 2081.2566 41.792313 3235.2634 30.99862 5623.362 94.68891 5664.3755 150.37119 nan nan nan nan nan nan nan nan nan nan nan nan 1e-07 1e-07 0.0 0.0 0.0 0.0 1 0
_Cos_38558227813657619 11 "HSC-SSP Public Data Release 4 (Wide)" 37.134964559973994 -4.204582183827623 1800.0 1 L r 38558227813657619 1244.0298 17.893 1252.8654 32.54458 1383.8975 20.938805 1490.6564 63.106922 1571.3198 111.765144 nan nan nan nan nan nan nan nan nan nan nan nan 1e-07 1e-07 0.0 0.0 0.0 0.0 1 0
_Cos_38558232108599857 11 "HSC-SSP Public Data Release 4 (Wide)" 37.22495675091951 -4.14120724204099 1800.0 1 L r 38558232108599857 636.11145 17.143084 809.6663 37.431675 1681.9958 37.657276 2447.2615 95.56282 2177.74 180.80966 nan nan nan nan nan nan nan nan nan nan nan nan 1e-07 1e-07 0.0 0.0 0.0 0.0 1 0
_Cos_38558232108601226 11 "HSC-SSP Public Data Release 4 (Wide)" 37.10606683725091 -4.116781146794781 1800.0 1 L r 38558232108601226 819.13947 21.956085 1092.8059 51.076748 1594.791 28.533487 2949.1328 78.30433 2862.8257 137.4993 nan nan nan nan nan nan nan nan nan nan nan nan 1e-07 1e-07 0.0 0.0 0.0 0.0 1 0
_Cos_38558232108601565 11 "HSC-SSP Public Data Release 4 (Wide)" 37.10810743187839 -4.110732646156387 1800.0 1 L r 38558232108601565 786.7994 24.694902 1129.2725 54.76415 1314.7534 41.598747 1991.3417 127.104324 2040.1157 171.59297 nan nan nan nan nan nan nan nan nan nan nan nan 1e-07 1e-07 0.0 0.0 0.0 0.0 1 0
_Cos_38558232108604573 11 "HSC-SSP Public Data Release 4 (Wide)" 37.11171874124876 -4.054687978643842 1800.0 1 L r 38558232108604573 783.87537 27.784666 905.36694 59.302734 1129.641 32.838066 1623.2668 89.379906 2291.1055 182.37244 nan nan nan nan nan nan nan nan nan nan nan nan 1e-07 1e-07 0.0 0.0 0.0 0.0 1 0
_Cos_38558232108618610 11 "HSC-SSP Public Data Release 4 (Wide)" 37.25232192660893 -4.1809753506096445 1800.0 1 L r 38558232108618610 773.09705 14.282837 737.946 33.109398 916.49554 22.400316 1077.5264 68.6903 1734.8619 140.8512 nan nan nan nan nan nan nan nan nan nan nan nan 1e-07 1e-07 0.0 0.0 0.0 0.0 1 0
_Cos_38558232108618803 11 "HSC-SSP Public Data Release 4 (Wide)" 37.18168476593887 -4.177513537795401 1800.0 1 L r 38558232108618803 1052.3483 26.975899 1257.4247 58.911247 2242.286 48.522808 3323.163 133.53366 2815.0225 224.00731 nan nan nan nan nan nan nan nan nan nan nan nan 1e-07 1e-07 0.0 0.0 0.0 0.0 1 0
_Cos_38558232108618895 11 "HSC-SSP Public Data Release 4 (Wide)" 37.20326953151969 -4.174594528223813 1800.0 1 L r 38558232108618895 751.25885 20.519306 896.938 54.991722 1031.654 26.767832 1241.5607 79.73114 1334.23 146.7633 nan nan nan nan nan nan nan nan nan nan nan nan 1e-07 1e-07 0.0 0.0 0.0 0.0 1 0
_Cos_38558232108618970 11 "HSC-SSP Public Data Release 4 (Wide)" 37.15372898875516 -4.173514434822142 1800.0 1 L r 38558232108618970 772.0729 24.976257 964.4213 46.47831 1274.007 28.569485 2120.0413 85.13965 2059.1577 160.119 nan nan nan nan nan nan nan nan nan nan nan nan 1e-07 1e-07 0.0 0.0 0.0 0.0 1 0
_Cos_38558232108619211 11 "HSC-SSP Public Data Release 4 (Wide)" 37.10945171773487 -4.169703701650834 1800.0 1 L r 38558232108619211 1161.8198 21.790031 1552.9923 45.166206 2810.4648 31.429863 3952.1174 86.45156 4050.1555 160.41458 nan nan nan nan nan nan nan nan nan nan nan nan 1e-07 1e-07 0.0 0.0 0.0 0.0 1 0
_Cos_38558232108619576 11 "HSC-SSP Public Data Release 4 (Wide)" 37.14881686312495 -4.163888573864567 1800.0 1 L r 38558232108619576 563.8767 19.320517 777.1093 45.72881 1256.9528 33.376923 1326.7334 80.12326 1293.0234 124.302055 nan nan nan nan nan nan nan nan nan nan nan nan 1e-07 1e-07 0.0 0.0 0.0 0.0 1 0
_Cos_38558232108620811 11 "HSC-SSP Public Data Release 4 (Wide)" 37.120459893702765 -4.142334395726196 1800.0 1 L r 38558232108620811 714.1444 21.881521 966.4325 47.053158 1765.7467 45.446213 1776.7555 95.26222 2097.6982 170.84459 nan nan nan nan nan nan nan nan nan nan nan nan 1e-07 1e-07 0.0 0.0 0.0 0.0 1 0
_Cos_38558232108622349 11 "HSC-SSP Public Data Release 4 (Wide)" 37.263539440191906 -4.118661082215889 1800.0 1 L r 38558232108622349 685.92487 24.707848 1030.3436 51.02856 1861.055 31.59751 2860.77 82.99363 4391.997 171.50017 nan nan nan nan nan nan nan nan nan nan nan nan 1e-07 1e-07 0.0 0.0 0.0 0.0 1 0
_Cos_38558232108622449 11 "HSC-SSP Public Data Release 4 (Wide)" 37.13051435768174 -4.117869301005672 1800.0 1 L r 38558232108622449 1320.8881 20.240612 1980.2948 46.03008 3314.3674 30.255339 5806.1216 81.609825 7970.2 176.87617 nan nan nan nan nan nan nan nan nan nan nan nan 1e-07 1e-07 0.0 0.0 0.0 0.0 1 0
_Cos_38558232108622671 11 "HSC-SSP Public Data Release 4 (Wide)" 37.22039964778171 -4.1140682855303 1800.0 1 L r 38558232108622671 813.712 25.953943 1216.1434 63.079338 1648.3696 64.66429 2553.6377 127.944984 3138.398 277.63892 nan nan nan nan nan nan nan nan nan nan nan nan 1e-07 1e-07 0.0 0.0 0.0 0.0 1 0
_Cos_38558232108622807 11 "HSC-SSP Public Data Release 4 (Wide)" 37.20439367195085 -4.1123604347890765 1800.0 1 L r 38558232108622807 961.2304 21.130281 1151.7772 50.884117 1583.3788 32.52877 2116.9817 80.40018 1971.4886 122.29521 nan nan nan nan nan nan nan nan nan nan nan nan 1e-07 1e-07 0.0 0.0 0.0 0.0 1 0
_Cos_38558232108623611 11 "HSC-SSP Public Data Release 4 (Wide)" 37.23296492793354 -4.098848752237173 1800.0 1 L r 38558232108623611 360.80295 16.853132 467.59674 35.49453 925.9667 30.560507 1761.8367 110.17576 1183.0835 168.29759 nan nan nan nan nan nan nan nan nan nan nan nan 1e-07 1e-07 0.0 0.0 0.0 0.0 1 0
_Cos_38558232108623814 11 "HSC-SSP Public Data Release 4 (Wide)" 37.243249924489895 -4.095065776207907 1800.0 1 L r 38558232108623814 905.2371 17.88651 1106.4724 38.144585 1265.9017 26.912806 2194.1396 86.09502 1768.7482 149.70027 nan nan nan nan nan nan nan nan nan nan nan nan 1e-07 1e-07 0.0 0.0 0.0 0.0 1 0
_Cos_38558232108623924 11 "HSC-SSP Public Data Release 4 (Wide)" 37.15394777444206 -4.095379381869912 1800.0 1 L r 38558232108623924 431.06256 17.126991 583.8873 39.152195 924.6788 30.614021 1739.3461 78.627266 2277.6067 186.57184 nan nan nan nan nan nan nan nan nan nan nan nan 1e-07 1e-07 0.0 0.0 0.0 0.0 1 0
_Cos_38558232108624073 11 "HSC-SSP Public Data Release 4 (Wide)" 37.280692110285116 -4.094148383407001 1800.0 1 L r 38558232108624073 827.1014 17.48233 1116.1782 41.932125 1164.6906 28.015062 1731.888 94.46811 1483.2983 147.13477 nan nan nan nan nan nan nan nan nan nan nan nan 1e-07 1e-07 0.0 0.0 0.0 0.0 1 0
_Cos_38558232108624559 11 "HSC-SSP Public Data Release 4 (Wide)" 37.259535721039576 -4.08522577163964 1800.0 1 L r 38558232108624559 771.0297 17.436306 973.17303 45.795322 1102.1671 30.569626 1187.0234 81.982254 1712.66 161.88405 nan nan nan nan nan nan nan nan nan nan nan nan 1e-07 1e-07 0.0 0.0 0.0 0.0 1 0
_Cos_38558232108624578 11 "HSC-SSP Public Data Release 4 (Wide)" 37.22047502687859 -4.085153913646025 1800.0 1 L r 38558232108624578 579.3713 16.11438 779.1596 36.80453 1476.8983 33.65225 1993.6058 79.15607 1859.8147 146.86183 nan nan nan nan nan nan nan nan nan nan nan nan 1e-07 1e-07 0.0 0.0 0.0 0.0 1 0
_Cos_38558232108625213 11 "HSC-SSP Public Data Release 4 (Wide)" 37.148429049708604 -4.076489511428261 1800.0 1 L r 38558232108625213 643.54614 27.009127 1471.6045 57.75614 1546.1633 38.83772 4914.4385 106.485664 5702.648 187.77075 nan nan nan nan nan nan nan nan nan nan nan nan 1e-07 1e-07 0.0 0.0 0.0 0.0 1 0
_Cos_38558232108625583 11 "HSC-SSP Public Data Release 4 (Wide)" 37.15468321707432 -4.071939564243235 1800.0 1 L r 38558232108625583 713.0984 16.233145 922.48413 34.856655 976.27765 22.553253 1349.2279 67.14434 1524.8639 100.27097 nan nan nan nan nan nan nan nan nan nan nan nan 1e-07 1e-07 0.0 0.0 0.0 0.0 1 0
_Cos_38558232108625739 11 "HSC-SSP Public Data Release 4 (Wide)" 37.182148515442776 -4.068705187444801 1800.0 1 L r 38558232108625739 984.93677 22.630106 1065.6683 54.348454 1223.537 39.491444 2103.9607 117.38283 1708.0919 173.59601 nan nan nan nan nan nan nan nan nan nan nan nan 1e-07 1e-07 0.0 0.0 0.0 0.0 1 0
_Cos_38558232108626119 11 "HSC-SSP Public Data Release 4 (Wide)" 37.245101765030235 -4.063998601933893 1800.0 1 L r 38558232108626119 624.5043 20.467653 890.3067 48.101513 1198.6322 37.826485 1524.1332 107.637886 2491.302 242.74861 nan nan nan nan nan nan nan nan nan nan nan nan 1e-07 1e-07 0.0 0.0 0.0 0.0 1 0
_Cos_38558232108626493 11 "HSC-SSP Public Data Release 4 (Wide)" 37.123097430159724 -4.057025504340951 1800.0 1 L r 38558232108626493 718.73065 25.02855 732.47986 42.478683 1288.3424 28.96728 1564.4994 85.61113 1084.448 117.94865 nan nan nan nan nan nan nan nan nan nan nan nan 1e-07 1e-07 0.0 0.0 0.0 0.0 1 0
