output/Jan25/final_nf_input/field_a_L1_visit2_final_targets.ecsv
# %ECSV 1.0
# ---
# datatype:
# - {name: ob_code, datatype: string}
# - {name: catId, datatype: int32}
# - {name: description, datatype: string}
# - {name: R.A., datatype: float64}
# - {name: Dec., datatype: float64}
# - {name: Exposure Time, datatype: float64}
# - {name: Priority, datatype: int32}
# - {name: resolution, datatype: string}
# - {name: reference_arm, datatype: string}
# - {name: ID, datatype: int64}
# - {name: g_hsc, datatype: float64}
# - {name: g_hsc_err, datatype: float64}
# - {name: r2_hsc, datatype: float64}
# - {name: r2_hsc_err, datatype: float64}
# - {name: i2_hsc, datatype: float64}
# - {name: i2_hsc_err, datatype: float64}
# - {name: z_hsc, datatype: float64}
# - {name: z_hsc_err, datatype: float64}
# - {name: y_hsc, datatype: float64}
# - {name: y_hsc_err, datatype: float64}
# - {name: epoch, datatype: float64}
# - {name: input_catalog_id, datatype: float64}
# - {name: psf_flux_g, datatype: float64}
# - {name: psf_flux_error_g, datatype: float64}
# - {name: psf_flux_r, datatype: float64}
# - {name: psf_flux_error_r, datatype: float64}
# - {name: psf_flux_i, datatype: float64}
# - {name: psf_flux_error_i, datatype: float64}
# - {name: psf_flux_z, datatype: float64}
# - {name: psf_flux_error_z, datatype: float64}
# - {name: psf_flux_y, datatype: float64}
# - {name: psf_flux_error_y, datatype: float64}
# - {name: parallax, datatype: float64}
# - {name: parallax_error, datatype: float64}
# - {name: pmra, datatype: float64}
# - {name: pmra_error, datatype: float64}
# - {name: pmdec, datatype: float64}
# - {name: pmdec_error, datatype: float64}
# - {name: target_type, datatype: int32}
# - {name: stage, datatype: int32}
# schema: astropy-2.0
ob_code catId description R.A. Dec. "Exposure Time" Priority resolution reference_arm ID g_hsc g_hsc_err r2_hsc r2_hsc_err i2_hsc i2_hsc_err z_hsc z_hsc_err y_hsc y_hsc_err epoch input_catalog_id psf_flux_g psf_flux_error_g psf_flux_r psf_flux_error_r psf_flux_i psf_flux_error_i psf_flux_z psf_flux_error_z psf_flux_y psf_flux_error_y parallax parallax_error pmra pmra_error pmdec pmdec_error target_type stage
[from data line 2025]
_Sky_3264126225 2007 "Sky positions from PS1" 36.98605484710853 -3.392319792561573 1800.0 1 L r 18385772397 nan nan nan nan nan nan nan nan nan nan nan nan nan nan nan nan nan nan nan nan nan nan 1e-07 1e-07 0.0 0.0 0.0 0.0 2 0
_Sky_3264124819 2007 "Sky positions from PS1" 37.00053650009497 -3.3694477836928995 1800.0 1 L r 18385770991 nan nan nan nan nan nan nan nan nan nan nan nan nan nan nan nan nan nan nan nan nan nan 1e-07 1e-07 0.0 0.0 0.0 0.0 2 0
_Sky_3264099883 2007 "Sky positions from PS1" 37.011626620193496 -3.3500126731600965 1800.0 1 L r 18385746055 nan nan nan nan nan nan nan nan nan nan nan nan nan nan nan nan nan nan nan nan nan nan 1e-07 1e-07 0.0 0.0 0.0 0.0 2 0
_Sky_3264087480 2007 "Sky positions from PS1" 36.9746182683939 -3.3283352842766365 1800.0 1 L r 18385733652 nan nan nan nan nan nan nan nan nan nan nan nan nan nan nan nan nan nan nan nan nan nan 1e-07 1e-07 0.0 0.0 0.0 0.0 2 0
_Sky_3264096855 2007 "Sky positions from PS1" 36.91272483520878 -3.2673924105993484 1800.0 1 L r 18385743027 nan nan nan nan nan nan nan nan nan nan nan nan nan nan nan nan nan nan nan nan nan nan 1e-07 1e-07 0.0 0.0 0.0 0.0 2 0
_Sky_3264118271 2007 "Sky positions from PS1" 36.90109390708738 -3.2465019933320893 1800.0 1 L r 18385764443 nan nan nan nan nan nan nan nan nan nan nan nan nan nan nan nan nan nan nan nan nan nan 1e-07 1e-07 0.0 0.0 0.0 0.0 2 0
_Sky_3264106544 2007 "Sky positions from PS1" 36.91456627602668 -3.225566776652274 1800.0 1 L r 18385752716 nan nan nan nan nan nan nan nan nan nan nan nan nan nan nan nan nan nan nan nan nan nan 1e-07 1e-07 0.0 0.0 0.0 0.0 2 0
_Sky_3264139945 2007 "Sky positions from PS1" 36.97697009369303 -3.2455470507537383 1800.0 1 L r 18385786117 nan nan nan nan nan nan nan nan nan nan nan nan nan nan nan nan nan nan nan nan nan nan 1e-07 1e-07 0.0 0.0 0.0 0.0 2 0
_Sky_3264114864 2007 "Sky positions from PS1" 36.96379345289743 -3.2254014924603016 1800.0 1 L r 18385761036 nan nan nan nan nan nan nan nan nan nan nan nan nan nan nan nan nan nan nan nan nan nan 1e-07 1e-07 0.0 0.0 0.0 0.0 2 0
_Sky_3264117485 2007 "Sky positions from PS1" 36.98707316424592 -3.2253981990610248 1800.0 1 L r 18385763657 nan nan nan nan nan nan nan nan nan nan nan nan nan nan nan nan nan nan nan nan nan nan 1e-07 1e-07 0.0 0.0 0.0 0.0 2 0
_Sky_3264116165 2007 "Sky positions from PS1" 37.01346406793807 -3.389902127236086 1800.0 1 L r 18385762337 nan nan nan nan nan nan nan nan nan nan nan nan nan nan nan nan nan nan nan nan nan nan 1e-07 1e-07 0.0 0.0 0.0 0.0 2 0
_Sky_3264098997 2007 "Sky positions from PS1" 37.02542793515623 -3.370641239503375 1800.0 1 L r 18385745169 nan nan nan nan nan nan nan nan nan nan nan nan nan nan nan nan nan nan nan nan nan nan 1e-07 1e-07 0.0 0.0 0.0 0.0 2 0
_Sky_3264106223 2007 "Sky positions from PS1" 37.03819859310333 -3.3508896130231407 1800.0 1 L r 18385752395 nan nan nan nan nan nan nan nan nan nan nan nan nan nan nan nan nan nan nan nan nan nan 1e-07 1e-07 0.0 0.0 0.0 0.0 2 0
_Sky_3264096540 2007 "Sky positions from PS1" 37.07530098030634 -3.372042562765749 1800.0 1 L r 18385742712 nan nan nan nan nan nan nan nan nan nan nan nan nan nan nan nan nan nan nan nan nan nan 1e-07 1e-07 0.0 0.0 0.0 0.0 2 0
_Sky_3264094297 2007 "Sky positions from PS1" 37.04763267215372 -3.3288931164930347 1800.0 1 L r 18385740469 nan nan nan nan nan nan nan nan nan nan nan nan nan nan nan nan nan nan nan nan nan nan 1e-07 1e-07 0.0 0.0 0.0 0.0 2 0
_Sky_3264107493 2007 "Sky positions from PS1" 37.06169310743624 -3.3062590209815124 1800.0 1 L r 18385753665 nan nan nan nan nan nan nan nan nan nan nan nan nan nan nan nan nan nan nan nan nan nan 1e-07 1e-07 0.0 0.0 0.0 0.0 2 0
_Sky_3264102325 2007 "Sky positions from PS1" 37.12619895117838 -3.328684483465597 1800.0 1 L r 18385748497 nan nan nan nan nan nan nan nan nan nan nan nan nan nan nan nan nan nan nan nan nan nan 1e-07 1e-07 0.0 0.0 0.0 0.0 2 0
_Sky_3264138494 2007 "Sky positions from PS1" 37.148933652273456 -3.327727938862069 1800.0 1 L r 18385784666 nan nan nan nan nan nan nan nan nan nan nan nan nan nan nan nan nan nan nan nan nan nan 1e-07 1e-07 0.0 0.0 0.0 0.0 2 0
_Sky_3264132143 2007 "Sky positions from PS1" 37.06004240222831 -3.266721436501056 1800.0 1 L r 18385778315 nan nan nan nan nan nan nan nan nan nan nan nan nan nan nan nan nan nan nan nan nan nan 1e-07 1e-07 0.0 0.0 0.0 0.0 2 0
_Sky_3264097924 2007 "Sky positions from PS1" 37.1360352272314 -3.265057767451962 1800.0 1 L r 18385744096 nan nan nan nan nan nan nan nan nan nan nan nan nan nan nan nan nan nan nan nan nan nan 1e-07 1e-07 0.0 0.0 0.0 0.0 2 0
_Sky_3264121455 2007 "Sky positions from PS1" 37.08704207779411 -3.223781672919963 1800.0 1 L r 18385767627 nan nan nan nan nan nan nan nan nan nan nan nan nan nan nan nan nan nan nan nan nan nan 1e-07 1e-07 0.0 0.0 0.0 0.0 2 0
_Sky_3264089439 2007 "Sky positions from PS1" 37.17560650477471 -3.541401803835162 1800.0 1 L r 18385735611 nan nan nan nan nan nan nan nan nan nan nan nan nan nan nan nan nan nan nan nan nan nan 1e-07 1e-07 0.0 0.0 0.0 0.0 2 0
_Sky_3264107816 2007 "Sky positions from PS1" 37.16230266203012 -3.4772662008242725 1800.0 1 L r 18385753988 nan nan nan nan nan nan nan nan nan nan nan nan nan nan nan nan nan nan nan nan nan nan 1e-07 1e-07 0.0 0.0 0.0 0.0 2 0
_Sky_3264125718 2007 "Sky positions from PS1" 37.18649706447686 -3.4767501427333536 1800.0 1 L r 18385771890 nan nan nan nan nan nan nan nan nan nan nan nan nan nan nan nan nan nan nan nan nan nan 1e-07 1e-07 0.0 0.0 0.0 0.0 2 0
_Sky_3264093463 2007 "Sky positions from PS1" 37.28640286847183 -3.5182907651693487 1800.0 1 L r 18385739635 nan nan nan nan nan nan nan nan nan nan nan nan nan nan nan nan nan nan nan nan nan nan 1e-07 1e-07 0.0 0.0 0.0 0.0 2 0
_Sky_3264089597 2007 "Sky positions from PS1" 37.27307058064161 -3.498746978169044 1800.0 1 L r 18385735769 nan nan nan nan nan nan nan nan nan nan nan nan nan nan nan nan nan nan nan nan nan nan 1e-07 1e-07 0.0 0.0 0.0 0.0 2 0
_Sky_3264116692 2007 "Sky positions from PS1" 37.1743862740926 -3.456459750749352 1800.0 1 L r 18385762864 nan nan nan nan nan nan nan nan nan nan nan nan nan nan nan nan nan nan nan nan nan nan 1e-07 1e-07 0.0 0.0 0.0 0.0 2 0
_Sky_3264115201 2007 "Sky positions from PS1" 37.21220054178103 -3.433179746957162 1800.0 1 L r 18385761373 nan nan nan nan nan nan nan nan nan nan nan nan nan nan nan nan nan nan nan nan nan nan 1e-07 1e-07 0.0 0.0 0.0 0.0 2 0
_Sky_3264109067 2007 "Sky positions from PS1" 37.18666287970995 -3.3931230056626656 1800.0 1 L r 18385755239 nan nan nan nan nan nan nan nan nan nan nan nan nan nan nan nan nan nan nan nan nan nan 1e-07 1e-07 0.0 0.0 0.0 0.0 2 0
_Sky_3264119177 2007 "Sky positions from PS1" 37.25878494892799 -3.393001488555581 1800.0 1 L r 18385765349 nan nan nan nan nan nan nan nan nan nan nan nan nan nan nan nan nan nan nan nan nan nan 1e-07 1e-07 0.0 0.0 0.0 0.0 2 0
_Sky_3264102994 2007 "Sky positions from PS1" 37.273255823242906 -3.4136655032808854 1800.0 1 L r 18385749166 nan nan nan nan nan nan nan nan nan nan nan nan nan nan nan nan nan nan nan nan nan nan 1e-07 1e-07 0.0 0.0 0.0 0.0 2 0
_Sky_3264122612 2007 "Sky positions from PS1" 37.285937196727 -3.392179387954424 1800.0 1 L r 18385768784 nan nan nan nan nan nan nan nan nan nan nan nan nan nan nan nan nan nan nan nan nan nan 1e-07 1e-07 0.0 0.0 0.0 0.0 2 0
_Sky_3264107653 2007 "Sky positions from PS1" 37.311568199137525 -3.519625615964069 1800.0 1 L r 18385753825 nan nan nan nan nan nan nan nan nan nan nan nan nan nan nan nan nan nan nan nan nan nan 1e-07 1e-07 0.0 0.0 0.0 0.0 2 0
_Sky_3264112844 2007 "Sky positions from PS1" 37.334482877315416 -3.520540890724736 1800.0 1 L r 18385759016 nan nan nan nan nan nan nan nan nan nan nan nan nan nan nan nan nan nan nan nan nan nan 1e-07 1e-07 0.0 0.0 0.0 0.0 2 0
_Sky_3264091281 2007 "Sky positions from PS1" 37.36016121966426 -3.521327283495697 1800.0 1 L r 18385737453 nan nan nan nan nan nan nan nan nan nan nan nan nan nan nan nan nan nan nan nan nan nan 1e-07 1e-07 0.0 0.0 0.0 0.0 2 0
_Sky_3264139063 2007 "Sky positions from PS1" 37.32361423794015 -3.4990399974440627 1800.0 1 L r 18385785235 nan nan nan nan nan nan nan nan nan nan nan nan nan nan nan nan nan nan nan nan nan nan 1e-07 1e-07 0.0 0.0 0.0 0.0 2 0
_Sky_3264106675 2007 "Sky positions from PS1" 37.35970559533224 -3.477704352396981 1800.0 1 L r 18385752847 nan nan nan nan nan nan nan nan nan nan nan nan nan nan nan nan nan nan nan nan nan nan 1e-07 1e-07 0.0 0.0 0.0 0.0 2 0
_Sky_3264093198 2007 "Sky positions from PS1" 37.40812233860034 -3.519925481205054 1800.0 1 L r 18385739370 nan nan nan nan nan nan nan nan nan nan nan nan nan nan nan nan nan nan nan nan nan nan 1e-07 1e-07 0.0 0.0 0.0 0.0 2 0
_Sky_3264097716 2007 "Sky positions from PS1" 37.432508862701546 -3.5216738757473465 1800.0 1 L r 18385743888 nan nan nan nan nan nan nan nan nan nan nan nan nan nan nan nan nan nan nan nan nan nan 1e-07 1e-07 0.0 0.0 0.0 0.0 2 0
_Sky_3264134155 2007 "Sky positions from PS1" 37.40834025493965 -3.479290960805529 1800.0 1 L r 18385780327 nan nan nan nan nan nan nan nan nan nan nan nan nan nan nan nan nan nan nan nan nan nan 1e-07 1e-07 0.0 0.0 0.0 0.0 2 0
_Sky_3264127159 2007 "Sky positions from PS1" 37.37222916588152 -3.456888681964439 1800.0 1 L r 18385773331 nan nan nan nan nan nan nan nan nan nan nan nan nan nan nan nan nan nan nan nan nan nan 1e-07 1e-07 0.0 0.0 0.0 0.0 2 0
_Sky_3264114331 2007 "Sky positions from PS1" 37.39513578071765 -3.4581879737427674 1800.0 1 L r 18385760503 nan nan nan nan nan nan nan nan nan nan nan nan nan nan nan nan nan nan nan nan nan nan 1e-07 1e-07 0.0 0.0 0.0 0.0 2 0
_Sky_3264119485 2007 "Sky positions from PS1" 37.17334122294072 -3.37178321920893 1800.0 1 L r 18385765657 nan nan nan nan nan nan nan nan nan nan nan nan nan nan nan nan nan nan nan nan nan nan 1e-07 1e-07 0.0 0.0 0.0 0.0 2 0
_Sky_3264087196 2007 "Sky positions from PS1" 37.1605094833947 -3.347786201340064 1800.0 1 L r 18385733368 nan nan nan nan nan nan nan nan nan nan nan nan nan nan nan nan nan nan nan nan nan nan 1e-07 1e-07 0.0 0.0 0.0 0.0 2 0
_Sky_3264094680 2007 "Sky positions from PS1" 37.17395807740904 -3.3291877614601453 1800.0 1 L r 18385740852 nan nan nan nan nan nan nan nan nan nan nan nan nan nan nan nan nan nan nan nan nan nan 1e-07 1e-07 0.0 0.0 0.0 0.0 2 0
_Sky_3264128530 2007 "Sky positions from PS1" 37.18489368507058 -3.3062676244495366 1800.0 1 L r 18385774702 nan nan nan nan nan nan nan nan nan nan nan nan nan nan nan nan nan nan nan nan nan nan 1e-07 1e-07 0.0 0.0 0.0 0.0 2 0
_Sky_3264121663 2007 "Sky positions from PS1" 37.24619335574902 -3.371833402758223 1800.0 1 L r 18385767835 nan nan nan nan nan nan nan nan nan nan nan nan nan nan nan nan nan nan nan nan nan nan 1e-07 1e-07 0.0 0.0 0.0 0.0 2 0
_Sky_3264109500 2007 "Sky positions from PS1" 37.2342566002972 -3.3512801324815653 1800.0 1 L r 18385755672 nan nan nan nan nan nan nan nan nan nan nan nan nan nan nan nan nan nan nan nan nan nan 1e-07 1e-07 0.0 0.0 0.0 0.0 2 0
_Sky_3264101127 2007 "Sky positions from PS1" 37.29637721502545 -3.370377144265321 1800.0 1 L r 18385747299 nan nan nan nan nan nan nan nan nan nan nan nan nan nan nan nan nan nan nan nan nan nan 1e-07 1e-07 0.0 0.0 0.0 0.0 2 0
_Sky_3264088764 2007 "Sky positions from PS1" 37.295484699238 -3.3308069209069258 1800.0 1 L r 18385734936 nan nan nan nan nan nan nan nan nan nan nan nan nan nan nan nan nan nan nan nan nan nan 1e-07 1e-07 0.0 0.0 0.0 0.0 2 0
_Sky_3264085687 2007 "Sky positions from PS1" 37.22108325825618 -3.286506989629008 1800.0 1 L r 18385731859 nan nan nan nan nan nan nan nan nan nan nan nan nan nan nan nan nan nan nan nan nan nan 1e-07 1e-07 0.0 0.0 0.0 0.0 2 0
_Sky_3264085869 2007 "Sky positions from PS1" 37.24716466974208 -3.287194452639254 1800.0 1 L r 18385732041 nan nan nan nan nan nan nan nan nan nan nan nan nan nan nan nan nan nan nan nan nan nan 1e-07 1e-07 0.0 0.0 0.0 0.0 2 0
_Sky_3264135931 2007 "Sky positions from PS1" 37.27130739940479 -3.2464397246499224 1800.0 1 L r 18385782103 nan nan nan nan nan nan nan nan nan nan nan nan nan nan nan nan nan nan nan nan nan nan 1e-07 1e-07 0.0 0.0 0.0 0.0 2 0
_Sky_3264127081 2007 "Sky positions from PS1" 37.34514630109378 -3.3705002092029046 1800.0 1 L r 18385773253 nan nan nan nan nan nan nan nan nan nan nan nan nan nan nan nan nan nan nan nan nan nan 1e-07 1e-07 0.0 0.0 0.0 0.0 2 0
_Sky_3264109662 2007 "Sky positions from PS1" 37.30748382448729 -3.3097661137994416 1800.0 1 L r 18385755834 nan nan nan nan nan nan nan nan nan nan nan nan nan nan nan nan nan nan nan nan nan nan 1e-07 1e-07 0.0 0.0 0.0 0.0 2 0
_Sky_3264117227 2007 "Sky positions from PS1" 37.35558016722079 -3.310026979822424 1800.0 1 L r 18385763399 nan nan nan nan nan nan nan nan nan nan nan nan nan nan nan nan nan nan nan nan nan nan 1e-07 1e-07 0.0 0.0 0.0 0.0 2 0
_Sky_3264116940 2007 "Sky positions from PS1" 37.33334152649342 -3.307373925482216 1800.0 1 L r 18385763112 nan nan nan nan nan nan nan nan nan nan nan nan nan nan nan nan nan nan nan nan nan nan 1e-07 1e-07 0.0 0.0 0.0 0.0 2 0
_Sky_3264116628 2007 "Sky positions from PS1" 37.369611620336734 -3.328938068862198 1800.0 1 L r 18385762800 nan nan nan nan nan nan nan nan nan nan nan nan nan nan nan nan nan nan nan nan nan nan 1e-07 1e-07 0.0 0.0 0.0 0.0 2 0
_Sky_3264142222 2007 "Sky positions from PS1" 37.38286436141081 -3.309813189903261 1800.0 1 L r 18385788394 nan nan nan nan nan nan nan nan nan nan nan nan nan nan nan nan nan nan nan nan nan nan 1e-07 1e-07 0.0 0.0 0.0 0.0 2 0
_Sky_3264108618 2007 "Sky positions from PS1" 37.394125584759855 -3.3293586577603067 1800.0 1 L r 18385754790 nan nan nan nan nan nan nan nan nan nan nan nan nan nan nan nan nan nan nan nan nan nan 1e-07 1e-07 0.0 0.0 0.0 0.0 2 0
_Sky_3264122498 2007 "Sky positions from PS1" 37.4176609382431 -3.287901472633271 1800.0 1 L r 18385768670 nan nan nan nan nan nan nan nan nan nan nan nan nan nan nan nan nan nan nan nan nan nan 1e-07 1e-07 0.0 0.0 0.0 0.0 2 0
_Sky_3264090138 2007 "Sky positions from PS1" 37.32047049295223 -3.2882032184529497 1800.0 1 L r 18385736310 nan nan nan nan nan nan nan nan nan nan nan nan nan nan nan nan nan nan nan nan nan nan 1e-07 1e-07 0.0 0.0 0.0 0.0 2 0
_Sky_3264086424 2007 "Sky positions from PS1" 37.31985795348758 -3.2454921092349327 1800.0 1 L r 18385732596 nan nan nan nan nan nan nan nan nan nan nan nan nan nan nan nan nan nan nan nan nan nan 1e-07 1e-07 0.0 0.0 0.0 0.0 2 0
_Sky_3264111728 2007 "Sky positions from PS1" 37.33107435332851 -3.2266986122108468 1800.0 1 L r 18385757900 nan nan nan nan nan nan nan nan nan nan nan nan nan nan nan nan nan nan nan nan nan nan 1e-07 1e-07 0.0 0.0 0.0 0.0 2 0
_Sky_3264087676 2007 "Sky positions from PS1" 37.34326705327346 -3.20556294851144 1800.0 1 L r 18385733848 nan nan nan nan nan nan nan nan nan nan nan nan nan nan nan nan nan nan nan nan nan nan 1e-07 1e-07 0.0 0.0 0.0 0.0 2 0
_Sky_3264107080 2007 "Sky positions from PS1" 37.37924022560446 -3.226371774071133 1800.0 1 L r 18385753252 nan nan nan nan nan nan nan nan nan nan nan nan nan nan nan nan nan nan nan nan nan nan 1e-07 1e-07 0.0 0.0 0.0 0.0 2 0
_Sky_3264117576 2007 "Sky positions from PS1" 37.12202644360655 -3.202942039099503 1800.0 1 L r 18385763748 nan nan nan nan nan nan nan nan nan nan nan nan nan nan nan nan nan nan nan nan nan nan 1e-07 1e-07 0.0 0.0 0.0 0.0 2 0
_Sky_3264114973 2007 "Sky positions from PS1" 37.50594501755162 -3.522154933304227 1800.0 1 L r 18385761145 nan nan nan nan nan nan nan nan nan nan nan nan nan nan nan nan nan nan nan nan nan nan 1e-07 1e-07 0.0 0.0 0.0 0.0 2 0
_Sky_3264130758 2007 "Sky positions from PS1" 37.49545272226563 -3.5003050266666857 1800.0 1 L r 18385776930 nan nan nan nan nan nan nan nan nan nan nan nan nan nan nan nan nan nan nan nan nan nan 1e-07 1e-07 0.0 0.0 0.0 0.0 2 0
