output/Jan25/final_nf_input/field_e_L1_visit1_final_targets.ecsv
# %ECSV 1.0
# ---
# datatype:
# - {name: ob_code, datatype: string}
# - {name: catId, datatype: int32}
# - {name: description, datatype: string}
# - {name: R.A., datatype: float64}
# - {name: Dec., datatype: float64}
# - {name: Exposure Time, datatype: float64}
# - {name: Priority, datatype: int32}
# - {name: resolution, datatype: string}
# - {name: reference_arm, datatype: string}
# - {name: ID, datatype: int64}
# - {name: g_hsc, datatype: float64}
# - {name: g_hsc_err, datatype: float64}
# - {name: r2_hsc, datatype: float64}
# - {name: r2_hsc_err, datatype: float64}
# - {name: i2_hsc, datatype: float64}
# - {name: i2_hsc_err, datatype: float64}
# - {name: z_hsc, datatype: float64}
# - {name: z_hsc_err, datatype: float64}
# - {name: y_hsc, datatype: float64}
# - {name: y_hsc_err, datatype: float64}
# - {name: epoch, datatype: float64}
# - {name: input_catalog_id, datatype: float64}
# - {name: psf_flux_g, datatype: float64}
# - {name: psf_flux_error_g, datatype: float64}
# - {name: psf_flux_r, datatype: float64}
# - {name: psf_flux_error_r, datatype: float64}
# - {name: psf_flux_i, datatype: float64}
# - {name: psf_flux_error_i, datatype: float64}
# - {name: psf_flux_z, datatype: float64}
# - {name: psf_flux_error_z, datatype: float64}
# - {name: psf_flux_y, datatype: float64}
# - {name: psf_flux_error_y, datatype: float64}
# - {name: parallax, datatype: float64}
# - {name: parallax_error, datatype: float64}
# - {name: pmra, datatype: float64}
# - {name: pmra_error, datatype: float64}
# - {name: pmdec, datatype: float64}
# - {name: pmdec_error, datatype: float64}
# - {name: target_type, datatype: int32}
# - {name: stage, datatype: int32}
# schema: astropy-2.0
ob_code catId description R.A. Dec. "Exposure Time" Priority resolution reference_arm ID g_hsc g_hsc_err r2_hsc r2_hsc_err i2_hsc i2_hsc_err z_hsc z_hsc_err y_hsc y_hsc_err epoch input_catalog_id psf_flux_g psf_flux_error_g psf_flux_r psf_flux_error_r psf_flux_i psf_flux_error_i psf_flux_z psf_flux_error_z psf_flux_y psf_flux_error_y parallax parallax_error pmra pmra_error pmdec pmdec_error target_type stage
[from data line 1032]
_Cos_43105533028224990 11 "HSC-SSP Public Data Release 4 (Wide)" 132.7960509877193 1.61651909095863 1800.0 1 L r 43105533028224990 677.26196 20.579792 1201.0815 33.558098 1830.5039 38.246918 3508.6123 68.58194 5763.009 165.79492 nan nan nan nan nan nan nan nan nan nan nan nan 1e-07 1e-07 0.0 0.0 0.0 0.0 1 0
_Cos_43105533028225465 11 "HSC-SSP Public Data Release 4 (Wide)" 132.73588017375772 1.6298143085430499 1800.0 1 L r 43105533028225465 1574.0936 20.781433 1857.9026 33.013718 3324.2385 43.03415 3960.696 71.08443 4976.692 136.38368 nan nan nan nan nan nan nan nan nan nan nan nan 1e-07 1e-07 0.0 0.0 0.0 0.0 1 0
_Cos_43105533028225892 11 "HSC-SSP Public Data Release 4 (Wide)" 132.78211243264818 1.6363545530964876 1800.0 1 L r 43105533028225892 1422.8292 19.599985 2058.527 39.549088 2892.693 41.790123 4490.674 67.40184 6012.265 125.08133 nan nan nan nan nan nan nan nan nan nan nan nan 1e-07 1e-07 0.0 0.0 0.0 0.0 1 0
_Cos_43105533028226042 11 "HSC-SSP Public Data Release 4 (Wide)" 132.71085894428734 1.6402815353577995 1800.0 1 L r 43105533028226042 601.3021 15.869879 695.4272 28.275883 1253.6621 31.831205 2090.4363 60.669937 2230.866 114.83633 nan nan nan nan nan nan nan nan nan nan nan nan 1e-07 1e-07 0.0 0.0 0.0 0.0 1 0
_Cos_43105533028226872 11 "HSC-SSP Public Data Release 4 (Wide)" 132.69687184398506 1.6551698672623485 1800.0 1 L r 43105533028226872 538.15375 19.929646 623.77167 29.922258 1090.9929 42.09432 1135.578 60.351154 1072.1837 117.208595 nan nan nan nan nan nan nan nan nan nan nan nan 1e-07 1e-07 0.0 0.0 0.0 0.0 1 0
_Cos_43105533028226977 11 "HSC-SSP Public Data Release 4 (Wide)" 132.7743704991889 1.6575919200689362 1800.0 1 L r 43105533028226977 565.0604 21.830057 602.3404 32.316856 1078.0122 42.063675 1373.3832 70.17449 1478.2133 117.89939 nan nan nan nan nan nan nan nan nan nan nan nan 1e-07 1e-07 0.0 0.0 0.0 0.0 1 0
_Cos_43105533028227008 11 "HSC-SSP Public Data Release 4 (Wide)" 132.80114280720835 1.6581874949194209 1800.0 1 L r 43105533028227008 1287.0142 18.666803 1944.2333 32.276093 2982.354 41.50912 4422.2725 68.097015 4464.5903 121.89348 nan nan nan nan nan nan nan nan nan nan nan nan 1e-07 1e-07 0.0 0.0 0.0 0.0 1 0
_Cos_43105533028227127 11 "HSC-SSP Public Data Release 4 (Wide)" 132.75233936980501 1.6593969451888553 1800.0 1 L r 43105533028227127 1223.6206 20.71287 1467.5875 34.06042 2802.5737 38.513718 3861.4368 66.50899 3546.7036 137.54022 nan nan nan nan nan nan nan nan nan nan nan nan 1e-07 1e-07 0.0 0.0 0.0 0.0 1 0
_Cos_43105533028228112 11 "HSC-SSP Public Data Release 4 (Wide)" 132.85846456637225 1.6779636352474403 1800.0 1 L r 43105533028228112 786.12726 20.44478 1054.3787 37.311817 1667.5518 40.75727 2498.2954 69.94601 2264.1116 117.845215 nan nan nan nan nan nan nan nan nan nan nan nan 1e-07 1e-07 0.0 0.0 0.0 0.0 1 0
_Cos_43105533028228300 11 "HSC-SSP Public Data Release 4 (Wide)" 132.84274659350154 1.6793447077068082 1800.0 1 L r 43105533028228300 639.80066 15.839119 844.6189 26.016977 1318.196 31.363571 2026.1703 53.510372 1406.027 112.21198 nan nan nan nan nan nan nan nan nan nan nan nan 1e-07 1e-07 0.0 0.0 0.0 0.0 1 0
_Cos_43105533028228454 11 "HSC-SSP Public Data Release 4 (Wide)" 132.81389404139617 1.6829350593890646 1800.0 1 L r 43105533028228454 623.16187 21.966415 887.6523 34.205223 1307.1499 47.320213 2721.3428 83.26354 2810.8323 142.73871 nan nan nan nan nan nan nan nan nan nan nan nan 1e-07 1e-07 0.0 0.0 0.0 0.0 1 0
_Cos_43105533028228525 11 "HSC-SSP Public Data Release 4 (Wide)" 132.68389786629305 1.6851594642736587 1800.0 1 L r 43105533028228525 1188.5922 17.199144 1627.9126 31.800505 2166.9517 40.318993 1866.5128 77.55922 2664.9658 139.82356 nan nan nan nan nan nan nan nan nan nan nan nan 1e-07 1e-07 0.0 0.0 0.0 0.0 1 0
_Cos_43105533028228614 11 "HSC-SSP Public Data Release 4 (Wide)" 132.74016136253272 1.6873137066569817 1800.0 1 L r 43105533028228614 1015.75665 15.767831 1166.6395 28.295061 1293.2343 30.06124 1549.2997 67.761116 1773.6914 129.88821 nan nan nan nan nan nan nan nan nan nan nan nan 1e-07 1e-07 0.0 0.0 0.0 0.0 1 0
_Cos_43105533028229139 11 "HSC-SSP Public Data Release 4 (Wide)" 132.67811332201632 1.696670139785881 1800.0 1 L r 43105533028229139 550.6196 23.726257 711.698 44.84331 958.8517 38.58763 1404.0303 67.51346 1633.6389 138.56252 nan nan nan nan nan nan nan nan nan nan nan nan 1e-07 1e-07 0.0 0.0 0.0 0.0 1 0
_Cos_43105533028229528 11 "HSC-SSP Public Data Release 4 (Wide)" 132.83921074297206 1.702547142768742 1800.0 1 L r 43105533028229528 701.79755 15.651548 824.1976 26.976036 1273.9573 29.23002 1322.1403 45.857708 1837.9377 95.38719 nan nan nan nan nan nan nan nan nan nan nan nan 1e-07 1e-07 0.0 0.0 0.0 0.0 1 0
_Cos_43105533028229647 11 "HSC-SSP Public Data Release 4 (Wide)" 132.75040848590942 1.7033115384461066 1800.0 1 L r 43105533028229647 557.667 18.497696 698.2441 37.536453 925.14087 30.66412 917.43774 52.32404 1245.5262 101.07976 nan nan nan nan nan nan nan nan nan nan nan nan 1e-07 1e-07 0.0 0.0 0.0 0.0 1 0
_Cos_43105533028229658 11 "HSC-SSP Public Data Release 4 (Wide)" 132.7314352650467 1.7054784415564408 1800.0 1 L r 43105533028229658 1074.5092 18.509235 1363.4501 41.250557 1803.6346 35.16307 2146.806 66.46725 2550.8755 116.15642 nan nan nan nan nan nan nan nan nan nan nan nan 1e-07 1e-07 0.0 0.0 0.0 0.0 1 0
_Cos_43105533028229708 11 "HSC-SSP Public Data Release 4 (Wide)" 132.69218796796517 1.7067524545311565 1800.0 1 L r 43105533028229708 771.99896 29.846394 953.5167 47.391647 1235.8497 48.215065 2309.959 85.38875 999.13873 134.60536 nan nan nan nan nan nan nan nan nan nan nan nan 1e-07 1e-07 0.0 0.0 0.0 0.0 1 0
_Cos_43105533028229793 11 "HSC-SSP Public Data Release 4 (Wide)" 132.77862142550768 1.7076750927757867 1800.0 1 L r 43105533028229793 940.3186 16.289467 1098.2252 27.654177 1261.5659 28.020592 1282.6 52.56857 1966.9471 129.31421 nan nan nan nan nan nan nan nan nan nan nan nan 1e-07 1e-07 0.0 0.0 0.0 0.0 1 0
_Cos_43105533028230455 11 "HSC-SSP Public Data Release 4 (Wide)" 132.76433947169227 1.719442946177704 1800.0 1 L r 43105533028230455 660.5832 15.966553 837.42737 28.676268 987.3611 34.446407 1432.7638 60.360054 1331.5918 96.87361 nan nan nan nan nan nan nan nan nan nan nan nan 1e-07 1e-07 0.0 0.0 0.0 0.0 1 0
_Cos_43105533028230736 11 "HSC-SSP Public Data Release 4 (Wide)" 132.6816479320552 1.7242808388931679 1800.0 1 L r 43105533028230736 398.90442 21.799381 520.7845 35.47349 930.9942 57.080616 2234.6526 128.05547 1385.5515 175.99951 nan nan nan nan nan nan nan nan nan nan nan nan 1e-07 1e-07 0.0 0.0 0.0 0.0 1 0
_Cos_43105533028230768 11 "HSC-SSP Public Data Release 4 (Wide)" 132.8194054030476 1.725685841590117 1800.0 1 L r 43105533028230768 172.048 23.858494 316.2852 36.824406 1559.0754 62.2056 3603.1697 111.98507 4015.742 197.46512 nan nan nan nan nan nan nan nan nan nan nan nan 1e-07 1e-07 0.0 0.0 0.0 0.0 1 0
_Cos_43105533028230961 11 "HSC-SSP Public Data Release 4 (Wide)" 132.7077784167953 1.729929964141617 1800.0 1 L r 43105533028230961 727.0398 21.297201 932.1544 36.298702 1019.26514 32.66551 1435.262 71.55738 1594.5641 126.80508 nan nan nan nan nan nan nan nan nan nan nan nan 1e-07 1e-07 0.0 0.0 0.0 0.0 1 0
_Cos_43105533028231296 11 "HSC-SSP Public Data Release 4 (Wide)" 132.84490533063445 1.7371054663201833 1800.0 1 L r 43105533028231296 1763.8033 16.147526 2103.3687 28.35635 3359.2148 30.198465 4447.722 51.817734 4094.72 108.312996 nan nan nan nan nan nan nan nan nan nan nan nan 1e-07 1e-07 0.0 0.0 0.0 0.0 1 0
_Cos_43105533028231367 11 "HSC-SSP Public Data Release 4 (Wide)" 132.80519732305552 1.7397269710097016 1800.0 1 L r 43105533028231367 423.23712 16.96121 622.4134 30.359123 1080.4071 35.2981 1586.2047 59.22332 2906.276 139.38643 nan nan nan nan nan nan nan nan nan nan nan nan 1e-07 1e-07 0.0 0.0 0.0 0.0 1 0
_Cos_43105533028231493 11 "HSC-SSP Public Data Release 4 (Wide)" 132.69793584795303 1.7416248681068482 1800.0 1 L r 43105533028231493 1145.7452 24.35452 1647.4789 37.721268 2579.4336 37.849854 4217.458 68.73008 5445.803 121.302574 nan nan nan nan nan nan nan nan nan nan nan nan 1e-07 1e-07 0.0 0.0 0.0 0.0 1 0
_Cos_43105533028231565 11 "HSC-SSP Public Data Release 4 (Wide)" 132.77128559348267 1.743187187314065 1800.0 1 L r 43105533028231565 1299.325 19.437029 1658.9432 29.78814 2318.162 32.05471 3736.9949 61.225044 4448.313 122.43098 nan nan nan nan nan nan nan nan nan nan nan nan 1e-07 1e-07 0.0 0.0 0.0 0.0 1 0
_Cos_43105533028231872 11 "HSC-SSP Public Data Release 4 (Wide)" 132.71732289792152 1.7482851681045413 1800.0 1 L r 43105533028231872 1610.1686 17.709435 2063.6733 31.360718 2564.7383 36.428272 2676.2883 64.35496 3224.209 146.89026 nan nan nan nan nan nan nan nan nan nan nan nan 1e-07 1e-07 0.0 0.0 0.0 0.0 1 0
_Cos_43105533028232027 11 "HSC-SSP Public Data Release 4 (Wide)" 132.82673676441217 1.750847672659239 1800.0 1 L r 43105533028232027 816.5519 24.646406 1181.4315 32.405018 1294.7688 34.57998 1785.8545 72.45812 1313.7319 113.32844 nan nan nan nan nan nan nan nan nan nan nan nan 1e-07 1e-07 0.0 0.0 0.0 0.0 1 0
_Cos_43105537323172826 11 "HSC-SSP Public Data Release 4 (Wide)" 132.82315596529799 1.781591234777175 1800.0 1 L r 43105537323172826 674.17303 17.082245 828.3906 30.059137 927.0658 33.916607 1412.333 63.453907 2113.062 146.4001 nan nan nan nan nan nan nan nan nan nan nan nan 1e-07 1e-07 0.0 0.0 0.0 0.0 1 0
_Cos_43105537323173909 11 "HSC-SSP Public Data Release 4 (Wide)" 132.75462094341754 1.8073482266821783 1800.0 1 L r 43105537323173909 270.27637 20.616095 357.91452 32.556328 973.4123 32.718277 2019.4003 64.77362 3002.8618 112.38137 nan nan nan nan nan nan nan nan nan nan nan nan 1e-07 1e-07 0.0 0.0 0.0 0.0 1 0
_Cos_43105537323174520 11 "HSC-SSP Public Data Release 4 (Wide)" 132.76767071396915 1.8219548890867858 1800.0 1 L r 43105537323174520 1692.3701 30.450834 2322.4097 47.161392 3137.3271 56.791077 3174.5247 95.67252 3331.8176 171.87166 nan nan nan nan nan nan nan nan nan nan nan nan 1e-07 1e-07 0.0 0.0 0.0 0.0 1 0
_Cos_43105537323174879 11 "HSC-SSP Public Data Release 4 (Wide)" 132.7915421881083 1.8313695798429908 1800.0 1 L r 43105537323174879 793.1052 16.045336 991.01556 29.091553 1783.4921 32.52161 2109.3289 53.68625 2027.2119 101.47192 nan nan nan nan nan nan nan nan nan nan nan nan 1e-07 1e-07 0.0 0.0 0.0 0.0 1 0
_Cos_43105537323175054 11 "HSC-SSP Public Data Release 4 (Wide)" 132.72900797675328 1.8360069356243558 1800.0 1 L r 43105537323175054 703.89526 29.878208 949.87695 51.28571 1399.9186 54.437164 1192.5935 75.061424 1582.421 162.93665 nan nan nan nan nan nan nan nan nan nan nan nan 1e-07 1e-07 0.0 0.0 0.0 0.0 1 0
_Cos_43105537323175645 11 "HSC-SSP Public Data Release 4 (Wide)" 132.75562524775586 1.8511613767923272 1800.0 1 L r 43105537323175645 511.62097 24.941368 691.71326 43.1255 1739.4717 47.02431 2274.3293 85.81833 3022.3057 174.13188 nan nan nan nan nan nan nan nan nan nan nan nan 1e-07 1e-07 0.0 0.0 0.0 0.0 1 0
_Cos_43105537323175803 11 "HSC-SSP Public Data Release 4 (Wide)" 132.86073067240892 1.8544472389613325 1800.0 1 L r 43105537323175803 580.9129 22.799337 599.28906 35.157764 1054.2583 41.07844 1087.1852 49.90126 1395.5768 117.30021 nan nan nan nan nan nan nan nan nan nan nan nan 1e-07 1e-07 0.0 0.0 0.0 0.0 1 0
_Cos_43105537323177237 11 "HSC-SSP Public Data Release 4 (Wide)" 132.83786638130726 1.890868611219752 1800.0 1 L r 43105537323177237 752.9116 21.63408 903.2968 34.54384 946.9876 38.554535 1134.5963 69.67954 1599.587 182.98373 nan nan nan nan nan nan nan nan nan nan nan nan 1e-07 1e-07 0.0 0.0 0.0 0.0 1 0
_Cos_43105537323178041 11 "HSC-SSP Public Data Release 4 (Wide)" 132.71877998468946 1.9108320560519119 1800.0 1 L r 43105537323178041 751.1183 23.271711 814.0924 35.56099 1375.9683 35.851036 1772.1785 69.0217 2214.575 124.4647 nan nan nan nan nan nan nan nan nan nan nan nan 1e-07 1e-07 0.0 0.0 0.0 0.0 1 0
_Cos_43105537323178268 11 "HSC-SSP Public Data Release 4 (Wide)" 132.79511526087583 1.9160119915278906 1800.0 1 L r 43105537323178268 1344.466 26.857294 1797.3297 41.01678 2451.9868 63.168922 2025.5308 89.500046 2067.2908 171.55208 nan nan nan nan nan nan nan nan nan nan nan nan 1e-07 1e-07 0.0 0.0 0.0 0.0 1 0
_Cos_43105537323178341 11 "HSC-SSP Public Data Release 4 (Wide)" 132.76961222375573 1.917504856628547 1800.0 1 L r 43105537323178341 747.5925 26.52267 884.4541 39.903988 1240.924 42.010983 1931.5837 93.007065 2467.1445 166.42287 nan nan nan nan nan nan nan nan nan nan nan nan 1e-07 1e-07 0.0 0.0 0.0 0.0 1 0
_Cos_43105537323178886 11 "HSC-SSP Public Data Release 4 (Wide)" 132.80820138098247 1.9300984422091174 1800.0 1 L r 43105537323178886 969.297 19.913391 1236.1222 36.401295 2315.1838 45.345894 2614.015 72.33534 3771.1465 216.83693 nan nan nan nan nan nan nan nan nan nan nan nan 1e-07 1e-07 0.0 0.0 0.0 0.0 1 0
_Cos_43105537323179720 11 "HSC-SSP Public Data Release 4 (Wide)" 132.70049738032702 1.9489665550405477 1800.0 1 L r 43105537323179720 385.92117 16.299143 490.79272 25.357714 916.0285 32.922474 1771.8206 59.590004 1879.1978 107.73032 nan nan nan nan nan nan nan nan nan nan nan nan 1e-07 1e-07 0.0 0.0 0.0 0.0 1 0
_Cos_43105537323190486 11 "HSC-SSP Public Data Release 4 (Wide)" 132.70776589146675 1.7651029980141115 1800.0 1 L r 43105537323190486 1634.5055 49.70664 1119.8276 58.232 1279.0526 71.72312 1176.5687 133.31323 3479.1777 240.55775 nan nan nan nan nan nan nan nan nan nan nan nan 1e-07 1e-07 0.0 0.0 0.0 0.0 1 0
_Cos_43105537323190691 11 "HSC-SSP Public Data Release 4 (Wide)" 132.76106487228313 1.7699438408994925 1800.0 1 L r 43105537323190691 694.37244 19.547993 927.4852 35.465984 1140.2599 51.091385 1648.3501 89.74334 1568.0491 154.96083 nan nan nan nan nan nan nan nan nan nan nan nan 1e-07 1e-07 0.0 0.0 0.0 0.0 1 0
_Cos_43105537323190859 11 "HSC-SSP Public Data Release 4 (Wide)" 132.81021679879686 1.7725555676270117 1800.0 1 L r 43105537323190859 528.8948 15.082058 660.07477 28.019157 1218.952 35.91172 1321.1938 59.23765 1653.3135 122.254196 nan nan nan nan nan nan nan nan nan nan nan nan 1e-07 1e-07 0.0 0.0 0.0 0.0 1 0
_Cos_43105537323191033 11 "HSC-SSP Public Data Release 4 (Wide)" 132.68638540990705 1.7751958302171973 1800.0 1 L r 43105537323191033 752.6754 22.459986 909.6561 35.14857 1199.0378 47.825584 1228.2255 78.68513 1415.4932 149.35866 nan nan nan nan nan nan nan nan nan nan nan nan 1e-07 1e-07 0.0 0.0 0.0 0.0 1 0
_Cos_43105537323191299 11 "HSC-SSP Public Data Release 4 (Wide)" 132.697099493772 1.7794628934146055 1800.0 1 L r 43105537323191299 895.3686 25.708439 985.3166 40.802925 1064.5876 43.729076 1276.6426 75.17103 1356.4191 137.94952 nan nan nan nan nan nan nan nan nan nan nan nan 1e-07 1e-07 0.0 0.0 0.0 0.0 1 0
_Cos_43105537323191567 11 "HSC-SSP Public Data Release 4 (Wide)" 132.77395182566914 1.7829401520986594 1800.0 1 L r 43105537323191567 757.7093 16.968931 854.3054 30.94029 957.06824 31.580519 940.19855 46.53238 1374.347 102.800064 nan nan nan nan nan nan nan nan nan nan nan nan 1e-07 1e-07 0.0 0.0 0.0 0.0 1 0
_Cos_43105537323191853 11 "HSC-SSP Public Data Release 4 (Wide)" 132.67788716473646 1.7884505346560815 1800.0 1 L r 43105537323191853 1255.586 32.057667 1392.8582 48.565544 2166.1528 85.21487 2818.208 113.00472 2547.513 277.94434 nan nan nan nan nan nan nan nan nan nan nan nan 1e-07 1e-07 0.0 0.0 0.0 0.0 1 0
_Cos_43105537323191930 11 "HSC-SSP Public Data Release 4 (Wide)" 132.71813967669573 1.7890825112128768 1800.0 1 L r 43105537323191930 762.7441 14.950247 832.9909 25.188795 949.0088 31.680079 1782.3743 55.970936 1313.4937 134.03212 nan nan nan nan nan nan nan nan nan nan nan nan 1e-07 1e-07 0.0 0.0 0.0 0.0 1 0
