output/Jan25/final_nf_input/field_a_L1_visit1_final_targets.ecsv
# %ECSV 1.0
# ---
# datatype:
# - {name: ob_code, datatype: string}
# - {name: catId, datatype: int32}
# - {name: description, datatype: string}
# - {name: R.A., datatype: float64}
# - {name: Dec., datatype: float64}
# - {name: Exposure Time, datatype: float64}
# - {name: Priority, datatype: int32}
# - {name: resolution, datatype: string}
# - {name: reference_arm, datatype: string}
# - {name: ID, datatype: int64}
# - {name: g_hsc, datatype: float64}
# - {name: g_hsc_err, datatype: float64}
# - {name: r2_hsc, datatype: float64}
# - {name: r2_hsc_err, datatype: float64}
# - {name: i2_hsc, datatype: float64}
# - {name: i2_hsc_err, datatype: float64}
# - {name: z_hsc, datatype: float64}
# - {name: z_hsc_err, datatype: float64}
# - {name: y_hsc, datatype: float64}
# - {name: y_hsc_err, datatype: float64}
# - {name: epoch, datatype: float64}
# - {name: input_catalog_id, datatype: float64}
# - {name: psf_flux_g, datatype: float64}
# - {name: psf_flux_error_g, datatype: float64}
# - {name: psf_flux_r, datatype: float64}
# - {name: psf_flux_error_r, datatype: float64}
# - {name: psf_flux_i, datatype: float64}
# - {name: psf_flux_error_i, datatype: float64}
# - {name: psf_flux_z, datatype: float64}
# - {name: psf_flux_error_z, datatype: float64}
# - {name: psf_flux_y, datatype: float64}
# - {name: psf_flux_error_y, datatype: float64}
# - {name: parallax, datatype: float64}
# - {name: parallax_error, datatype: float64}
# - {name: pmra, datatype: float64}
# - {name: pmra_error, datatype: float64}
# - {name: pmdec, datatype: float64}
# - {name: pmdec_error, datatype: float64}
# - {name: target_type, datatype: int32}
# - {name: stage, datatype: int32}
# schema: astropy-2.0
ob_code catId description R.A. Dec. "Exposure Time" Priority resolution reference_arm ID g_hsc g_hsc_err r2_hsc r2_hsc_err i2_hsc i2_hsc_err z_hsc z_hsc_err y_hsc y_hsc_err epoch input_catalog_id psf_flux_g psf_flux_error_g psf_flux_r psf_flux_error_r psf_flux_i psf_flux_error_i psf_flux_z psf_flux_error_z psf_flux_y psf_flux_error_y parallax parallax_error pmra pmra_error pmdec pmdec_error target_type stage
[from data line 2191]
_Sky_3264114331 2007 "Sky positions from PS1" 37.39513578071765 -3.4581879737427674 1800.0 1 L r 18385760503 nan nan nan nan nan nan nan nan nan nan nan nan nan nan nan nan nan nan nan nan nan nan 1e-07 1e-07 0.0 0.0 0.0 0.0 2 0
_Sky_3264119485 2007 "Sky positions from PS1" 37.17334122294072 -3.37178321920893 1800.0 1 L r 18385765657 nan nan nan nan nan nan nan nan nan nan nan nan nan nan nan nan nan nan nan nan nan nan 1e-07 1e-07 0.0 0.0 0.0 0.0 2 0
_Sky_3264087196 2007 "Sky positions from PS1" 37.1605094833947 -3.347786201340064 1800.0 1 L r 18385733368 nan nan nan nan nan nan nan nan nan nan nan nan nan nan nan nan nan nan nan nan nan nan 1e-07 1e-07 0.0 0.0 0.0 0.0 2 0
_Sky_3264094680 2007 "Sky positions from PS1" 37.17395807740904 -3.3291877614601453 1800.0 1 L r 18385740852 nan nan nan nan nan nan nan nan nan nan nan nan nan nan nan nan nan nan nan nan nan nan 1e-07 1e-07 0.0 0.0 0.0 0.0 2 0
_Sky_3264128530 2007 "Sky positions from PS1" 37.18489368507058 -3.3062676244495366 1800.0 1 L r 18385774702 nan nan nan nan nan nan nan nan nan nan nan nan nan nan nan nan nan nan nan nan nan nan 1e-07 1e-07 0.0 0.0 0.0 0.0 2 0
_Sky_3264121663 2007 "Sky positions from PS1" 37.24619335574902 -3.371833402758223 1800.0 1 L r 18385767835 nan nan nan nan nan nan nan nan nan nan nan nan nan nan nan nan nan nan nan nan nan nan 1e-07 1e-07 0.0 0.0 0.0 0.0 2 0
_Sky_3264109500 2007 "Sky positions from PS1" 37.2342566002972 -3.3512801324815653 1800.0 1 L r 18385755672 nan nan nan nan nan nan nan nan nan nan nan nan nan nan nan nan nan nan nan nan nan nan 1e-07 1e-07 0.0 0.0 0.0 0.0 2 0
_Sky_3264101127 2007 "Sky positions from PS1" 37.29637721502545 -3.370377144265321 1800.0 1 L r 18385747299 nan nan nan nan nan nan nan nan nan nan nan nan nan nan nan nan nan nan nan nan nan nan 1e-07 1e-07 0.0 0.0 0.0 0.0 2 0
_Sky_3264088764 2007 "Sky positions from PS1" 37.295484699238 -3.3308069209069258 1800.0 1 L r 18385734936 nan nan nan nan nan nan nan nan nan nan nan nan nan nan nan nan nan nan nan nan nan nan 1e-07 1e-07 0.0 0.0 0.0 0.0 2 0
_Sky_3264085687 2007 "Sky positions from PS1" 37.22108325825618 -3.286506989629008 1800.0 1 L r 18385731859 nan nan nan nan nan nan nan nan nan nan nan nan nan nan nan nan nan nan nan nan nan nan 1e-07 1e-07 0.0 0.0 0.0 0.0 2 0
_Sky_3264085869 2007 "Sky positions from PS1" 37.24716466974208 -3.287194452639254 1800.0 1 L r 18385732041 nan nan nan nan nan nan nan nan nan nan nan nan nan nan nan nan nan nan nan nan nan nan 1e-07 1e-07 0.0 0.0 0.0 0.0 2 0
_Sky_3264135931 2007 "Sky positions from PS1" 37.27130739940479 -3.2464397246499224 1800.0 1 L r 18385782103 nan nan nan nan nan nan nan nan nan nan nan nan nan nan nan nan nan nan nan nan nan nan 1e-07 1e-07 0.0 0.0 0.0 0.0 2 0
_Sky_3264127081 2007 "Sky positions from PS1" 37.34514630109378 -3.3705002092029046 1800.0 1 L r 18385773253 nan nan nan nan nan nan nan nan nan nan nan nan nan nan nan nan nan nan nan nan nan nan 1e-07 1e-07 0.0 0.0 0.0 0.0 2 0
_Sky_3264109662 2007 "Sky positions from PS1" 37.30748382448729 -3.3097661137994416 1800.0 1 L r 18385755834 nan nan nan nan nan nan nan nan nan nan nan nan nan nan nan nan nan nan nan nan nan nan 1e-07 1e-07 0.0 0.0 0.0 0.0 2 0
_Sky_3264117227 2007 "Sky positions from PS1" 37.35558016722079 -3.310026979822424 1800.0 1 L r 18385763399 nan nan nan nan nan nan nan nan nan nan nan nan nan nan nan nan nan nan nan nan nan nan 1e-07 1e-07 0.0 0.0 0.0 0.0 2 0
_Sky_3264116940 2007 "Sky positions from PS1" 37.33334152649342 -3.307373925482216 1800.0 1 L r 18385763112 nan nan nan nan nan nan nan nan nan nan nan nan nan nan nan nan nan nan nan nan nan nan 1e-07 1e-07 0.0 0.0 0.0 0.0 2 0
_Sky_3264116628 2007 "Sky positions from PS1" 37.369611620336734 -3.328938068862198 1800.0 1 L r 18385762800 nan nan nan nan nan nan nan nan nan nan nan nan nan nan nan nan nan nan nan nan nan nan 1e-07 1e-07 0.0 0.0 0.0 0.0 2 0
_Sky_3264142222 2007 "Sky positions from PS1" 37.38286436141081 -3.309813189903261 1800.0 1 L r 18385788394 nan nan nan nan nan nan nan nan nan nan nan nan nan nan nan nan nan nan nan nan nan nan 1e-07 1e-07 0.0 0.0 0.0 0.0 2 0
_Sky_3264108618 2007 "Sky positions from PS1" 37.394125584759855 -3.3293586577603067 1800.0 1 L r 18385754790 nan nan nan nan nan nan nan nan nan nan nan nan nan nan nan nan nan nan nan nan nan nan 1e-07 1e-07 0.0 0.0 0.0 0.0 2 0
_Sky_3264122498 2007 "Sky positions from PS1" 37.4176609382431 -3.287901472633271 1800.0 1 L r 18385768670 nan nan nan nan nan nan nan nan nan nan nan nan nan nan nan nan nan nan nan nan nan nan 1e-07 1e-07 0.0 0.0 0.0 0.0 2 0
_Sky_3264090138 2007 "Sky positions from PS1" 37.32047049295223 -3.2882032184529497 1800.0 1 L r 18385736310 nan nan nan nan nan nan nan nan nan nan nan nan nan nan nan nan nan nan nan nan nan nan 1e-07 1e-07 0.0 0.0 0.0 0.0 2 0
_Sky_3264086424 2007 "Sky positions from PS1" 37.31985795348758 -3.2454921092349327 1800.0 1 L r 18385732596 nan nan nan nan nan nan nan nan nan nan nan nan nan nan nan nan nan nan nan nan nan nan 1e-07 1e-07 0.0 0.0 0.0 0.0 2 0
_Sky_3264111728 2007 "Sky positions from PS1" 37.33107435332851 -3.2266986122108468 1800.0 1 L r 18385757900 nan nan nan nan nan nan nan nan nan nan nan nan nan nan nan nan nan nan nan nan nan nan 1e-07 1e-07 0.0 0.0 0.0 0.0 2 0
_Sky_3264087676 2007 "Sky positions from PS1" 37.34326705327346 -3.20556294851144 1800.0 1 L r 18385733848 nan nan nan nan nan nan nan nan nan nan nan nan nan nan nan nan nan nan nan nan nan nan 1e-07 1e-07 0.0 0.0 0.0 0.0 2 0
_Sky_3264107080 2007 "Sky positions from PS1" 37.37924022560446 -3.226371774071133 1800.0 1 L r 18385753252 nan nan nan nan nan nan nan nan nan nan nan nan nan nan nan nan nan nan nan nan nan nan 1e-07 1e-07 0.0 0.0 0.0 0.0 2 0
_Sky_3264117576 2007 "Sky positions from PS1" 37.12202644360655 -3.202942039099503 1800.0 1 L r 18385763748 nan nan nan nan nan nan nan nan nan nan nan nan nan nan nan nan nan nan nan nan nan nan 1e-07 1e-07 0.0 0.0 0.0 0.0 2 0
_Sky_3264114973 2007 "Sky positions from PS1" 37.50594501755162 -3.522154933304227 1800.0 1 L r 18385761145 nan nan nan nan nan nan nan nan nan nan nan nan nan nan nan nan nan nan nan nan nan nan 1e-07 1e-07 0.0 0.0 0.0 0.0 2 0
_Sky_3264130758 2007 "Sky positions from PS1" 37.49545272226563 -3.5003050266666857 1800.0 1 L r 18385776930 nan nan nan nan nan nan nan nan nan nan nan nan nan nan nan nan nan nan nan nan nan nan 1e-07 1e-07 0.0 0.0 0.0 0.0 2 0
_Sky_3264140964 2007 "Sky positions from PS1" 37.50694778218151 -3.478321599754225 1800.0 1 L r 18385787136 nan nan nan nan nan nan nan nan nan nan nan nan nan nan nan nan nan nan nan nan nan nan 1e-07 1e-07 0.0 0.0 0.0 0.0 2 0
_Sky_3264134615 2007 "Sky positions from PS1" 37.54234323611576 -3.458474228005067 1800.0 1 L r 18385780787 nan nan nan nan nan nan nan nan nan nan nan nan nan nan nan nan nan nan nan nan nan nan 1e-07 1e-07 0.0 0.0 0.0 0.0 2 0
_Sky_3264088498 2007 "Sky positions from PS1" 37.566899711623215 -3.4982103511625557 1800.0 1 L r 18385734670 nan nan nan nan nan nan nan nan nan nan nan nan nan nan nan nan nan nan nan nan nan nan 1e-07 1e-07 0.0 0.0 0.0 0.0 2 0
_Sky_3264118930 2007 "Sky positions from PS1" 37.49224158423464 -3.457552160615636 1800.0 1 L r 18385765102 nan nan nan nan nan nan nan nan nan nan nan nan nan nan nan nan nan nan nan nan nan nan 1e-07 1e-07 0.0 0.0 0.0 0.0 2 0
_Sky_3264100090 2007 "Sky positions from PS1" 37.519317929467725 -3.415722005656568 1800.0 1 L r 18385746262 nan nan nan nan nan nan nan nan nan nan nan nan nan nan nan nan nan nan nan nan nan nan 1e-07 1e-07 0.0 0.0 0.0 0.0 2 0
_Sky_3264097748 2007 "Sky positions from PS1" 37.45564182023106 -3.3119784311778786 1800.0 1 L r 18385743920 nan nan nan nan nan nan nan nan nan nan nan nan nan nan nan nan nan nan nan nan nan nan 1e-07 1e-07 0.0 0.0 0.0 0.0 2 0
