output/Jan25/final_nf_input/field_b_L2_visit1_final_targets.ecsv
# %ECSV 1.0
# ---
# datatype:
# - {name: ob_code, datatype: string}
# - {name: catId, datatype: int32}
# - {name: description, datatype: string}
# - {name: R.A., datatype: float64}
# - {name: Dec., datatype: float64}
# - {name: Exposure Time, datatype: float64}
# - {name: Priority, datatype: int32}
# - {name: resolution, datatype: string}
# - {name: reference_arm, datatype: string}
# - {name: ID, datatype: int64}
# - {name: g_hsc, datatype: float64}
# - {name: g_hsc_err, datatype: float64}
# - {name: r2_hsc, datatype: float64}
# - {name: r2_hsc_err, datatype: float64}
# - {name: i2_hsc, datatype: float64}
# - {name: i2_hsc_err, datatype: float64}
# - {name: z_hsc, datatype: float64}
# - {name: z_hsc_err, datatype: float64}
# - {name: y_hsc, datatype: float64}
# - {name: y_hsc_err, datatype: float64}
# - {name: epoch, datatype: float64}
# - {name: input_catalog_id, datatype: float64}
# - {name: psf_flux_g, datatype: float64}
# - {name: psf_flux_error_g, datatype: float64}
# - {name: psf_flux_r, datatype: float64}
# - {name: psf_flux_error_r, datatype: float64}
# - {name: psf_flux_i, datatype: float64}
# - {name: psf_flux_error_i, datatype: float64}
# - {name: psf_flux_z, datatype: float64}
# - {name: psf_flux_error_z, datatype: float64}
# - {name: psf_flux_y, datatype: float64}
# - {name: psf_flux_error_y, datatype: float64}
# - {name: parallax, datatype: float64}
# - {name: parallax_error, datatype: float64}
# - {name: pmra, datatype: float64}
# - {name: pmra_error, datatype: float64}
# - {name: pmdec, datatype: float64}
# - {name: pmdec_error, datatype: float64}
# - {name: target_type, datatype: int32}
# - {name: stage, datatype: int32}
# schema: astropy-2.0
ob_code catId description R.A. Dec. "Exposure Time" Priority resolution reference_arm ID g_hsc g_hsc_err r2_hsc r2_hsc_err i2_hsc i2_hsc_err z_hsc z_hsc_err y_hsc y_hsc_err epoch input_catalog_id psf_flux_g psf_flux_error_g psf_flux_r psf_flux_error_r psf_flux_i psf_flux_error_i psf_flux_z psf_flux_error_z psf_flux_y psf_flux_error_y parallax parallax_error pmra pmra_error pmdec pmdec_error target_type stage
[from data line 412]
_Cos_40686491483002167 11 "HSC-SSP Public Data Release 4 (Wide)" 37.58163233559033 -0.3831492443427371 1800.0 1 L r 40686491483002167 1162.7258 30.832544 1044.9565 31.056658 1095.1833 36.22525 1527.3726 111.72583 858.1426 186.25897 nan nan nan nan nan nan nan nan nan nan nan nan 1e-07 1e-07 0.0 0.0 0.0 0.0 1 0
_Cos_40686491483003301 11 "HSC-SSP Public Data Release 4 (Wide)" 37.68264324580001 -0.3681728573835542 1800.0 1 L r 40686491483003301 1233.7612 21.395155 1786.8733 28.417395 2380.523 35.37634 3643.022 80.739975 4048.4768 163.01093 nan nan nan nan nan nan nan nan nan nan nan nan 1e-07 1e-07 0.0 0.0 0.0 0.0 1 0
_Cos_40686491483003875 11 "HSC-SSP Public Data Release 4 (Wide)" 37.62917964922155 -0.35867765676733354 1800.0 1 L r 40686491483003875 1202.6067 81.64894 545.8883 33.903316 3493.474 242.6279 2270.5403 251.54121 233.74655 218.17674 nan nan nan nan nan nan nan nan nan nan nan nan 1e-07 1e-07 0.0 0.0 0.0 0.0 1 0
_Cos_40686491483004169 11 "HSC-SSP Public Data Release 4 (Wide)" 37.51609174917574 -0.3526961356294661 1800.0 1 L r 40686491483004169 1111.4998 22.186846 1364.8336 24.710388 1979.6208 29.568602 2374.0994 72.73077 4189.5835 177.92303 nan nan nan nan nan nan nan nan nan nan nan nan 1e-07 1e-07 0.0 0.0 0.0 0.0 1 0
_Cos_40686491483004542 11 "HSC-SSP Public Data Release 4 (Wide)" 37.522799313783814 -0.3462179534417467 1800.0 1 L r 40686491483004542 629.3906 25.982777 400.36884 22.532875 917.6303 54.81957 628.4737 84.04884 669.5788 146.45863 nan nan nan nan nan nan nan nan nan nan nan nan 1e-07 1e-07 0.0 0.0 0.0 0.0 1 0
_Cos_40686491483004589 11 "HSC-SSP Public Data Release 4 (Wide)" 37.595435391497816 -0.34171141638149205 1800.0 1 L r 40686491483004589 656.7603 28.957243 804.6307 37.48824 1162.9553 47.362934 1572.7361 86.340294 2246.1914 229.25186 nan nan nan nan nan nan nan nan nan nan nan nan 1e-07 1e-07 0.0 0.0 0.0 0.0 1 0
_Cos_40686491483004625 11 "HSC-SSP Public Data Release 4 (Wide)" 37.648936142919176 -0.34225854575496933 1800.0 1 L r 40686491483004625 1382.1516 21.32016 1685.3801 21.534464 2146.338 33.47371 2034.3102 71.29862 2698.0415 192.39853 nan nan nan nan nan nan nan nan nan nan nan nan 1e-07 1e-07 0.0 0.0 0.0 0.0 1 0
_Cos_40686491483004683 11 "HSC-SSP Public Data Release 4 (Wide)" 37.54711259150636 -0.34327509110887855 1800.0 1 L r 40686491483004683 593.388 22.94486 818.53033 29.735025 1106.3748 33.302338 1637.9534 80.43106 1992.17 160.82697 nan nan nan nan nan nan nan nan nan nan nan nan 1e-07 1e-07 0.0 0.0 0.0 0.0 1 0
_Cos_40686491483004864 11 "HSC-SSP Public Data Release 4 (Wide)" 37.67948253440554 -0.3408771657364543 1800.0 1 L r 40686491483004864 384.26083 17.219 611.02515 17.444527 1050.436 23.668947 1617.3282 60.001118 1954.1406 138.04239 nan nan nan nan nan nan nan nan nan nan nan nan 1e-07 1e-07 0.0 0.0 0.0 0.0 1 0
_Cos_40686491483005803 11 "HSC-SSP Public Data Release 4 (Wide)" 37.51877344576204 -0.32453658813545727 1800.0 1 L r 40686491483005803 1057.1249 24.949293 1153.7977 28.666702 1625.4989 41.495403 1736.254 76.11843 1721.37 178.51865 nan nan nan nan nan nan nan nan nan nan nan nan 1e-07 1e-07 0.0 0.0 0.0 0.0 1 0
_Cos_40686491483005844 11 "HSC-SSP Public Data Release 4 (Wide)" 37.689441389331705 -0.3247309710260193 1800.0 1 L r 40686491483005844 595.54364 18.954958 797.3964 24.149616 1032.4025 35.08224 1436.671 73.7462 931.84125 132.68942 nan nan nan nan nan nan nan nan nan nan nan nan 1e-07 1e-07 0.0 0.0 0.0 0.0 1 0
_Cos_40686491483005983 11 "HSC-SSP Public Data Release 4 (Wide)" 37.54660105910976 -0.32227621817799923 1800.0 1 L r 40686491483005983 539.33966 25.471437 553.3836 25.071941 1019.0271 38.20776 1022.93884 72.51113 1159.2361 194.47972 nan nan nan nan nan nan nan nan nan nan nan nan 1e-07 1e-07 0.0 0.0 0.0 0.0 1 0
_Cos_40686491483006094 11 "HSC-SSP Public Data Release 4 (Wide)" 37.606737523005734 -0.3203518427951844 1800.0 1 L r 40686491483006094 1387.4447 29.899223 1446.3369 36.4804 1932.179 30.314518 2516.6357 69.938866 2351.9526 152.41484 nan nan nan nan nan nan nan nan nan nan nan nan 1e-07 1e-07 0.0 0.0 0.0 0.0 1 0
_Cos_40686491483006319 11 "HSC-SSP Public Data Release 4 (Wide)" 37.651399305122894 -0.31469251197806425 1800.0 1 L r 40686491483006319 717.2194 24.032526 823.5561 33.010765 1169.7516 51.598316 1557.1925 94.298584 1185.6589 219.47847 nan nan nan nan nan nan nan nan nan nan nan nan 1e-07 1e-07 0.0 0.0 0.0 0.0 1 0
_Cos_40686491483006624 11 "HSC-SSP Public Data Release 4 (Wide)" 37.57816711414832 -0.3090527845010505 1800.0 1 L r 40686491483006624 375.44635 20.630598 512.0157 21.68354 1106.1268 32.32339 1438.1946 64.932884 1266.3955 120.56933 nan nan nan nan nan nan nan nan nan nan nan nan 1e-07 1e-07 0.0 0.0 0.0 0.0 1 0
_Cos_40686491483007875 11 "HSC-SSP Public Data Release 4 (Wide)" 37.51003597382615 -0.28589862600441773 1800.0 1 L r 40686491483007875 1178.7845 22.39242 1066.8342 25.2037 949.4598 29.3931 1891.698 109.03555 1823.7866 156.82036 nan nan nan nan nan nan nan nan nan nan nan nan 1e-07 1e-07 0.0 0.0 0.0 0.0 1 0
_Cos_40686491483008278 11 "HSC-SSP Public Data Release 4 (Wide)" 37.63319534318759 -0.28265774679241734 1800.0 1 L r 40686491483008278 453.16895 26.272823 552.4499 29.569706 1068.8389 43.161835 1224.1843 84.309296 1354.9497 195.1722 nan nan nan nan nan nan nan nan nan nan nan nan 1e-07 1e-07 0.0 0.0 0.0 0.0 1 0
_Cos_40686491483008606 11 "HSC-SSP Public Data Release 4 (Wide)" 37.53698408748503 -0.2771819779125702 1800.0 1 L r 40686491483008606 783.93945 22.594303 1167.4019 28.988293 1978.0889 40.260868 3203.7034 105.75058 3205.0916 203.90799 nan nan nan nan nan nan nan nan nan nan nan nan 1e-07 1e-07 0.0 0.0 0.0 0.0 1 0
_Cos_40686495777948967 11 "HSC-SSP Public Data Release 4 (Wide)" 37.68901526861129 -0.2526193400774387 1800.0 1 L r 40686495777948967 726.9463 29.449017 926.1656 38.902916 1861.9384 56.751377 1736.267 93.958206 2701.1465 251.88947 nan nan nan nan nan nan nan nan nan nan nan nan 1e-07 1e-07 0.0 0.0 0.0 0.0 1 0
_Cos_40686495777950450 11 "HSC-SSP Public Data Release 4 (Wide)" 37.593483306580865 -0.21976893904493244 1800.0 1 L r 40686495777950450 519.76685 25.734776 815.08527 28.310312 1025.3306 33.713078 1857.0844 79.64443 2887.5364 182.59914 nan nan nan nan nan nan nan nan nan nan nan nan 1e-07 1e-07 0.0 0.0 0.0 0.0 1 0
_Cos_40686495777950543 11 "HSC-SSP Public Data Release 4 (Wide)" 37.54690707688674 -0.21714276948759934 1800.0 1 L r 40686495777950543 984.65594 23.613834 990.90314 27.695305 968.41565 34.345707 1003.72437 79.141174 897.72845 187.95581 nan nan nan nan nan nan nan nan nan nan nan nan 1e-07 1e-07 0.0 0.0 0.0 0.0 1 0
_Cos_40686495777950655 11 "HSC-SSP Public Data Release 4 (Wide)" 37.62857942389396 -0.2145121087023795 1800.0 1 L r 40686495777950655 1433.4523 20.026518 1691.7241 23.32462 1974.3156 35.926643 2274.3584 76.882774 2725.9119 189.76044 nan nan nan nan nan nan nan nan nan nan nan nan 1e-07 1e-07 0.0 0.0 0.0 0.0 1 0
_Cos_40686495777951647 11 "HSC-SSP Public Data Release 4 (Wide)" 37.68995700445361 -0.19181818669363926 1800.0 1 L r 40686495777951647 912.7037 21.242523 1141.1897 25.570704 1654.5026 36.483013 2408.8164 75.54899 2714.7253 174.1619 nan nan nan nan nan nan nan nan nan nan nan nan 1e-07 1e-07 0.0 0.0 0.0 0.0 1 0
_Cos_40686495777953437 11 "HSC-SSP Public Data Release 4 (Wide)" 37.66338116086351 -0.15101855165421194 1800.0 1 L r 40686495777953437 575.73254 21.424717 709.91565 39.640057 1202.3761 38.561974 1464.1321 79.98554 2364.8345 206.97916 nan nan nan nan nan nan nan nan nan nan nan nan 1e-07 1e-07 0.0 0.0 0.0 0.0 1 0
_Cos_40686495777953686 11 "HSC-SSP Public Data Release 4 (Wide)" 37.68640612094631 -0.14564229178084415 1800.0 1 L r 40686495777953686 668.36334 25.491016 761.09033 40.21788 1458.6661 41.306023 2275.6924 93.92788 2862.14 245.37238 nan nan nan nan nan nan nan nan nan nan nan nan 1e-07 1e-07 0.0 0.0 0.0 0.0 1 0
_Cos_40686495777954196 11 "HSC-SSP Public Data Release 4 (Wide)" 37.62370695626644 -0.13416170535004093 1800.0 1 L r 40686495777954196 565.67523 33.378826 734.7686 47.75 998.01624 54.582767 1379.3649 122.150185 3789.0989 414.6865 nan nan nan nan nan nan nan nan nan nan nan nan 1e-07 1e-07 0.0 0.0 0.0 0.0 1 0
_Cos_40686495777955025 11 "HSC-SSP Public Data Release 4 (Wide)" 37.63309239550188 -0.11564901216772595 1800.0 1 L r 40686495777955025 1233.8694 24.06423 859.14636 26.926615 1045.4185 29.11769 1101.9286 66.66632 964.94635 141.28835 nan nan nan nan nan nan nan nan nan nan nan nan 1e-07 1e-07 0.0 0.0 0.0 0.0 1 0
_Cos_40686495777965424 11 "HSC-SSP Public Data Release 4 (Wide)" 37.58553700875118 -0.2770923132903734 1800.0 1 L r 40686495777965424 1292.9191 24.225725 1630.2247 29.019464 2872.3638 39.92578 3761.0615 86.55755 4611.695 188.8591 nan nan nan nan nan nan nan nan nan nan nan nan 1e-07 1e-07 0.0 0.0 0.0 0.0 1 0
_Cos_40686495777965517 11 "HSC-SSP Public Data Release 4 (Wide)" 37.65536838842968 -0.2737739190921958 1800.0 1 L r 40686495777965517 1036.3615 16.95674 1408.011 17.360912 1906.0769 26.94193 2621.539 66.29086 2315.342 176.10268 nan nan nan nan nan nan nan nan nan nan nan nan 1e-07 1e-07 0.0 0.0 0.0 0.0 1 0
_Cos_40686495777965750 11 "HSC-SSP Public Data Release 4 (Wide)" 37.60693721327171 -0.26985535708751934 1800.0 1 L r 40686495777965750 597.7592 25.237036 746.49915 34.068478 934.0746 32.816677 1714.7227 90.9071 1360.8043 156.2436 nan nan nan nan nan nan nan nan nan nan nan nan 1e-07 1e-07 0.0 0.0 0.0 0.0 1 0
_Cos_40686495777965938 11 "HSC-SSP Public Data Release 4 (Wide)" 37.62380825125927 -0.264963872059856 1800.0 1 L r 40686495777965938 635.1621 17.58444 980.7386 20.907492 2018.7803 34.319046 3014.6057 73.43928 4236.4424 167.60826 nan nan nan nan nan nan nan nan nan nan nan nan 1e-07 1e-07 0.0 0.0 0.0 0.0 1 0
_Cos_40686495777966164 11 "HSC-SSP Public Data Release 4 (Wide)" 37.67644037712011 -0.26308099164118526 1800.0 1 L r 40686495777966164 611.66986 17.896967 671.9635 19.287617 1238.1461 34.854782 1934.154 82.88191 2235.86 192.58003 nan nan nan nan nan nan nan nan nan nan nan nan 1e-07 1e-07 0.0 0.0 0.0 0.0 1 0
_Cos_40686495777966304 11 "HSC-SSP Public Data Release 4 (Wide)" 37.649353633969724 -0.2619838873422286 1800.0 1 L r 40686495777966304 527.39777 21.466887 648.3238 31.26372 1179.8334 43.27432 1730.8293 98.790184 3851.5222 322.36987 nan nan nan nan nan nan nan nan nan nan nan nan 1e-07 1e-07 0.0 0.0 0.0 0.0 1 0
_Cos_40686495777967351 11 "HSC-SSP Public Data Release 4 (Wide)" 37.6172225030159 -0.24034679528294384 1800.0 1 L r 40686495777967351 1157.8708 22.920303 1503.9639 31.73184 1839.4763 40.28963 2945.9402 85.00444 3430.3518 199.98534 nan nan nan nan nan nan nan nan nan nan nan nan 1e-07 1e-07 0.0 0.0 0.0 0.0 1 0
_Cos_40686495777967425 11 "HSC-SSP Public Data Release 4 (Wide)" 37.6383932633165 -0.23541039132357533 1800.0 1 L r 40686495777967425 1323.6201 18.700645 2206.515 19.304478 2181.2395 28.687786 3920.9148 70.919075 5247.002 146.07773 nan nan nan nan nan nan nan nan nan nan nan nan 1e-07 1e-07 0.0 0.0 0.0 0.0 1 0
_Cos_40686495777967524 11 "HSC-SSP Public Data Release 4 (Wide)" 37.54089062005599 -0.23700825389938554 1800.0 1 L r 40686495777967524 675.2481 18.51523 1102.8071 25.638054 1378.8683 30.118221 2604.4807 87.45416 2820.787 163.2463 nan nan nan nan nan nan nan nan nan nan nan nan 1e-07 1e-07 0.0 0.0 0.0 0.0 1 0
_Cos_40686495777967953 11 "HSC-SSP Public Data Release 4 (Wide)" 37.51833338408519 -0.22916689729025583 1800.0 1 L r 40686495777967953 1131.3855 17.506641 1628.3962 16.706375 2721.3728 28.022202 3965.342 62.63993 3727.47 154.92418 nan nan nan nan nan nan nan nan nan nan nan nan 1e-07 1e-07 0.0 0.0 0.0 0.0 1 0
_Cos_40686495777968348 11 "HSC-SSP Public Data Release 4 (Wide)" 37.645221490486335 -0.2202099770610964 1800.0 1 L r 40686495777968348 1648.6366 23.49639 1922.8392 29.134405 1986.0812 32.00106 2388.1536 74.172 2252.229 154.10976 nan nan nan nan nan nan nan nan nan nan nan nan 1e-07 1e-07 0.0 0.0 0.0 0.0 1 0
_Cos_40686495777968643 11 "HSC-SSP Public Data Release 4 (Wide)" 37.5757799317364 -0.21290240104927802 1800.0 1 L r 40686495777968643 1516.8077 20.341246 1815.4174 24.330416 2116.7798 30.032888 2724.1357 79.85775 3275.1714 155.18283 nan nan nan nan nan nan nan nan nan nan nan nan 1e-07 1e-07 0.0 0.0 0.0 0.0 1 0
_Cos_40686495777969405 11 "HSC-SSP Public Data Release 4 (Wide)" 37.56780975267607 -0.19387225305545736 1800.0 1 L r 40686495777969405 457.3183 18.85459 596.6469 25.36263 963.23285 35.931335 1136.1201 84.80122 909.9103 164.1203 nan nan nan nan nan nan nan nan nan nan nan nan 1e-07 1e-07 0.0 0.0 0.0 0.0 1 0
_Cos_40686495777969951 11 "HSC-SSP Public Data Release 4 (Wide)" 37.512565158857264 -0.18539548351591453 1800.0 1 L r 40686495777969951 288.24585 24.043919 441.06866 34.05854 1053.3958 42.604202 1507.9276 101.19025 1641.3633 202.45782 nan nan nan nan nan nan nan nan nan nan nan nan 1e-07 1e-07 0.0 0.0 0.0 0.0 1 0
_Cos_40686495777970321 11 "HSC-SSP Public Data Release 4 (Wide)" 37.54416524891961 -0.1762835424500485 1800.0 1 L r 40686495777970321 728.2867 24.284111 969.84924 39.38243 926.89404 45.753212 1409.1146 119.59036 1525.1698 231.73196 nan nan nan nan nan nan nan nan nan nan nan nan 1e-07 1e-07 0.0 0.0 0.0 0.0 1 0
_Cos_40686495777970685 11 "HSC-SSP Public Data Release 4 (Wide)" 37.60416216267729 -0.16844573736036655 1800.0 1 L r 40686495777970685 564.45386 26.576557 723.6668 27.509222 1010.3882 34.72618 1196.8138 89.12478 1138.2985 176.5315 nan nan nan nan nan nan nan nan nan nan nan nan 1e-07 1e-07 0.0 0.0 0.0 0.0 1 0
_Cos_40686495777970940 11 "HSC-SSP Public Data Release 4 (Wide)" 37.67751579681777 -0.16226899082637206 1800.0 1 L r 40686495777970940 691.6084 17.896193 768.0266 38.6763 1428.2068 29.805635 1890.512 67.49798 3501.722 173.86066 nan nan nan nan nan nan nan nan nan nan nan nan 1e-07 1e-07 0.0 0.0 0.0 0.0 1 0
_Cos_40686495777971085 11 "HSC-SSP Public Data Release 4 (Wide)" 37.54267466719531 -0.15892323322121804 1800.0 1 L r 40686495777971085 1003.9437 26.29082 1436.3503 50.957882 2378.5798 75.03545 3299.8826 124.94821 3411.4336 271.2519 nan nan nan nan nan nan nan nan nan nan nan nan 1e-07 1e-07 0.0 0.0 0.0 0.0 1 0
_Cos_40686495777971753 11 "HSC-SSP Public Data Release 4 (Wide)" 37.62833918589015 -0.14434305421580232 1800.0 1 L r 40686495777971753 1278.8984 21.796307 1822.0074 38.172165 2702.235 38.851604 3786.1687 85.564735 4420.54 198.99292 nan nan nan nan nan nan nan nan nan nan nan nan 1e-07 1e-07 0.0 0.0 0.0 0.0 1 0
_Cos_40686495777972050 11 "HSC-SSP Public Data Release 4 (Wide)" 37.64984384983341 -0.13237736161741048 1800.0 1 L r 40686495777972050 744.28973 20.696907 758.28595 29.846842 974.01654 36.935207 1432.8815 90.91726 1544.4639 180.38503 nan nan nan nan nan nan nan nan nan nan nan nan 1e-07 1e-07 0.0 0.0 0.0 0.0 1 0
_Cos_40686500072915757 11 "HSC-SSP Public Data Release 4 (Wide)" 37.644463644719856 -0.07740396992580435 1800.0 1 L r 40686500072915757 806.50757 20.464596 1188.1232 27.9916 2317.1382 37.129814 4077.3022 88.59315 4632.5176 184.35158 nan nan nan nan nan nan nan nan nan nan nan nan 1e-07 1e-07 0.0 0.0 0.0 0.0 1 0
_Cos_40686500072917384 11 "HSC-SSP Public Data Release 4 (Wide)" 37.67019410145949 -0.04403187785570924 1800.0 1 L r 40686500072917384 838.92773 24.838423 1365.9772 47.98915 1903.5701 39.573116 3354.1704 97.512886 3785.7493 194.32295 nan nan nan nan nan nan nan nan nan nan nan nan 1e-07 1e-07 0.0 0.0 0.0 0.0 1 0
_Cos_40686500072917807 11 "HSC-SSP Public Data Release 4 (Wide)" 37.62675435316934 -0.03506168030100816 1800.0 1 L r 40686500072917807 589.3802 22.056137 837.65564 27.834827 1801.1658 31.780485 3289.2893 91.629196 3681.9167 192.43726 nan nan nan nan nan nan nan nan nan nan nan nan 1e-07 1e-07 0.0 0.0 0.0 0.0 1 0
