data_proc/test/star_region3_3h_targets.ecsv
# %ECSV 1.0
# ---
# datatype:
# - {name: ID, datatype: string}
# - {name: R.A., datatype: float64}
# - {name: Dec., datatype: float64}
# - {name: Exposure Time, datatype: float64}
# - {name: stage, datatype: int32}
# schema: astropy-2.0
ID R.A. Dec. "Exposure Time" stage
[from data line 9129]
_Star_2651335298105564160 346.78692064670554 0.3883545843027022 900.0 0
_Star_2651347942489325312 346.7882463215291 0.468111075805327 900.0 0
_Star_2651229332671948928 346.78868102384644 -0.2470947919586017 900.0 0
_Star_2651347942489300992 346.7889472210811 0.466659985902757 900.0 0
_Star_2650563612741187456 346.7996404327108 -1.251989387175299 900.0 0
_Star_2650643980169077504 346.8003227838883 -0.7450617225214042 900.0 0
_Star_2650563612741194880 346.8053764851951 -1.243675170137274 900.0 0
_Star_2650632022980120704 346.80969013380064 -0.7836495944566977 900.0 0
_Star_2651272247985413248 346.8147929885157 0.0197193898263902 900.0 0
_Star_2651334164234179456 346.8220013232277 0.3415204750238261 900.0 0
_Star_2650524721812880512 346.8303825843835 -1.460430878169193 900.0 0
_Star_2651272625942813824 346.8312091770309 0.0513237829407975 900.0 0
_Star_2651221739169678080 346.83656965579235 -0.4230398544503388 900.0 0
_Star_2651026713294894080 346.8378899502129 -0.5274749823289675 900.0 0
_Star_2651429787385615104 346.83884739290045 0.458180291362655 900.0 0
_Star_2651222220206022528 346.8528761733112 -0.3973186089933636 900.0 0
_Star_2651229062089231488 346.85302240203663 -0.22152727854052 900.0 0
_Star_2651280356883796608 346.8540898207187 0.1660464538611359 900.0 0
_Star_2651429413724412416 346.8550562132394 0.423170900479265 900.0 0
_Star_2651020150584798592 346.8559758486135 -0.6702413985216715 900.0 0
_Star_2650569556976050688 346.85942623299223 -1.0867904072526906 900.0 0
_Star_2651334409047938304 346.8642237171925 0.3584339885953678 900.0 0
_Star_2650624120240267008 346.86602543627635 -0.9785061626408348 900.0 0
_Star_2651269091185008768 346.8710838025457 -0.0056991729666485 900.0 0
_Star_2651328151280021120 346.87576139408105 0.2434496704297662 900.0 0
_Star_2651280322524060928 346.87667024297645 0.1698724941128037 900.0 0
_Star_2651022830644424576 346.8783247736398 -0.5896065917051113 900.0 0
_Star_2650630751669796224 346.8809800622166 -0.8220539827950136 900.0 0
_Star_2651225759259145728 346.8894051784842 -0.2640858759437218 900.0 0
_Star_2651428412996059392 346.9044626946716 0.4027778878821418 900.0 0
_Star_2651331419750713344 346.9077338705637 0.3469178783546207 900.0 0
_Star_2650550865278233728 346.9079492292775 -1.2792870244850512 900.0 0
_Star_2650578731025929472 346.9146272806038 -0.9696491944235466 900.0 0
_Star_2650564299935968640 346.91724116713027 -1.2360717730883184 900.0 0
_Star_2651003073794775168 346.91962055767465 -0.830190697421117 900.0 0
_Star_2651255995829032704 346.93515908625494 -0.078919528045916 900.0 0
_Star_2651329491309719040 346.93520003889176 0.2506999460973179 900.0 0
_Star_2651023315975923840 346.9366938791808 -0.5658071832259635 900.0 0
_Star_2650627487494646272 346.9375235510662 -0.8563319582798637 900.0 0
_Star_2651006715927063552 346.93809354317875 -0.761857384814979 900.0 0
_Star_2651275958837223424 346.9386526485705 0.0955583104760814 900.0 0
_Star_2651329525669464192 346.9424886963515 0.2658289017545788 900.0 0
_Star_2650578834105102080 346.94981047755425 -0.9507286607077572 900.0 0
_Star_2651035028351645952 346.95240242994936 -0.4101071947120685 900.0 0
_Star_2650564643533362176 346.9559299250462 -1.2244727491427254 900.0 0
_Star_2651268365334903808 346.95806283444347 -0.0104568830571298 900.0 0
_Star_2651029633872676864 346.95847999192904 -0.5007970672402567 900.0 0
_Star_2651275512160585600 346.95971701243525 0.0517663192992462 900.0 0
_Star_2651279532250228096 346.96450398838806 0.1444311042076705 900.0 0
_Star_2651029633872674688 346.9662610085386 -0.5045278528693572 900.0 0
_Star_2651255828326296448 346.97052615961763 -0.0895410064814342 900.0 0
_Star_2651279566609966592 346.9716143601927 0.1593266635816076 900.0 0
_Star_2651249914155261824 346.97244194069566 -0.1885282471470011 900.0 0
_Star_2651274451304235520 346.97410948927654 0.0206025533712742 900.0 0
_Star_2650564780972332672 346.9779212604624 -1.2041521920914495 900.0 0
_Star_2651282933864236160 346.9807698794231 0.2623707877173105 900.0 0
_Star_2651276508593069184 346.98734903879506 0.1296385284868278 900.0 0
_Star_2650572443193741056 346.99440712681763 -1.0966013730747513 900.0 0
_Star_2651029741246972160 346.9956902275942 -0.5107363282255761 900.0 0
_Star_2651425664216989824 346.9972689492224 0.4029486808820013 900.0 0
