data_proc/test/star_region3_3h_targets.ecsv
# %ECSV 1.0
# ---
# datatype:
# - {name: ID, datatype: string}
# - {name: R.A., datatype: float64}
# - {name: Dec., datatype: float64}
# - {name: Exposure Time, datatype: float64}
# - {name: stage, datatype: int32}
# schema: astropy-2.0
ID R.A. Dec. "Exposure Time" stage
[from data line 6233]
_Star_2654883323344135296 343.34900136550385 0.2646124304086026 900.0 0
_Star_2654884933956804352 343.3731692962106 0.3375803718205103 900.0 0
_Star_2650293682637027328 343.3750875535098 -0.5032723226274625 900.0 0
_Star_2651873818284791936 343.4459394171227 0.0817607477179065 900.0 0
_Star_2650043303223094528 343.4547518134991 -1.1407396902244458 900.0 0
_Star_2650016541282297216 343.4745249935767 -1.4897763841697025 900.0 0
_Star_2650031178530656256 343.48290792401787 -1.1915384753406384 900.0 0
_Star_2650023993050322048 343.51067421848506 -1.2733210282171468 900.0 0
_Star_2651904810768865408 343.51781090814126 0.3066480707429616 900.0 0
_Star_2650075017261709952 343.5289508387474 -0.8884686472259804 900.0 0
_Star_2651848598236502656 343.5390645288715 -0.1998851376297655 900.0 0
_Star_2651861345700311040 343.54575966294533 0.0511736626315469 900.0 0
_Star_2650031453408564864 343.55047487679366 -1.1695060352680535 900.0 0
_Star_2650074025124140672 343.55259557340503 -0.9410017335061656 900.0 0
_Star_2651903509393744768 343.5716707811116 0.2670317886012042 900.0 0
_Star_2650292346901962624 343.5825295949959 -0.4365416412782935 900.0 0
_Star_2649971530024766080 343.5968966182774 -1.440887711459033 900.0 0
_Star_2650030280882206720 343.60593679512044 -1.222351259283101 900.0 0
_Star_2654909913486527232 343.60974608015067 0.4185693660878148 900.0 0
_Star_2651907426403923072 343.62407369515574 0.3984844789675925 900.0 0
_Star_2650074471800980224 343.6291043382436 -0.8943537079769318 900.0 0
_Star_2650265713809885824 343.63421760469606 -0.7507907629942024 900.0 0
_Star_2650278736150576256 343.6532491523639 -0.5340016995345142 900.0 0
_Star_2650033613776896640 343.6571295729961 -1.0970661565038409 900.0 0
_Star_2651861723656866816 343.6579066191403 0.0349499368233868 900.0 0
_Star_2650273311606512768 343.6583361107264 -0.6496019852475455 900.0 0
_Star_2650279148467438720 343.6792510897815 -0.5129038406550562 900.0 0
_Star_2650278839229790208 343.68412099288383 -0.5472325518304969 900.0 0
_Star_2649972178564561536 343.6843773003417 -1.3816806865789537 900.0 0
_Star_2651807645723496320 343.70359119729665 -0.1792483468517118 900.0 0
_Star_2650071856165766528 343.71265874044855 -0.9329167970490344 900.0 0
_Star_2650272379599162752 343.7127943547805 -0.6726360892755798 900.0 0
_Star_2649971044693180160 343.7160254437915 -1.4232945328620508 900.0 0
_Star_2651886978064609280 343.7301606565867 0.1431712242091671 900.0 0
_Star_2650073574152708864 343.74572363596377 -0.8451682881279828 900.0 0
_Star_2651781837264802944 343.74853979029587 -0.429206243420587 900.0 0
_Star_2651810222703841152 343.761126473239 -0.0581681751877314 900.0 0
_Star_2650029421888790656 343.7630459277582 -1.1454839943792825 900.0 0
_Star_2651857291250369536 343.7739138752696 -0.0412446813252714 900.0 0
_Star_2649967780518578688 343.7754410565516 -1.449022223100895 900.0 0
_Star_2651780909552007168 343.8004148637742 -0.4431912920992851 900.0 0
_Star_2651912782228322944 343.80113700941337 0.4383895283983381 900.0 0
_Star_2650058627666678400 343.81527808849205 -1.0076843683633496 900.0 0
_Star_2650052202395567872 343.822342537639 -1.1338359895237011 900.0 0
_Star_2651804308533917696 343.8320466372042 -0.1578633042733482 900.0 0
_Star_2649972968839136128 343.83586552623063 -1.446520489184994 900.0 0
_Star_2651783280373969280 343.85421274274734 -0.3633982864101652 900.0 0
_Star_2651776786384813440 343.8609122048003 -0.5106272280674634 900.0 0
_Star_2651803174662531200 343.8682981171784 -0.2051154493294849 900.0 0
_Star_2651895602359104384 343.86945065319765 0.2739665750115985 900.0 0
_Star_2651885122638872448 343.87175090402496 0.172118156609329 900.0 0
_Star_2649976061215269632 343.87442872710994 -1.3446508426521069 900.0 0
_Star_2651896049035714560 343.88634854868246 0.3194715133837329 900.0 0
_Star_2650052477273477760 343.8879747521186 -1.1242772582473524 900.0 0
_Star_2651833209369062656 343.898686805567 -0.0446328203114778 900.0 0
_Star_2649976473532137088 343.9038397093126 -1.3255850602225865 900.0 0
_Star_2650006984979879680 343.9172386828854 -1.1195396229681958 900.0 0
_Star_2651790809451528576 343.92305398759623 -0.256714031827525 900.0 0
_Star_2651910342686898048 343.92468966289914 0.4339248814502096 900.0 0
_Star_2651786029153038592 343.93367962121715 -0.3630956632261155 900.0 0
_Star_2650054745016230400 343.93394885811216 -1.050326966123227 900.0 0
_Star_2651896358273363328 343.9374156809555 0.3364260676065889 900.0 0
_Star_2651836503609039360 343.93792296938693 0.0591074291647788 900.0 0
_Star_2651898080555105024 343.93980131034584 0.3564976850169152 900.0 0
_Star_2651884538523317120 343.9473446707863 0.1629233707227345 900.0 0
_Star_2651778504370318208 343.9522655177533 -0.477538411792928 900.0 0
_Star_2652005553521400448 343.9561520804312 0.4906422219432418 900.0 0
_Star_2650007534735706368 343.9709739278068 -1.0746703790883934 900.0 0
_Star_2651884263645403776 343.97331166402864 0.145432591777611 900.0 0
_Star_2650065705772323712 343.9778782179152 -0.8872796380965333 900.0 0
_Star_2651898626016110848 343.9825070321063 0.409276890411315 900.0 0
_Star_2651890379678844160 343.983720516452 0.1792279603608247 900.0 0
_Star_2650004034337294336 343.9867886238655 -1.202777979813809 900.0 0
_Star_2651835610255838592 343.98920101862086 0.0522603617545888 900.0 0
_Star_2651792420064415872 343.99209510075934 -0.2227860664274265 900.0 0
_Star_2651828600868951424 343.99285470880943 -0.1360683913600205 900.0 0
_Star_2650067423759247104 343.9940696410807 -0.8518970603587329 900.0 0
_Star_2650307808784470912 343.00577892093406 -0.6502487805142472 900.0 0
_Star_2650307808784191744 343.0089058594219 -0.6545591706489227 900.0 0
_Star_2650307808784191616 343.0108640439465 -0.6545286783174713 900.0 0
_Star_2654903045833958656 343.015641694382 0.409042438771852 900.0 0
_Star_2650135215523003392 343.0284776028138 -1.1332506744042463 900.0 0
_Star_2650232522302045056 343.029454281152 -1.0620695290609117 900.0 0
_Star_2654899816018463616 343.04795229016287 0.3809015794756701 900.0 0
_Star_2654878169383576960 343.05398867322833 0.1792521539524891 900.0 0
_Star_2650232973274019200 343.0572486836216 -1.029593958739319 900.0 0
_Star_2650341275169513344 343.0592545356561 -0.3698375300475578 900.0 0
_Star_2653371941532404736 343.0594096487184 0.0471315374872082 900.0 0
_Star_2650309629850381312 343.0717313528223 -0.6079972338358532 900.0 0
_Star_2649945485343224064 343.0757365252434 -1.2581225878271578 900.0 0
_Star_2650353953912896384 343.0815920225672 -0.280497880647775 900.0 0
_Star_2650262625728342016 343.08512843886064 -0.6357333465980965 900.0 0
_Star_2649945274889727104 343.0876389530166 -1.2738394827759942 900.0 0
_Star_2654892531753429760 343.0904194519677 0.3043946085247886 900.0 0
_Star_2650232625381748352 343.0911606860476 -1.0715255577215594 900.0 0
_Star_2650255749485741440 343.10705855232305 -0.798754450936538 900.0 0
_Star_2650367422930348288 343.10740626453696 -0.0861284577023082 900.0 0
_Star_2654877104231687424 343.10972963282524 0.1508402565405179 900.0 0
_Star_2650367903966687744 343.1104248427386 -0.0550467283658848 900.0 0
_Star_2650341962364245376 343.12153603409365 -0.3051996617518819 900.0 0
_Star_2654873732682058240 343.1249252482009 0.0980942401717232 900.0 0
_Star_2650334952977561216 343.1323113804318 -0.4965800718884008 900.0 0
_Star_2650227784953521536 343.1402086741519 -1.1667863974612898 900.0 0
_Star_2650336567885495424 343.15157783747725 -0.4668130031076868 900.0 0
_Star_2650340824201209344 343.15830164557923 -0.3455727840331726 900.0 0
_Star_2650285161421857024 343.1750837953496 -0.6293446027381322 900.0 0
_Star_2650231835107777408 343.1795210823337 -1.0046520988587122 900.0 0
_Star_2650261216979008256 343.18254269732114 -0.6970607962918973 900.0 0
_Star_2650363054948874240 343.20497277076447 -0.1430605702509689 900.0 0
_Star_2649925895997726336 343.2078876235809 -1.4766200028518692 900.0 0
_Star_2654885277554169856 343.21104184810514 0.2503117123407557 900.0 0
_Star_2654885174474950912 343.21508176661007 0.2274924456887958 900.0 0
_Star_2650347283828937088 343.21545824189684 -0.2965401437636374 900.0 0
_Star_2650363883877287808 343.2185211174054 -0.0923697731293741 900.0 0
_Star_2650242589705925120 343.21983581598863 -0.8673848367306237 900.0 0
_Star_2650285028277699200 343.226526927959 -0.6285995239637676 900.0 0
_Star_2654901495350731136 343.23163666464734 0.4535965797392367 900.0 0
_Star_2650335532798362112 343.232122192052 -0.4941685221742651 900.0 0
_Star_2651868359381336320 343.2334585762456 -0.0216994129054068 900.0 0
_Star_2654900705076730496 343.24061212132546 0.4011335471758443 900.0 0
_Star_2650280763375307520 343.26004910323934 -0.7107136661239287 900.0 0
_Star_2654885831604929536 343.2601551281471 0.2940782685350089 900.0 0
_Star_2651871417398293504 343.26314514031736 0.0444671294653007 900.0 0
_Star_2650343268034243072 343.28980596512827 -0.3785047606032876 900.0 0
_Star_2651865778105753216 343.29438213794754 -0.0276455700283428 900.0 0
_Star_2650236954708802304 343.2949593666101 -0.9757380846244506 900.0 0
_Star_2654882941091971072 343.301317210797 0.2975016086858943 900.0 0
_Star_2650287257365931776 343.31740527414 -0.5506824381746523 900.0 0
_Star_2651863922679846016 343.32024359760135 -0.113449501025186 900.0 0
_Star_2651872100297884800 343.32364068442985 0.1106848906102092 900.0 0
_Star_2650348765592107648 343.3239170575056 -0.261359144292636 900.0 0
_Star_2654882597494579584 343.32700361015026 0.2618112531446559 900.0 0
_Star_2650243173821745920 343.327236099513 -0.8727245541744848 900.0 0
_Star_2650048903860500096 343.33244290836257 -1.0336198200328417 900.0 0
_Star_2654881326184161408 343.3354047480763 0.1949216907971615 900.0 0
_Star_2650345497122542336 343.3533208673306 -0.2961344354497282 900.0 0
_Star_2651877292913572736 343.36255301541524 0.1240112047751312 900.0 0
_Star_2650345913734330752 343.3700778109292 -0.2804860773469725 900.0 0
_Star_2650034855022655232 343.37989844962686 -1.2645477946870034 900.0 0
_Star_2654911562754049152 343.39116316816006 0.380606650290474 900.0 0
_Star_2650044368374994048 343.3925808289644 -1.117809783167732 900.0 0
_Star_2650238672695729920 343.3962338522828 -0.9457168921318556 900.0 0
_Star_2654884865237329280 343.40387540808456 0.3424036602954332 900.0 0
_Star_2650282760534957440 343.40541703002793 -0.641398938161099 900.0 0
_Star_2650290693339785472 343.40896145917634 -0.5139350601332769 900.0 0
_Star_2651847606099009152 343.41064186451973 -0.2074456689701198 900.0 0
_Star_2651850694180543872 343.42190665595655 -0.1895643705197861 900.0 0
_Star_2650044093497079296 343.4221968817055 -1.1364866358785335 900.0 0
_Star_2651866950631885312 343.4267297444675 0.0221609422543574 900.0 0
_Star_2650264373780071424 343.4429978300576 -0.7997509287889418 900.0 0
_Star_2654908298578897792 343.44342183044944 0.3501306285455892 900.0 0
_Star_2650291247390404352 343.4566614000305 -0.4800358838869957 900.0 0
_Star_2650269806913587840 343.4568096371044 -0.7002376441264334 900.0 0
_Star_2650018495491883776 343.4656228175084 -1.3775547178963456 900.0 0
_Star_2651853138017233408 343.47586752662363 -0.0983550960821969 900.0 0
_Star_2650290109224231808 343.48900418109986 -0.516996139442517 900.0 0
_Star_2650271112583899264 343.4893774503538 -0.6512441543229037 900.0 0
_Star_2650297707021157632 343.5004819665828 -0.3192259138971043 900.0 0
_Star_2650049659774750720 343.50556078543883 -1.016032045588361 900.0 0
_Star_2651875811149629568 343.5212662755537 0.1152806775484498 900.0 0
_Star_2650296809372972672 343.5292266389294 -0.3473110356568268 900.0 0
_Star_2650050243890321152 343.5557800229422 -0.968461013803926 900.0 0
_Star_2651905257445469952 343.55801043552503 0.3357030194410934 900.0 0
_Star_2651861483138711424 343.56044772147294 0.065279213822005 900.0 0
_Star_2650293579557563008 343.5640848785699 -0.3852481878960777 900.0 0
_Star_2650018736010041216 343.5661963396061 -1.405773781129094 900.0 0
_Star_2651900275283380224 343.58352696753275 0.2160760348233207 900.0 0
_Star_2651900378362598400 343.58728583098906 0.2298016851230393 900.0 0
_Star_2650073887685428096 343.5922839966282 -0.9316499131957064 900.0 0
_Star_2651904230948445312 343.5930262967669 0.3045896565135257 900.0 0
_Star_2650074330066935808 343.5954616059943 -0.912738425795 900.0 0
_Star_2651904265308183296 343.60244734407667 0.3073525175035733 900.0 0
_Star_2654916308692851200 343.6183540285561 0.4769622736992113 900.0 0
_Star_2651856917588538112 343.6192615949082 -0.0301622779202156 900.0 0
_Star_2650074471801206528 343.6239138210582 -0.8974393647339909 900.0 0
_Star_2650280149194464896 343.62470381389375 -0.4967194769215024 900.0 0
_Star_2651794485943832576 343.6251115256135 -0.3879232521348607 900.0 0
_Star_2649969154908107392 343.6264725443751 -1.4705462843754045 900.0 0
_Star_2650077839055567872 343.63395892652426 -0.7912401650954723 900.0 0
_Star_2650280389713006720 343.64850404444303 -0.4578993645248499 900.0 0
_Star_2651793347777155328 343.6525557306103 -0.4396289903460007 900.0 0
_Star_2650025779756451840 343.6571051845564 -1.285489268830789 900.0 0
_Star_2651800876855038080 343.6720875599889 -0.2170771657248863 900.0 0
_Star_2651886806265907584 343.69495259267217 0.1160476077466732 900.0 0
_Star_2650026295152534144 343.69809005587075 -1.26641666569264 900.0 0
_Star_2651794004907746560 343.6996904060711 -0.3844266718708905 900.0 0
_Star_2649967505640667264 343.7069759209971 -1.4652319994593157 900.0 0
_Star_2651913233199704192 343.7070745886284 0.4289853858610709 900.0 0
_Star_2651902405587177856 343.7074466636242 0.3016236589157715 900.0 0
_Star_2649977229446099840 343.71122672977646 -1.3881804158082414 900.0 0
_Star_2651796886830231424 343.7213570481687 -0.2894247131412355 900.0 0
_Star_2650026020274622976 343.72235537488007 -1.279979753658886 900.0 0
_Star_2650275957307007872 343.7226364302577 -0.5435190470386105 900.0 0
_Star_2650275746853334784 343.72607148863364 -0.5694246925310696 900.0 0
_Star_2650082507684690304 343.7388640970901 -0.8074247698047258 900.0 0
_Star_2651901099917105152 343.74284872600333 0.2332314260040278 900.0 0
_Star_2651886119071142144 343.744264899979 0.1204961982860776 900.0 0
_Star_2650082610764132480 343.74450473990794 -0.7916407489765157 900.0 0
_Star_2649968021036746880 343.7446607941523 -1.4494715633737107 900.0 0
_Star_2651806576276475264 343.74644671621127 -0.2011234939897961 900.0 0
_Star_2650058219644722304 343.7506542568935 -0.9828634786357124 900.0 0
_Star_2651803586979231104 343.7530392753441 -0.2261329036813137 900.0 0
_Star_2651889383246320256 343.7589819038528 0.2283849943299896 900.0 0
_Star_2651889074008668288 343.7714316809687 0.1999028277763962 900.0 0
_Star_2649980562340762752 343.7732467339275 -1.277575479278369 900.0 0
_Star_2651807160392036864 343.7758082250219 -0.1713127363590856 900.0 0
_Star_2651901718392592000 343.7816988651783 0.2788746015223085 900.0 0
_Star_2651807503989431936 343.7838520531278 -0.1429248944514557 900.0 0
_Star_2651783864489520384 343.7850860038705 -0.3679382777173283 900.0 0
_Star_2651796611952481536 343.7927439687208 -0.2698887073610262 900.0 0
_Star_2650274823435379072 343.800836030944 -0.5784894181529555 900.0 0
_Star_2651781154365343232 343.80539264736285 -0.4284254946440772 900.0 0
_Star_2649981112096851328 343.8180782925879 -1.239088578341881 900.0 0
_Star_2651883473371415808 343.82449311059287 0.1341768391193237 900.0 0
_Star_2651890070441231104 343.826152192462 0.2945070122697467 900.0 0
_Star_2650079758905801728 343.8298023028933 -0.8104227465567769 900.0 0
_Star_2651802178230094848 343.8339185429102 -0.2751427597624213 900.0 0
_Star_2650078934272078464 343.84564949955075 -0.8335748313890654 900.0 0
_Star_2650081721705770752 343.8669347669179 -0.7452215458966311 900.0 0
_Star_2650078968631818496 343.86763193234765 -0.81712613941402 900.0 0
_Star_2651884607242777728 343.87034089479414 0.119534390199619 900.0 0
_Star_2650059280501714560 343.8734132306093 -0.9599899889521434 900.0 0
