data_proc/test/star_region3_3h_targets.ecsv
# %ECSV 1.0
# ---
# datatype:
# - {name: ID, datatype: string}
# - {name: R.A., datatype: float64}
# - {name: Dec., datatype: float64}
# - {name: Exposure Time, datatype: float64}
# - {name: stage, datatype: int32}
# - {name: epoch, datatype: float64}
# - {name: parallax, datatype: float64}
# - {name: parallax_error, datatype: float64}
# - {name: pmra, datatype: float64}
# - {name: pmra_error, datatype: float64}
# - {name: pmdec, datatype: float64}
# - {name: pmdec_error, datatype: float64}
# - {name: gPS1, datatype: float64}
# - {name: rPS1, datatype: float64}
# - {name: iPS1, datatype: float64}
# - {name: zPS1, datatype: float64}
# - {name: yPS1, datatype: float64}
# - {name: gFluxJy, datatype: float64}
# - {name: rFluxJy, datatype: float64}
# - {name: iFluxJy, datatype: float64}
# - {name: zFluxJy, datatype: float64}
# - {name: yFluxJy, datatype: float64}
# - {name: gFluxJy_err, datatype: float64}
# - {name: rFluxJy_err, datatype: float64}
# - {name: iFluxJy_err, datatype: float64}
# - {name: zFluxJy_err, datatype: float64}
# - {name: yFluxJy_err, datatype: float64}
# - {name: flags_dist, datatype: float64}
# - {name: flags_ebv, datatype: float64}
# - {name: probfstar, datatype: float64}
# schema: astropy-2.0
ID R.A. Dec. "Exposure Time" stage epoch parallax parallax_error pmra pmra_error pmdec pmdec_error gPS1 rPS1 iPS1 zPS1 yPS1 gFluxJy rFluxJy iFluxJy zFluxJy yFluxJy gFluxJy_err rFluxJy_err iFluxJy_err zFluxJy_err yFluxJy_err flags_dist flags_ebv probfstar
[from data line 6171]
_Star_2650976140055713920 347.8983073808555 -0.678636388220064 1800.0 0 2016.0 -0.2300291098744335 0.23913871 2.855542561582048 0.279045 -2.726490292371948 0.2631465 19.4286994934082 19.1606006622314 19.0662994384766 19.0203990936279 18.9503002166748 61453.47579961414 78665.80369450829 85803.79043994263 89508.98068219112 95478.62636175816 400.959658532535 521.6679469551932 608.833340627129 1092.2583628826926 3038.5584007809657 1.0 0.0 0.7902221910468321
_Star_2651210026795044992 347.9086269572212 0.4787726661190772 1800.0 0 2016.0 nan nan 1e-08 nan 1e-08 nan 19.2254009246826 18.7702007293701 18.3318996429443 18.034200668335 18.073299407959 74108.13415691521 112705.71984499336 168758.78568839774 221996.42545532063 214144.28358262905 1436.654692920358 4015.415997186344 6664.482949687537 20542.929475373487 5508.947552641119 0.0 0.0 0.9878340569469356
_Star_2638852649969298560 347.91261663035107 -1.4454439489162367 1800.0 0 2016.0 nan nan 1e-08 nan 1e-08 nan 20.9302997589111 20.6149005889893 20.6865005493164 20.6229000091553 20.1737995147705 15413.680244766383 20609.431554605468 19294.166820554456 20458.14466288971 30939.01214888577 372.01990860790056 632.9163952357443 819.4372028030062 1095.1723921336393 3046.038984766526 0.0 0.0 0.7203585627819574
_Star_2651183531141221120 347.9179842114785 0.156875407813763 1800.0 0 2016.0 nan nan 1e-08 nan 1e-08 nan 20.9228000640869 20.8281993865967 20.5909996032715 20.5753002166748 20.32200050354 15520.518409544691 16933.490727165765 21068.150283252056 21375.00191175366 26991.43954035482 609.5928349007452 659.209689252993 510.02744277711264 1697.4024035487996 967.1796048787172 0.0 0.0 0.9761018871306824
_Star_2638859036585794048 347.91931656816 -1.3822555030761214 1800.0 0 2016.0 -1.6096958834785302 2.030978 -0.2027898189378668 1.5433136 -0.9594902801137368 1.3659208 20.9850006103516 20.6646003723145 20.4981002807617 20.4444007873535 20.3288993835449 14656.355979513504 19687.29731438248 22950.182141113622 24113.815514646853 26820.47687763963 96.5448671246999 360.2055192154083 392.00233283823326 589.1552622164176 4045.318028079511 1.0 0.0 0.6449812329592172
_Star_2651155463530182784 347.9309885107659 0.0435826375800772 1800.0 0 2016.0 -0.3652204615846867 0.35497683 -3.0378835271464792 0.39494914 -7.523257669448438 0.30748916 19.543399810791 19.218900680542 19.1023998260498 19.0424003601074 19.0650997161865 55292.51247497718 74553.14636476907 82997.74986998038 87713.43214297894 85898.65474901492 502.0822705322668 675.6733250553856 379.2374434063775 497.4866826185451 2573.6298595949715 1.0 0.0 0.6583070505222215
_Star_2650978854475314304 347.9348959036866 -0.5905652435296302 1800.0 0 2016.0 nan nan 1e-08 nan 1e-08 nan 19.3026008605957 18.6509990692139 18.242000579834 17.9186000823975 17.975700378418 69021.74019973575 125784.35329297736 183326.82497150023 246937.02745760625 234285.87046685355 2156.4044862619257 2487.9146644830703 3514.786745250611 19965.59237487732 5027.580646964826 0.0 0.0 0.8039890287618778
_Star_2638953736320224000 347.9412590609686 -0.9130737388747652 1800.0 0 2016.0 -0.936452995816244 0.69788563 0.6378783597211864 0.8216236 -4.540564498353602 0.6885628 20.6515998840332 20.292200088501 19.9094009399414 19.5923004150391 19.5151996612549 19924.44786440841 27742.539528987083 39469.88608199134 52857.43481668316 56747.45438227478 452.6481036643404 621.1392698010868 988.4773760795632 1873.681661421179 2913.900533744023 1.0 0.0 0.9987431415110763
_Star_2650978850179125504 347.9426559653401 -0.5863863387453516 1800.0 0 2016.0 -0.4978520564386514 0.5541906 -0.026977235039999 0.6587379 1.3209028710530262 0.7140803 20.2110004425049 20.1905994415283 19.8540992736816 19.8971004486084 19.7672004699707 29896.89401833733 30463.968125498966 41532.35327170332 39919.589753330256 44993.11492631084 601.9106562929481 785.2410085872885 971.121585554454 1053.4199042582882 1871.6461371412995 1.0 0.0 0.9708576255979868
_Star_2651197790432715264 347.9431943554882 0.2739567181947572 1800.0 0 2016.0 -0.0244053994710686 0.1912386 -6.062018415497346 0.19183369 -7.5891318436529405 0.17582732 18.7943992614746 18.5590991973877 18.4557991027832 18.4831008911133 18.4699001312256 110221.55768674 136894.67969887654 150558.96056700044 146820.22742773243 148616.21501629407 965.9418835346136 998.968701956642 979.5643347507106 2385.7999740441214 2962.0961402883054 1.0 0.0 0.5097303459469499
_Star_2638907797350023552 347.94485224515387 -1.2617969339649262 1800.0 0 2016.0 nan nan 1e-08 nan 1e-08 nan 19.8603992462158 19.3831005096436 19.054500579834 18.8826999664307 18.8099994659424 41292.06006654954 64089.37628288598 86741.31803667628 101612.29545758848 108649.1823981578 587.1286319714275 870.6703357222915 1433.0176038584264 4760.372923091405 4268.068437206477 0.0 0.0 0.685803905334854
_Star_2651102923194494592 347.9463916316525 -0.2038628997854216 1800.0 0 2016.0 -0.4096093310095101 0.8798188 1.233043153744274 1.2614512 -3.63700567780826 0.7629689 20.5918006896973 20.2271995544434 20.1186008453369 20.0484008789063 19.9062004089355 21052.611348145725 29454.14545139111 32552.6171699984 34726.89047639029 39586.406988660645 424.4314524819536 349.6020247817728 362.1533906250618 755.9571583607164 1489.7365974406432 1.0 0.0 0.5390873095720535
_Star_2651210469176248192 347.94956594210385 0.4950092082228118 1800.0 0 2016.0 -0.0709690264537685 0.23708513 -0.0648845266058978 0.25324643 -0.0352958050216157 0.22422907 19.2644004821777 19.1891002655029 18.8332004547119 18.8883991241455 18.8332004547119 71493.41725419796 76627.76218151879 106352.09932473824 101080.31793216756 106352.09932473824 1444.8340345426277 1261.9127879663 842.011779298929 3727.474345715568 3652.799161617404 1.0 0.0 0.9052007476113544
_Star_2638911332107919488 347.9527566134634 -1.1511390322432753 1800.0 0 2016.0 -0.3088438400834885 0.32799202 3.7755755192056615 0.39105412 -3.243426863456338 0.30510867 19.2852993011475 18.9426002502441 18.8225994110107 18.7075004577637 18.4230003356934 70130.43431149081 96158.1609661222 107395.59896997071 119405.97682759448 155176.55805825657 391.8182141428532 3496.1010986087067 3742.2514191909127 5685.259449264669 11071.66524612226 1.0 0.0 0.8548003752515015
_Star_2651153947406128768 347.9573446294305 -0.0144880895065673 1800.0 0 2016.0 -0.0505348829797319 0.27910325 0.9703669418772628 0.3394908 -1.0740213246423338 0.26704776 19.448600769043 19.0867004394531 18.9207000732422 18.8542003631592 18.8567008972168 60337.30958936717 84206.58853721837 98117.44252815026 104314.84177340186 104074.87310205746 615.4678434658987 420.6698848173089 528.5712361426149 1520.3306184925823 1367.3929696047464 1.0 0.0 0.5329274640691986
_Star_2638965139458193792 347.963952410274 -0.7501419041376219 1800.0 0 2016.0 -0.0292585178377606 0.13753186 -4.533292199724809 0.15557887 -8.890569116235683 0.12498935 18.4342994689941 18.1875 18.0837993621826 18.0629005432129 18.0639991760254 153570.02724385174 192764.1417002717 212083.31546727137 216205.14850953227 215986.48587848444 561.105286671176 810.3031893932008 628.0050930586934 883.3508434356521 2571.977663761158 1.0 0.0 0.7464781932905636
_Star_2651103305447707392 347.9643157174377 -0.1708689692713339 1800.0 0 2016.0 nan nan 1e-08 nan 1e-08 nan 20.898099899292 20.7770004272461 19.9197998046875 19.3915004730225 19.0435009002686 15877.652372010918 17751.13300257859 39093.65959314022 63595.45219307447 87624.56778838646 244.0136979916298 602.6878341350812 652.1513812432431 665.0444008397322 2855.1081557723505 0.0 0.0 0.9999999245572674
_Star_2650245922600020480 343.0072704410612 -0.9775696532533246 1800.0 0 2016.0 1.7544005002939158 1.5022542 1.0797989718457712 2.377301 -5.645850566363761 1.2935715 20.9719009399414 20.601900100708 20.4430999755859 20.3229999542236 20.0571002960205 14834.25953261622 20857.6900103421 24142.723395720703 26966.604594236403 34449.75443430373 521.5112697097362 449.0487824192649 326.67303971778034 701.7491500624039 3733.185540281658 1.0 0.0 0.7410042370382744
_Star_2650233312576029056 343.02580957249944 -1.04839397227177 1800.0 0 2016.0 0.1434670021196784 0.95991695 -0.4149489408137407 1.1833411 -0.0803348951191516 0.78110003 19.9288005828857 19.5058002471924 19.2984008789063 18.7929000854492 18.8012008666992 38770.911894085104 57240.859994441154 69289.2558835932 110373.85586990972 109533.23190816725 1047.1760549271837 2329.678492195474 1087.0717626488058 3085.1192705388835 8187.9336190162685 1.0 1.0 0.9999548076921456
_Star_2650365258266832896 343.0301093774936 -0.1465134561425254 1800.0 0 2016.0 0.0254646720764636 0.67082214 1.6055363633707878 1.0786831 -3.4289371728484705 0.57058156 20.2938995361328 20.0142993927002 19.93630027771 19.8847999572754 19.566499710083 27699.14951054084 35834.924337782206 38504.025636532366 40374.4171636025 54128.54645395715 507.7370329791131 347.24756004852657 469.2532786673615 865.9925292416198 6074.090146208352 1.0 1.0 0.7295909240559783
_Star_2650260083107698688 343.0346429915864 -0.7356575431887095 1800.0 0 2016.0 0.6317284741779479 0.72991186 -0.6128922436691878 0.8050622 -3.240955662168651 0.81945014 20.5258007049561 20.1921005249023 20.0231990814209 19.9627990722656 19.5832004547119 22372.05956373576 30421.87930211489 35542.38904637472 37575.66021530546 53302.31445101847 370.8565117760768 326.8764908250225 306.0138047881042 1627.393652271593 8644.976807338273 1.0 0.0 0.5303334497762849
_Star_2650134738782053632 343.0347394446913 -1.1903047322782283 1800.0 0 2016.0 0.3259245586145718 0.38408425 0.1043674303918173 0.56291056 0.1482118856455554 0.37327573 19.6494007110596 19.38450050354 19.2936992645264 19.2856998443604 18.9167003631592 50149.42576320467 64006.79000395373 69589.95298768289 70104.56698888568 98479.56093422513 872.2854457799548 861.4129650644604 862.0739493276832 1412.763042404073 3581.2276013702085 1.0 1.0 0.5766598050571997
_Star_2654904415928035328 343.0365406645095 0.4487135474435773 1800.0 0 2016.0 0.1608148182768713 0.30585942 1.2675854728934484 0.27881715 -1.3797988131556689 0.28349873 19.3414993286133 19.2150993347168 19.218599319458 19.2602005004883 19.2612991333008 66592.68370887819 74814.62699845845 74573.84249267292 71770.51270778572 71697.92641995437 643.6403597105193 353.4919723964279 421.9322434862559 1302.7596087429506 2829.388448790605 1.0 1.0 0.8100487370337605
_Star_2650337594383383296 343.0370049312646 -0.5143124618919924 1800.0 0 2016.0 0.4949488341548047 0.42651618 -0.0867490796907385 0.39441195 -3.9826731264403663 0.35502896 19.1702003479004 18.9915008544922 19.0021991729736 18.8197994232178 18.3257999420166 77973.33498413899 91923.3635414761 91022.0431373109 107672.9172004627 169709.54617638132 2183.424706766856 5977.909568023787 1285.852017589924 2025.357588146741 6101.649299733955 1.0 0.0 0.9977478773961436
_Star_2650262075972194432 343.04896501513133 -0.6639692106994652 1800.0 0 2016.0 0.3359556148948039 0.943404 -1.055156536707429 1.1915815 0.4679203607661208 1.0973182 20.7126998901367 20.6158008575439 20.4193992614746 20.1902008056641 19.7234992980957 18834.16161930557 20592.349750657708 24675.53311192348 30475.15524430769 46841.0400684356 701.4394002590142 1929.0388469966024 799.6724327922994 907.684197494256 1773.1440622662374 1.0 0.0 0.9998481804642724
_Star_2650134154666462976 343.08336553772966 -1.172831148203506 1800.0 0 2016.0 0.2703984081155642 0.1528398 0.026754064890652 0.19886954 0.0018137002286684 0.14585485 18.5354995727539 18.4256992340088 18.2390003204346 18.097900390625 18.0531005859375 139902.80428708062 154791.30273431845 183834.12010025303 209346.6871327539 218165.47026490443 1014.2196430189384 3446.8679394130904 793.9296859705247 1748.2574320238284 4280.377461100749 1.0 0.0 0.9981469013301898
_Star_2654903453855634176 343.1032789330748 0.442106742760278 1800.0 0 2016.0 4.300507573683369 2.207923 -1.1181460568299093 1.7609937 -3.356677402562472 1.9742795 20.8890991210938 20.7033004760742 20.5014991760254 20.4554004669189 20.0498008728027 16009.825579168486 18997.920172787377 22878.448975473628 23870.749875595346 34682.1410213375 543.3751740346896 270.9173763795852 397.7307772795223 1184.1757186619368 5167.744696016161 1.0 1.0 0.932324460996882
_Star_2650260697288091520 343.1146219684281 -0.7316069680274433 1800.0 0 2016.0 0.1538873820037202 1.2195269 -0.1128079115513441 1.1223893 -2.261260261394288 1.4305874 20.9237995147705 20.6464996337891 20.4962005615234 20.4594993591309 19.5951995849609 15506.2379100606 20018.263215887408 22990.373365494856 23780.80245379107 52716.48136081502 642.551265959938 207.38501948061648 421.06320920708464 761.9809728733621 14136.839260505065 1.0 1.0 0.6058209206068732
_Star_2650333677372471808 343.1169926345042 -0.540516483206952 1800.0 0 2016.0 1.0645533569294765 1.3110839 3.225236274832508 1.0020171 -2.9852522523690044 1.0738457 20.7476005554199 20.4251003265381 20.2737007141113 20.1909999847412 19.827600479126 18238.370201329304 24546.304551119607 28219.2822418876 30452.731615999688 42558.47497971065 549.1990471001202 359.4443210697761 503.9119345891576 749.2182489908658 8523.68019403728 1.0 0.0 0.7109849410366551
_Star_2654872877983506432 343.1438168601856 0.0769820807258517 1800.0 0 2016.0 0.0259653355419446 0.19923519 -0.0455180238323583 0.22948758 0.0379177780514474 0.21062194 19.0156993865967 18.7516002655029 18.743200302124 18.7019996643066 18.5335998535156 89897.26813581985 114653.19002271316 115543.66207021204 120012.47250154564 140147.8073534653 555.8259637051558 786.1882184880382 870.4062434331638 2165.834071103084 2950.014949731157 1.0 1.0 0.6990348078152674
_Star_2654900193975664256 343.15333486373567 0.4060236304259514 1800.0 0 2016.0 1.0344426837198382 0.8924803 0.6581910628705294 0.72220325 -2.5155666238917527 0.6865163 20.5323009490967 20.3400001525879 20.1525001525879 20.0797996520996 19.9897003173828 22238.51939667183 26547.65639031084 31551.948753116973 33736.99432393572 36656.0886335043 1052.5102915193422 348.52876189955737 528.7833732095426 1204.2621449061023 2755.782858200894 1.0 1.0 0.9604181413086728
_Star_2654879608197338240 343.1570070469333 0.2436143839802364 1800.0 0 2016.0 0.0497532899575825 0.41267183 4.090920238092697 0.3942758 -2.125883033098817 0.39196616 20.038200378418 19.7520999908447 19.6404991149902 19.5786991119385 19.5422992706299 35054.68731116286 45623.25349826407 50562.274598147385 53523.75870309716 55348.58731287316 397.7704132102133 861.5056787422238 413.25841889787154 1047.664204873934 2728.542810689405 1.0 1.0 0.7470615316145623
_Star_2649938338517920640 343.16381565185446 -1.4064904690497348 1800.0 0 2016.0 0.2906289109994953 0.5155562 -2.933817117125918 0.5439896 -1.404518817644094 0.43614742 20.0002994537354 19.6653995513916 19.5492992401123 19.4878005981445 19.4228992462158 36299.98682573655 49415.86801313237 54992.89119471434 58197.72521772444 61782.652585164615 387.3608093740058 781.4702048757042 568.0434112610963 1462.4256980410153 5527.476465411496 1.0 0.0 0.5596531815789624
_Star_2654872633170428928 343.1700523594609 0.0714829769217851 1800.0 0 2016.0 5.869732331461119 0.5444336 52.64710597035267 0.59880114 -13.65964843336203 0.59503114 20.1233005523682 19.8610992431641 19.7992992401123 19.7381000518799 19.7752990722656 32412.01475690777 41265.44678765074 43682.40618508188 46215.34805888 44658.75586330703 304.1678111921142 322.4123757483913 371.4309163632609 1359.3422456752423 2238.0460573871246 0.0 1.0 0.8009438286318656
