data_proc/test/star_region3_3h_targets.ecsv
# %ECSV 1.0
# ---
# datatype:
# - {name: ID, datatype: string}
# - {name: R.A., datatype: float64}
# - {name: Dec., datatype: float64}
# - {name: Exposure Time, datatype: float64}
# - {name: stage, datatype: int32}
# schema: astropy-2.0
ID R.A. Dec. "Exposure Time" stage
[from data line 6901]
_Star_2678449838961662976 335.8141626602771 0.4991332251133318 900.0 0
_Star_2678272267833743360 335.81841818475186 -0.1670679302671658 900.0 0
_Star_2678284534260708864 335.825218418875 0.0282800088970805 900.0 0
_Star_2678447712953289472 335.8310551649733 0.3760741138081454 900.0 0
_Star_2677975812011074048 335.8328064681475 -0.8970724788283013 900.0 0
_Star_2678038346735002368 335.83368186105594 -0.5618932448662897 900.0 0
_Star_2678300275315924736 335.8395569619004 0.2065699431322424 900.0 0
_Star_2678272684445628544 335.84562958903587 -0.1458883030772759 900.0 0
_Star_2678033570731330048 335.8526036156194 -0.6635762778198909 900.0 0
_Star_2678398917829345152 335.8550252955948 0.3241869893709999 900.0 0
_Star_2678080712292481280 335.8562757557468 -0.3313295888575311 900.0 0
_Star_2678400910694190848 335.8566135933039 0.3937139347605937 900.0 0
_Star_2677568923989191040 335.8573993442268 -1.3554090672281962 900.0 0
_Star_2677568962644413696 335.8626189119408 -1.3352799942327775 900.0 0
_Star_2629526897285319680 335.8626282944155 -1.4900263778456642 900.0 0
_Star_2678400876334451328 335.8757718319013 0.3909657842216842 900.0 0
_Star_2677975502773425152 335.8850879152582 -0.916715294290855 900.0 0
_Star_2677975674572120064 335.8860417995834 -0.8981182717947748 900.0 0
_Star_2677582839683275648 335.88682766703107 -1.1041318887334777 900.0 0
_Star_2677971658777857536 335.8869690673528 -0.9902559477909454 900.0 0
_Star_2678037075424662784 335.89157643952075 -0.6141390784353301 900.0 0
_Star_2677972547835923584 335.8937382856114 -0.9305829658380352 900.0 0
_Star_2678278761824343680 335.8956480734076 -0.1020173618635288 900.0 0
_Star_2677971757561935104 335.8979856251609 -0.9790358850799276 900.0 0
_Star_2678026183387549824 335.9006793724865 -0.7510164326225187 900.0 0
_Star_2678039068289514240 335.90137269230354 -0.5470976981667208 900.0 0
_Star_2678393149688991744 335.9191284343578 0.1896708286492256 900.0 0
_Star_2678076967080987776 335.92552893647627 -0.3774806736668682 900.0 0
_Star_2678401185572103296 335.92572148852 0.4097780519124319 900.0 0
_Star_2678076112383003520 335.9309878917169 -0.4354625730306813 900.0 0
_Star_2678407305900942208 335.93782283578963 0.4340722783043911 900.0 0
_Star_2629536213069254784 335.9431762755653 -1.355407223041644 900.0 0
_Star_2677971379605225344 335.94679097469566 -0.9654643127981172 900.0 0
_Star_2678079681500339456 335.9509770214686 -0.3005468879642264 900.0 0
_Star_2678407512059609344 335.95257563026934 0.466017793895436 900.0 0
_Star_2677582255567968384 335.95501867507136 -1.1092672929353316 900.0 0
_Star_2677576517491648640 335.95984049062463 -1.230199406974256 900.0 0
_Star_2677958425983828224 335.9615499955892 -1.068125572937474 900.0 0
_Star_2677582289927707136 335.9769836985072 -1.1039146211145054 900.0 0
_Star_2678036319510443520 335.9820163503164 -0.5493089106973282 900.0 0
_Star_2629536758530297216 335.98565539965864 -1.3093524405929922 900.0 0
_Star_2678078547628959616 335.98602279598435 -0.3482329993382855 900.0 0
_Star_2678407198526328064 335.99201807278905 0.4449646264405223 900.0 0
_Star_2680428272697071360 331.0073323017842 -0.0054948236068929 900.0 0
_Star_2677191314759775872 331.00798177990185 -1.1891195899408555 900.0 0
_Star_2680366700045648768 331.0087844009654 -0.3057122184049353 900.0 0
_Star_2677132898909723648 331.00895169363014 -1.4618624330708432 900.0 0
_Star_2677246324701185664 331.0132695340409 -0.7394254401098708 900.0 0
_Star_2680366734405400576 331.01332779627035 -0.2847179761192061 900.0 0
_Star_2677239173580867712 331.016467509092 -0.804717364972078 900.0 0
_Star_2680255443212718208 331.01760732221175 -0.5772218064420374 900.0 0
_Star_2680456791280266240 331.0196596070703 0.1373689562926656 900.0 0
_Star_2680257126839916800 331.0221287169506 -0.4875614660290682 900.0 0
_Star_2677231820596789376 331.0247926166921 -1.0109602427338935 900.0 0
_Star_2680476032733923712 331.02587471680977 0.3630386955235339 900.0 0
_Star_2680456997438731008 331.0290512683607 0.1716596474998564 900.0 0
_Star_2677231820596790528 331.0294693891617 -1.009465199863934 900.0 0
_Star_2677188527326274048 331.0301820984613 -1.2742120933351386 900.0 0
_Star_2680671470924910848 331.0413180596254 0.49699272789208 900.0 0
_Star_2677235050412241536 331.0434536780341 -0.9069614851512868 900.0 0
_Star_2680425214680266112 331.0478658821376 -0.0888726392782698 900.0 0
_Star_2680482148767442816 331.0518532860693 0.4139731095090165 900.0 0
_Star_2680370239098742016 331.05262957071034 -0.2459284679227805 900.0 0
_Star_2680482939041365632 331.05549050727416 0.4322852085740873 900.0 0
_Star_2680455794847839872 331.0582099198406 0.1240098978239268 900.0 0
_Star_2680482148767375232 331.0583856776309 0.4092431180390482 900.0 0
_Star_2680482183127119104 331.06356298649354 0.4239333811856526 900.0 0
_Star_2680376630010134912 331.065235525538 -0.1765546157916514 900.0 0
_Star_2677235187851203712 331.0665809629106 -0.8839915662470541 900.0 0
_Star_2680378382356865792 331.06685599025457 -0.0934743499191686 900.0 0
_Star_2680456756920549248 331.06697502111484 0.1574230696063195 900.0 0
_Star_2677235771966759424 331.0672840819957 -0.8648902074968928 900.0 0
_Star_2680469332584845312 331.0722858553714 0.218262977870735 900.0 0
_Star_2680457134877685248 331.0766590170414 0.1732725225411805 900.0 0
_Star_2677191619702807936 331.07871285979667 -1.1618498457719582 900.0 0
_Star_2680483557516669824 331.07913616084875 0.4772160173071365 900.0 0
_Star_2680366940563833344 331.0851438936586 -0.2794980667411663 900.0 0
_Star_2680483660595886720 331.08992084558633 0.4823907770692214 900.0 0
_Star_2680457272316652672 331.0925330921567 0.1867695336857192 900.0 0
_Star_2680373331475222016 331.0963871623408 -0.2138222874537082 900.0 0
_Star_2680353437186596864 331.0969555405375 -0.3840084690250855 900.0 0
_Star_2680351650480188032 331.10356304080943 -0.4204200963051023 900.0 0
_Star_2680482698523203072 331.1044474800211 0.4464762135100215 900.0 0
_Star_2677220241365055616 331.1057199623117 -1.0184350033965277 900.0 0
_Star_2680350791486720768 331.1080753602011 -0.4413407083075981 900.0 0
_Star_2680373434554442880 331.1104403088399 -0.2067462943881965 900.0 0
_Star_2680455588689400448 331.11556688616315 0.1150320765070612 900.0 0
_Star_2680365909771664256 331.1195541603145 -0.3094526277677491 900.0 0
_Star_2680373434554440576 331.1207304586807 -0.2091028501132372 900.0 0
_Star_2677245461412366848 331.121796788008 -0.7638000236741772 900.0 0
_Star_2680452638046751488 331.125488446721 0.1078387003502995 900.0 0
_Star_2680377321499881472 331.1258623457425 -0.1205923100113293 900.0 0
_Star_2677221753193454848 331.1311722549125 -0.9972251340577494 900.0 0
_Star_2677234814188383488 331.13620847926626 -0.8865240845137874 900.0 0
_Star_2677129291137186304 331.1453313033859 -1.4747826742351335 900.0 0
_Star_2677136231808144640 331.1479891328633 -1.4096810634037682 900.0 0
_Star_2680353299747963264 331.15215279751123 -0.3871356246715004 900.0 0
_Star_2677248759947271808 331.1525362119419 -0.6532525355113187 900.0 0
_Star_2680457890791934464 331.1528735986181 0.177179297974619 900.0 0
_Star_2677249172265466112 331.15563989968905 -0.6135168502023944 900.0 0
_Star_2680379722386682240 331.15565935729325 -0.0708764830226722 900.0 0
_Star_2680353304043207296 331.1578638126384 -0.3825521592428259 900.0 0
_Star_2680345534446719232 331.1583061964769 -0.5753260741649024 900.0 0
_Star_2680458887224390656 331.1622089768266 0.2315202892007729 900.0 0
_Star_2680477475842911616 331.1650768491054 0.3143135618260994 900.0 0
_Star_2680451431160985600 331.1703784950982 0.0473205729652719 900.0 0
_Star_2680347114994693888 331.1724929023864 -0.5131354960859339 900.0 0
_Star_2680479056390906368 331.1741128297754 0.3753513534266817 900.0 0
_Star_2680404083441263744 331.1767932074964 -0.0034159695948853 900.0 0
_Star_2677222753920204416 331.18427967006403 -0.921748940617451 900.0 0
_Star_2680373709432368384 331.18485242956103 -0.1822989301671159 900.0 0
_Star_2680352307610679296 331.1882221527552 -0.4001245572930957 900.0 0
_Star_2677228728221732992 331.19662926738454 -0.8902254124140445 900.0 0
_Star_2680379378789300096 331.196696756009 -0.0694432476608574 900.0 0
_Star_2680346088497507072 331.2004278662514 -0.5406390091707733 900.0 0
_Star_2680458577986751104 331.2134135982641 0.2392591128724448 900.0 0
_Star_2677342802551197056 331.2174464559882 -0.6080477151882132 900.0 0
_Star_2677221718833244416 331.2177863298203 -0.9446533956367508 900.0 0
_Star_2680451671679170304 331.22038253965496 0.0613205389955439 900.0 0
_Star_2677228384622489472 331.2207045269756 -0.9102231252953188 900.0 0
_Star_2677217565600458496 331.22641343335187 -1.03936221793504 900.0 0
_Star_2680454523537545728 331.2272385651242 0.1482154096691234 900.0 0
_Star_2680404633197318656 331.2282362093081 0.0383470082837751 900.0 0
_Star_2680481530292104704 331.2356524860298 0.4729308737803144 900.0 0
_Star_2680451740398658944 331.2427864631054 0.0732464358595318 900.0 0
_Star_2680458337468573696 331.2448031658929 0.226339057348153 900.0 0
_Star_2677166159136639744 331.2459264651825 -1.2143708439201262 900.0 0
_Star_2680481564651847936 331.24670877186054 0.489557397623948 900.0 0
_Star_2677123656140106496 331.2541419863501 -1.4550763444402242 900.0 0
_Star_2680481667731064576 331.25459743634696 0.4979219544390368 900.0 0
_Star_2680453320946932864 331.2562673756424 0.1048299591611996 900.0 0
_Star_2680454867134937856 331.25633085355093 0.1557080291536269 900.0 0
_Star_2677244293181269504 331.2579388173501 -0.7319317169988752 900.0 0
_Star_2677228900018435200 331.25827216029 -0.8874683350472918 900.0 0
_Star_2677167739684658432 331.2583369546234 -1.1416836799680248 900.0 0
_Star_2680359076479254144 331.2644654052572 -0.3222387079295584 900.0 0
_Star_2680360412213547648 331.26463415459534 -0.272513911245828 900.0 0
_Star_2680466068409783808 331.2669022934379 0.3321525570405111 900.0 0
_Star_2680403533685453568 331.26876488311206 -0.0005912933181984 900.0 0
_Star_2680374499708518656 331.2694431900248 -0.1627210096415578 900.0 0
_Star_2680455073293404160 331.2706993712096 0.193701827372827 900.0 0
_Star_2680376148973867776 331.2732264493735 -0.0984487075570178 900.0 0
_Star_2677137537474474624 331.2735458085848 -1.3594771133898236 900.0 0
_Star_2680453252227164544 331.2779875435889 0.0901864929432145 900.0 0
_Star_2677166605813266688 331.2811040770835 -1.1771878516278969 900.0 0
_Star_2680360446573286144 331.28599618814354 -0.2721615194065635 900.0 0
_Star_2677217183347598208 331.28772454318505 -1.0330136899621227 900.0 0
_Star_2677166708892483456 331.2883288828259 -1.1744493642530782 900.0 0
_Star_2680465037617603584 331.2885985878545 0.2870267283134856 900.0 0
_Star_2680479777945427584 331.2969718540707 0.4094241710777564 900.0 0
_Star_2680455038933654400 331.29747964224407 0.182905154176838 900.0 0
_Star_2680454179940168448 331.301423552727 0.1541198175938593 900.0 0
_Star_2680406351184280064 331.30211114764813 0.0778816898162686 900.0 0
_Star_2677166640173002496 331.3031122696932 -1.1798904147552334 900.0 0
_Star_2680362370718685824 331.30443832228224 -0.2086434775658202 900.0 0
_Star_2680403705484371584 331.308007489899 0.028340089286698 900.0 0
_Star_2680467958195419904 331.30825231937825 0.3895867582139239 900.0 0
_Star_2677338404504648960 331.3093320147861 -0.6769642948525663 900.0 0
_Star_2680467958195421824 331.3157922286338 0.3933301475707256 900.0 0
_Star_2680461807802176512 331.31766790065444 0.2606955661691176 900.0 0
_Star_2680460158534671104 331.32120326131025 0.1829534092953697 900.0 0
_Star_2677243331108588672 331.32452670865143 -0.7605320774557585 900.0 0
_Star_2680355498770897408 331.3262598632455 -0.3852713306100647 900.0 0
_Star_2680374744519951744 331.32745636519087 -0.1646794928396747 900.0 0
_Star_2681981818202879360 331.32827547440576 0.4799354308248649 900.0 0
_Star_2677339126059170816 331.32890798880373 -0.6449291157120539 900.0 0
_Star_2681981951346445312 331.33856049375964 0.493708458985705 900.0 0
_Star_2680362130200502272 331.34096697224163 -0.227414376493898 900.0 0
_Star_2680404839355717376 331.3444293355215 0.0117398255291992 900.0 0
_Star_2677337614230653184 331.3468868580924 -0.7054692185739431 900.0 0
_Star_2680461876523329536 331.34746172776056 0.273720996421888 900.0 0
_Star_2677163032400429952 331.3479333382682 -1.2406629370814966 900.0 0
_Star_2680463457069647360 331.3522519758297 0.2974458189604391 900.0 0
_Star_2680362714316325504 331.3590390208135 -0.188522122826261 900.0 0
_Star_2680459849297019392 331.3593882298084 0.1759909868586981 900.0 0
_Star_2680406626062211072 331.363781007269 0.1017154186829244 900.0 0
_Star_2677338026547527552 331.36450021002975 -0.6760701468914189 900.0 0
_Star_2677224708130337024 331.3660813222507 -0.9341298997109636 900.0 0
_Star_2680412913894393216 331.37167058064284 0.1590108329146422 900.0 0
_Star_2680467339720128896 331.3724901386659 0.3881258682713745 900.0 0
_Star_2681969925438002176 331.37709624751534 0.4635843992699969 900.0 0
_Star_2680386216377151872 331.3837783606472 -0.1620032482836034 900.0 0
_Star_2677161932888774912 331.38533681871576 -1.276576211922987 900.0 0
_Star_2680361855322615936 331.3976037794589 -0.2019742194706696 900.0 0
_Star_2680413429290690688 331.40736937010314 0.1855119602654528 900.0 0
_Star_2680411818677547776 331.40991056489537 0.1245358875702508 900.0 0
_Star_2680398929480414976 331.412815856843 -0.0879408784020477 900.0 0
_Star_2680400716186852352 331.42167319763735 -0.0475425784048205 900.0 0
_Star_2680463731947569024 331.42563140086736 0.3224761917188453 900.0 0
_Star_2677340672247599104 331.42711629932035 -0.5902354131221411 900.0 0
_Star_2681968413609488512 331.4274965150197 0.3947354843818319 900.0 0
_Star_2677352457640642688 331.4323110706566 -0.3961045593252911 900.0 0
_Star_2677324007774220928 331.4323420599586 -0.810990367135628 900.0 0
_Star_2680357736448805632 331.43246731176464 -0.2985990417505635 900.0 0
_Star_2677341466816750720 331.432931681497 -0.5439083586751342 900.0 0
_Star_2680462121334261888 331.4336891279779 0.2491682371279987 900.0 0
_Star_2680413291851540096 331.4375569734512 0.1866419731645544 900.0 0
_Star_2680385941499249152 331.4482861900856 -0.1570790795137035 900.0 0
_Star_2677354076840456064 331.46218288323104 -0.3686727383249583 900.0 0
_Star_2677327615547755008 331.46792190594687 -0.6664543126897361 900.0 0
_Star_2677177841447180416 331.4691680622784 -0.9884208769937622 900.0 0
_Star_2680411608224291712 331.4701728102044 0.1174894024674275 900.0 0
_Star_2680414803680042240 331.4711882168576 0.1996042033561785 900.0 0
_Star_2681965046355110784 331.4746756283077 0.3428659455579619 900.0 0
_Star_2677145199696098688 331.47616464111286 -1.4060081297553058 900.0 0
_Star_2677347097518521472 331.4805804734478 -0.5527107546078148 900.0 0
_Star_2681965458671982336 331.481037449885 0.3744543267625202 900.0 0
_Star_2680401094144015360 331.48294227953784 -0.0099873852956001 900.0 0
_Star_2680382642964579072 331.48350552236866 -0.1858362475595361 900.0 0
_Star_2680386044578484992 331.48393082348684 -0.1327896807831451 900.0 0
_Star_2680414842334173696 331.4847483228914 0.2130971285290536 900.0 0
_Star_2681965252513551488 331.4881181124968 0.3730671576163962 900.0 0
_Star_2681971677784674304 331.4919453402498 0.49632978468741 900.0 0
_Star_2681965080714855296 331.49277896809764 0.3611169755871174 900.0 0
_Star_2677347239252854400 331.50283106704734 -0.5311136329585777 900.0 0
_Star_2677348025231496192 331.50577915026355 -0.4799575924019407 900.0 0
_Star_2677170561477549056 331.50877494171993 -1.14122546256715 900.0 0
_Star_2681970818791205120 331.50924584955794 0.4739329776126977 900.0 0
_Star_2677321362074371072 331.51618844631093 -0.7924576120149687 900.0 0
_Star_2677348059591237248 331.51767600947056 -0.4744055542274301 900.0 0
_Star_2677352663796196992 331.5190372766943 -0.4288482713946708 900.0 0
_Star_2681970612632770560 331.52188691080386 0.4663907116777475 900.0 0
