data_proc/test/star_region3_3h_targets.ecsv
# %ECSV 1.0
# ---
# datatype:
# - {name: ID, datatype: string}
# - {name: R.A., datatype: float64}
# - {name: Dec., datatype: float64}
# - {name: Exposure Time, datatype: float64}
# - {name: stage, datatype: int32}
# - {name: epoch, datatype: float64}
# - {name: parallax, datatype: float64}
# - {name: parallax_error, datatype: float64}
# - {name: pmra, datatype: float64}
# - {name: pmra_error, datatype: float64}
# - {name: pmdec, datatype: float64}
# - {name: pmdec_error, datatype: float64}
# - {name: gPS1, datatype: float64}
# - {name: rPS1, datatype: float64}
# - {name: iPS1, datatype: float64}
# - {name: zPS1, datatype: float64}
# - {name: yPS1, datatype: float64}
# - {name: gFluxJy, datatype: float64}
# - {name: rFluxJy, datatype: float64}
# - {name: iFluxJy, datatype: float64}
# - {name: zFluxJy, datatype: float64}
# - {name: yFluxJy, datatype: float64}
# - {name: gFluxJy_err, datatype: float64}
# - {name: rFluxJy_err, datatype: float64}
# - {name: iFluxJy_err, datatype: float64}
# - {name: zFluxJy_err, datatype: float64}
# - {name: yFluxJy_err, datatype: float64}
# - {name: flags_dist, datatype: float64}
# - {name: flags_ebv, datatype: float64}
# - {name: probfstar, datatype: float64}
# schema: astropy-2.0
ID R.A. Dec. "Exposure Time" stage epoch parallax parallax_error pmra pmra_error pmdec pmdec_error gPS1 rPS1 iPS1 zPS1 yPS1 gFluxJy rFluxJy iFluxJy zFluxJy yFluxJy gFluxJy_err rFluxJy_err iFluxJy_err zFluxJy_err yFluxJy_err flags_dist flags_ebv probfstar
[from data line 7129]
_Star_2677378364880549248 331.55379198436776 -0.2788320782317766 1800.0 0 2016.0 0.8891905464873926 0.33617845 -3.18840669221507 0.4394526 -6.859616051584823 0.5372101 19.7066993713379 19.3589992523193 19.2313003540039 19.1667995452881 19.2131996154785 47571.46218685644 65527.94493658186 73706.55403258945 78217.95024806203 74945.64519440135 809.0865845373635 993.297318180176 580.0200684035766 1633.4665709791436 2660.4574371374465 1.0 1.0 0.5897606414740909
_Star_2680380821898150272 331.5550304648857 -0.2547422422443137 1800.0 0 2016.0 0.1386195175192513 0.441136 0.562542834695605 0.58295655 -2.259359784843072 0.7161763 20.069299697876 19.7450008392334 19.6056003570557 19.550500869751 19.4701995849609 34064.84128095082 45922.541280260266 52213.89675596089 54932.06193082555 59148.8649326999 414.87001159402257 814.0331529763057 485.2840332740498 1068.7539535812075 3428.7984297046323 1.0 1.0 0.6337724302601093
_Star_2677334006458174592 331.5645858230009 -0.6074033771163145 1800.0 0 2016.0 0.3872325782324615 0.3322218 0.4603144263452834 0.45377615 -3.6025650136574203 0.37967005 19.4575996398926 19.4894008636475 19.5874004364014 19.6562004089355 19.7810001373291 59839.28462947391 58112.01083159985 53096.52201003959 49836.33371965106 44424.87290234609 567.1783525770385 639.9761848531374 404.1891058051109 1043.328827284484 4484.196917112575 1.0 0.0 0.9729886165946882
_Star_2680411230267239936 331.5752831821736 0.1880799856244142 1800.0 0 2016.0 1.3901864978259642 0.806603 0.8704204786494782 0.79237306 -3.5176809618280585 1.0124334 20.5512008666992 20.25950050354 20.0986995697021 19.9727993011475 19.3675003051758 21854.752986311283 28590.78288101844 33154.80065460422 37231.15664313361 65016.88028524986 570.4952921647855 499.1436039813171 301.3972336130003 1364.170987398321 22751.85592279034 1.0 1.0 0.9455595703376084
_Star_2680407622494578816 331.58277888189446 0.058638453725905 1800.0 0 2016.0 0.5514366970647057 0.24724892 -5.279831041393769 0.23388289 -7.736602538243334 0.24592324 18.761999130249 18.4388999938965 18.3405990600586 18.3052997589111 18.281099319458 113560.31716698204 152920.6908465265 167412.0154682034 172944.3368333748 176842.4492172784 858.8124332706782 787.1835991627205 564.9600844678483 1315.3971748524382 4881.613957565587 1.0 1.0 0.5291120806113824
_Star_2677147811035764608 331.5894288050287 -1.3154027346371318 1800.0 0 2016.0 0.411502415393407 0.505777 0.4831202908762233 0.6268081 -2.660852596831514 0.50797427 20.0923004150391 19.7420997619629 19.5891990661621 19.5137996673584 19.4479999542236 33350.78670796937 46045.40997206771 53008.6351693018 56820.67413124769 60370.70774053109 416.74037501188906 710.9510137615347 430.8120166239492 1007.8961809458716 1211.98895332035 1.0 0.0 0.5651644999519424
_Star_2681915946288964608 331.5936033921374 0.268295610190803 1800.0 0 2016.0 0.1930298388536612 0.986504 -0.3248630381310669 1.1485431 -2.480715961164854 1.3254437 20.6387996673584 20.3840007781982 20.2744998931885 20.2616004943848 19.632999420166 20160.73596704457 25493.293011077192 28198.5184856042 28535.53708972434 50912.74123163783 657.9456326565276 304.04499051165783 511.7223036244068 554.3967455358694 12974.133806949842 1.0 0.0 0.6110875147001029
_Star_2681964668397999616 331.5942612641268 0.3741238599158062 1800.0 0 2016.0 0.1446948833412673 0.18075213 -1.6110104634107492 0.23791745 -1.0799352044834225 0.29414415 18.3311996459961 18.3276996612549 18.4071006774902 18.4676990509033 18.4006004333496 168867.62310514995 169412.86398068277 157465.7035454836 148917.80579463416 158411.26992889386 738.7809123817829 857.88050030476 609.7114529465567 1828.7325522556644 3707.9576888239776 1.0 1.0 0.9668883766524912
_Star_2681966626903106304 331.60315389928866 0.4314160505877761 1800.0 0 2016.0 0.3343187509931943 0.3997445 -1.564313966551511 0.48489466 -5.459536723466273 0.51187736 19.9298000335693 19.5454006195068 19.3742008209229 19.2938003540039 19.4253005981445 38735.23860195069 55190.71254602356 64616.87049107146 69583.47398802209 61646.157233718906 286.30369278878555 708.4529074439679 325.0077893095921 1158.4041512532244 1972.929161317817 1.0 0.0 0.5114811473422477
_Star_2681915637055445632 331.6088742921445 0.2436805632793188 1800.0 0 2016.0 1.3440869248296008 1.3168875 1.9394514675962229 1.4782606 -4.370317367597577 2.20505 20.7458000183105 20.5076999664307 20.4048004150391 20.4253997802734 19.944299697876 18268.64100425383 22748.15937793548 25009.561828988062 24539.53543999567 38221.38056009422 302.397593128952 425.2173647826774 359.66314875998535 678.4818590195481 6404.833836165512 1.0 0.0 0.5155992922236913
_Star_2677334865451663488 331.609094372455 -0.5511941460495698 1800.0 0 2016.0 0.4204609240737301 1.2610261 1.794620895947916 1.4094946 -2.323132144496946 1.0436122 20.8027992248535 20.5044994354248 20.3680000305176 20.32080078125 20.2460994720459 17334.309996888922 22815.315288906964 25871.77565955742 27021.281162147054 28945.860188847648 330.99653620326944 273.70320236361766 407.8058527615475 960.5835696793852 4943.666498654899 1.0 0.0 0.6187574091226348
_Star_2677173168522744704 331.61515457254785 -1.0445007935151247 1800.0 0 2016.0 0.0938136022378899 0.24560185 9.144177600228884 0.20488879 -9.30563844275776 0.23044294 18.8334999084473 18.5960998535156 18.5128002166748 18.5072994232178 18.5116996765137 106322.7707071724 132308.06181966313 142858.52515738047 143584.14275036403 143003.4049662675 586.0924578642359 736.0357658486707 520.7839819186314 1799.0730157821129 1603.713122429323 1.0 1.0 0.6906292254280788
_Star_2677173168522744448 331.6181006563296 -1.0455485971176526 1800.0 0 2016.0 0.3075331731162579 0.2927257 8.959664975455054 0.2564114 -2.462480037126699 0.28665382 19.3421001434326 18.9850997924805 18.853099822998 18.7919998168945 18.7458000183105 66555.84344975586 92466.90723732195 104420.63255015064 110465.41339442614 115267.3321530596 606.9332638451747 625.1123405180668 433.1719895655778 684.0142139005164 3815.7872654305447 1.0 0.0 0.5123935168278753
_Star_2677377677685776256 331.6189831551779 -0.2990650236398207 1800.0 0 2016.0 0.3240362133483218 0.21171734 -4.961281165544895 0.2776908 -12.035011033242364 0.29281798 19.0998001098633 18.7688007354736 18.6144008636475 18.55299949646 18.5291996002197 83196.7200458057 112851.14107321746 130096.58705341506 137665.9228192983 140716.948536555 718.3782561588006 823.3066980679527 368.8163690083927 1488.446480856249 5625.898014312237 1.0 0.0 0.5489918139056814
_Star_2681917664275903744 331.6255935442902 0.3502646493222224 1800.0 0 2016.0 0.3477830049904079 0.28298402 -1.5042562462142282 0.32335886 -6.522133784847503 0.38025504 19.3115005493164 18.996000289917 18.8899993896484 18.8507995605469 18.7665004730225 68458.28722038922 91543.2091304325 100931.44549140004 104642.0947061728 113090.48320705898 387.8984308557079 704.1939871636579 467.9671813719637 1364.9184459829662 3025.6449851872617 1.0 0.0 0.5050222849498469
_Star_2681917458117472512 331.6276815914717 0.3470647110367902 1800.0 0 2016.0 0.2652650314663968 0.18129121 7.436169309047533 0.19997476 -2.636805152362253 0.22675909 18.576099395752 18.2626991271973 18.1459999084473 18.0965995788574 18.0741004943848 134767.90915991637 179864.97349350434 200274.7902345984 209597.6540164958 213986.3402377584 1324.9190984691177 769.4989227846975 713.6753275690398 1898.9990851690256 5323.957150080516 1.0 0.0 0.5795792221125944
_Star_2677146024329359872 331.63472271016474 -1.3942872195315654 1800.0 0 2016.0 0.11783516809938 0.33603287 1.7768941553260758 0.4138679 -3.279690485124956 0.32804415 19.6627006530762 19.3293991088867 19.2248001098633 19.1478996276855 19.1242008209229 49538.8576508109 67338.99110511327 74149.15479047495 79591.44653106356 81347.82029182244 737.6056487723865 421.25004909138136 515.8237921033846 1671.3133383329607 5296.085554802919 1.0 1.0 0.660483030627773
_Star_2677377608966294528 331.63568886732384 -0.3122607894106828 1800.0 0 2016.0 0.0698888042921745 0.22720857 -0.3782527974988737 0.29863355 -0.2052416592264336 0.30262458 19.3619003295898 19.1639003753662 18.8579006195068 18.8759002685547 18.974100112915 65353.08857465396 78427.08959337081 103959.93543561044 102250.66507390904 93408.45821565756 871.6463999228782 3013.82009909956 1583.4282693566836 769.5148585680428 2134.979350263845 1.0 1.0 0.6415517669508224
_Star_2681916496044788224 331.6424354130935 0.3090080984728392 1800.0 0 2016.0 0.3834399937188438 0.20038688 -4.326685735103391 0.21096574 -9.39714047604621 0.2576157 18.809700012207 18.5312995910645 18.4407997131348 18.3971996307373 18.3726005554199 108679.15274503834 140445.04205526976 152653.35852874996 158908.2323149438 162549.64551965267 652.1332518112715 349.6456690456815 552.4132151503528 1089.2102859637737 4938.4579909117 1.0 0.0 0.6923407289126796
_Star_2681912475955380608 331.6675967466179 0.2241591883051601 1800.0 0 2016.0 0.3169109817770421 0.727309 -2.754049459219724 0.76972765 -2.050388401432434 0.9988191 20.4755001068115 20.1483993530273 19.9997997283936 19.9051990509033 19.7147006988525 23432.90901137205 31671.34504204276 36316.69825019237 39622.93377280353 47222.17315758378 352.24808709893784 370.0847101842874 468.31825315938073 1012.6009652848776 782.9650918662073 1.0 0.0 0.8025390583565342
_Star_2677373726315841024 331.6680496457383 -0.362405096723597 1800.0 0 2016.0 0.0250417416713996 0.6671616 -0.8189333558026963 0.7484172 -2.7115602562016794 0.7490226 20.6037006378174 20.2586994171143 20.1291007995605 20.0244007110596 19.7182006835938 20823.12920072212 28611.88574148649 32239.32416522431 35503.074558346074 47070.1926147091 440.7482346431324 433.4726300353567 395.54731637562105 844.5637267012404 4728.842361784215 1.0 1.0 0.7309646319210649
_Star_2677273705117238784 331.6689744452512 -0.865326783542249 1800.0 0 2016.0 1.9229141540195944 0.86614925 5.635870321127236 0.72053343 -11.03378366206564 0.7448489 20.3724002838135 20.3663997650146 20.4752006530762 20.5070991516113 19.8819007873535 25767.13515135523 25909.936159200795 23439.37286499474 22760.75103094058 40482.37037825523 567.0858819278966 371.680760125479 367.8242013538814 901.070941424303 6008.730266465242 1.0 0.0 0.9752937864637364
_Star_2677330329966148096 331.66941644267246 -0.6448647889743893 1800.0 0 2016.0 0.5052645949132634 0.9470009 -1.75376056683968 0.8360373 -4.980237874831119 0.7413771 20.7584991455078 20.4564990997314 20.3089008331299 20.2374992370605 19.952600479126 18056.20973453237 23846.6078003077 27319.070296885337 29176.05399836861 37930.28075120867 413.7639386567549 241.6428483414754 369.7525546403295 795.6840447747327 3870.073265033453 1.0 0.0 0.7278576636928548
_Star_2677337030115217280 331.6766630742625 -0.4815821947923155 1800.0 0 2016.0 0.8621368934183932 0.53466713 3.5067716785855056 0.5613044 -2.5333876116492844 0.49730474 20.2373008728027 19.934700012207 19.8209991455078 19.7595996856689 19.8596992492676 29181.384957206817 38560.81852450047 42818.02098838208 45309.19796568784 41318.69050911704 424.2273144500221 469.7323074332245 408.9996036903588 1496.777099859992 5271.239647922965 1.0 0.0 0.6837953296347365
_Star_2677336961395738240 331.68384737273567 -0.4867109774556585 1800.0 0 2016.0 0.9313491015929404 1.2209598 -0.9826960905283258 1.2793338 -3.911284892238858 1.2960076 20.9748992919922 20.5983009338379 20.4351997375488 20.282600402832 20.209400177002 14793.349988050595 20926.94704671857 24319.03590296386 27988.916583064856 29940.991510077547 399.19049084646286 451.214416790092 366.59885620768966 621.267751577377 4206.821274069081 1.0 0.0 0.8541236060042598
_Star_2677330123807716480 331.6857814667552 -0.6480968328912957 1800.0 0 2016.0 0.1643361014644022 0.43905413 -0.1178969552038037 0.5066183 -0.1919636105009063 0.46930817 20.0806999206543 19.9365005493164 19.7457008361816 19.8111000061035 19.737699508667 33709.03194557673 38496.92395577521 45892.9435949742 43210.19701590403 46232.40068995518 1323.0128654971268 1020.5581469710926 648.7863048002833 1702.2825503809536 6947.317866336689 1.0 0.0 0.5853270878247563
_Star_2677173001019125504 331.68943106478565 -1.0523795697009088 1800.0 0 2016.0 11.842769547686656 0.4055132 -156.30334726694213 0.414867 -129.668872572441 0.4310668 18.8920001983643 18.6128997802734 18.6571006774902 18.5839996337891 18.5016002655029 100745.61899300414 130276.5763374876 125079.4543269011 133790.84460625864 144339.81446285895 1246.3572012224524 1806.7967440755488 1631.727265417689 2238.768608465709 1895.751187141805 0.0 1.0 0.8870868683493027
_Star_2677172996724050048 331.6896823359738 -1.0522501855795603 1800.0 0 2016.0 11.198970586358222 0.27739948 -160.18954609782926 0.2712567 -121.93913184297108 0.28613055 18.8920001983643 18.6128997802734 18.6571006774902 18.5839996337891 18.5016002655029 100745.61899300414 130276.5763374876 125079.4543269011 133790.84460625864 144339.81446285895 1246.3572012224524 1806.7967440755488 1631.727265417689 2238.768608465709 1895.751187141805 0.0 1.0 0.8870868683493027
_Star_2680389755430251520 331.69237161128905 -0.1084579458380855 1800.0 0 2016.0 0.3656406689501958 0.41745165 -1.7312968245500169 0.42115492 -5.058196078381387 0.546326 19.5016002655029 19.4710998535156 19.512300491333 19.5956993103027 19.5818004608154 57462.71513402549 59099.84032413887 56899.18586360112 52692.22344260437 53371.08902648192 806.1553518236169 966.8383019206444 359.45334149890084 1136.700886507022 4713.3796485836 1.0 0.0 0.8763484000776768
_Star_2681918179671977856 331.6968602906089 0.3464589670708398 1800.0 0 2016.0 1.019748972014931 0.79714596 -0.0922201364793056 0.90675753 -0.2176455766155915 0.9766429 20.5862998962402 20.1889991760254 20.0107002258301 19.8840999603271 19.9438991546631 21159.54332967021 30508.90204344913 35953.91261774895 40400.4557917527 38235.48356113719 307.5310490885818 346.52595484916355 347.67203413210336 1191.917028740178 1902.4838360568244 1.0 1.0 0.7309792972299587
_Star_2677267726522747392 331.703561714134 -0.9729889561916648 1800.0 0 2016.0 0.0908276226636822 0.40043014 -0.5119654451798182 0.3355442 -4.053544734572063 0.3820801 19.6235008239746 19.320499420166 19.1891994476318 19.1271991729736 19.1135997772217 51360.106938862285 67893.2316025744 76620.76254622251 81123.48133697861 82145.98433516469 392.95769137329785 317.03712163388826 614.7381450074562 1172.840442679767 2560.308986127963 1.0 1.0 0.7425340884727154
_Star_2681919622781011968 331.7111200549417 0.4079098195165918 1800.0 0 2016.0 2.8169932326235023 1.3480178 -0.055506733937961 1.7562516 -2.7595718617227014 2.2006166 20.8932991027832 20.5907001495361 20.5188007354736 20.4563999176025 20.2444000244141 15948.01398394159 21073.961829719126 22516.76289846269 23848.78629021189 28991.20314809827 268.4353314836327 732.9736332641608 407.32892175556304 939.4004047813085 4486.450566303819 1.0 0.0 0.7351463168590882
_Star_2681918660708324608 331.7115232749033 0.3740322966296424 1800.0 0 2016.0 0.708481014903136 0.73943156 0.4196270102788352 1.0580442 -1.5232965494986292 1.3000377 20.4034004211426 20.1410999298096 20.0091991424561 19.698600769043 19.5566997528076 25041.831009323545 31884.98940328259 36003.65503711454 47927.62861413444 54619.32739942415 1010.8886889074998 622.5837846496241 800.6293087888688 1559.9245072704814 3694.190004907044 1.0 0.0 0.9997103298187998
