data_proc/test/star_region3_3h_targets.ecsv
# %ECSV 1.0
# ---
# datatype:
# - {name: ID, datatype: string}
# - {name: R.A., datatype: float64}
# - {name: Dec., datatype: float64}
# - {name: Exposure Time, datatype: float64}
# - {name: stage, datatype: int32}
# schema: astropy-2.0
ID R.A. Dec. "Exposure Time" stage
[from data line 6456]
_Star_2651895636718845056 343.8829424456024 0.2884588557579415 900.0 0
_Star_2651586983188608256 343.88458957688863 -0.6290626181763376 900.0 0
_Star_2651895842877279104 343.8963150718146 0.3015799206876999 900.0 0
_Star_2651888592972461952 343.89794541142754 0.2204009522989575 900.0 0
_Star_2651833308153151232 343.898638927144 -0.0324529055183764 900.0 0
_Star_2651790289760616064 343.8987039858828 -0.28944395972067 900.0 0
_Star_2651896633152345472 343.9023533712747 0.3573776228245038 900.0 0
_Star_2650003823884040960 343.9051112175199 -1.2072845371012282 900.0 0
_Star_2651833342512890880 343.9067643914031 -0.0289177068330796 900.0 0
_Star_2651833003210583680 343.9082151805764 -0.0580999702066986 900.0 0
_Star_2651587051908086272 343.9094023607086 -0.6235406003830325 900.0 0
_Star_2650081992288332032 343.92385817274976 -0.725181405471041 900.0 0
_Star_2651588735535309952 343.92658059492845 -0.5369406804157472 900.0 0
_Star_2651910346981879680 343.9295076713406 0.4264977075095785 900.0 0
_Star_2649961149089129088 343.9306876889386 -1.4647262044927651 900.0 0
_Star_2651891582269772928 343.9360326078602 0.2261065565147608 900.0 0
_Star_2650005236927808128 343.9377365943008 -1.1510175575349872 900.0 0
_Star_2651786029153036288 343.93774316817314 -0.3722100206675039 900.0 0
_Star_2649975786337368832 343.9460028864981 -1.3296270272964237 900.0 0
_Star_2649962763996490240 343.9521470501085 -1.4271672830967377 900.0 0
_Star_2651895155682508544 343.9579012769336 0.2912781659593525 900.0 0
_Star_2649960019512209536 343.9593012892623 -1.4972561952805803 900.0 0
_Star_2651805000023852416 343.96001806189463 -0.154910388779267 900.0 0
_Star_2651785754276768896 343.9652321483195 -0.3867791446210447 900.0 0
_Star_2649960358815162240 343.9691352265572 -1.4788584329121577 900.0 0
_Star_2649960118296971264 343.9728798961329 -1.4906234815340336 900.0 0
_Star_2651587636023658624 343.97291312374296 -0.5848329445409334 900.0 0
_Star_2649963107593887488 343.97649952804136 -1.394891554961854 900.0 0
_Star_2651785788634866304 343.9767307495182 -0.3785549161478105 900.0 0
_Star_2651837053364871296 343.977584008223 0.1076034156237338 900.0 0
_Star_2651778710528750336 343.98004924458576 -0.4492015937188399 900.0 0
_Star_2649975442739976576 343.9804905079001 -1.3498310415567836 900.0 0
_Star_2651588907333982080 343.9882982752788 -0.5769524205408645 900.0 0
_Star_2651895224401987072 343.98893386249784 0.2973426585853152 900.0 0
_Star_2651897079827872256 343.9900277232364 0.3467700594792501 900.0 0
_Star_2650061002783517056 343.99281756203817 -0.9894372279260496 900.0 0
_Star_2650007706534403072 343.9964674337556 -1.0563240442508046 900.0 0
_Star_2678310235344673280 335.0010273896792 -0.1199437687646941 900.0 0
_Star_2678336623624192768 335.00422194376614 0.175897902668533 900.0 0
_Star_2678306112176005376 335.00962394977944 -0.2156980075352601 900.0 0
_Star_2677632661304494720 335.01056415331044 -1.03201755648548 900.0 0
_Star_2677632661304496128 335.01546941597354 -1.0297996654301256 900.0 0
_Star_2679116039928705280 335.01550240512785 0.4132324569862615 900.0 0
_Star_2679115352733934976 335.0175560004189 0.3755026813664557 900.0 0
_Star_2677609708999157120 335.02068344034734 -1.2185128596396284 900.0 0
_Star_2677880772974653312 335.0375093553367 -0.3954611355241796 900.0 0
_Star_2677627472983914496 335.04028312584484 -1.1862824398653298 900.0 0
_Star_2678333222010053248 335.0412282963347 0.1162743890240796 900.0 0
_Star_2678331160425655808 335.04497854245227 0.0079120898202212 900.0 0
_Star_2678306558852613632 335.05685424645407 -0.198292930858019 900.0 0
_Star_2677627614717544192 335.0569429698017 -1.1610988680011336 900.0 0
_Star_2678339544202004096 335.0652809313544 0.2513798241778153 900.0 0
_Star_2678304913880284544 335.0661544421912 -0.2660355518516364 900.0 0
_Star_2677604864275971840 335.06940979316977 -1.3252043330102117 900.0 0
_Star_2677608540768021504 335.0723737721242 -1.2682351546912978 900.0 0
_Star_2678331778900998912 335.07400206227686 0.0633108439841861 900.0 0
_Star_2677554286740980992 335.07672704599486 -1.470246261210375 900.0 0
_Star_2679117826635108096 335.0810767233656 0.4829193576617346 900.0 0
_Star_2678334974356754432 335.08504785375305 0.1798884037473238 900.0 0
_Star_2677631286914967680 335.0858428022546 -1.0146697397264277 900.0 0
_Star_2677554046222805120 335.0948669053568 -1.4830106338423477 900.0 0
_Star_2679114768618382336 335.0955533466486 0.3715024012316704 900.0 0
_Star_2678334699478834304 335.09738472566386 0.1612670430645363 900.0 0
_Star_2677849952289903488 335.1006215071512 -0.7763992391267824 900.0 0
_Star_2678260040061780224 335.1357902677062 -0.2277305817760361 900.0 0
_Star_2677661901442557312 335.137150165882 -0.8172690267298471 900.0 0
_Star_2678308654796703232 335.1410307632013 -0.1249499655842893 900.0 0
_Star_2678362771385160832 335.14335999768866 0.2898916760281272 900.0 0
_Star_2677860711182682624 335.1451547169189 -0.6393888992049457 900.0 0
_Star_2678260070126589440 335.1494977996116 -0.2211010341838464 900.0 0
_Star_2677603902203263232 335.158834375302 -1.369357111687163 900.0 0
_Star_2678358716935980288 335.15957682835256 0.197558326597682 900.0 0
_Star_2678308036321415680 335.16065541272405 -0.120941178581627 900.0 0
_Star_2677877027763168256 335.161845947895 -0.4181047324651293 900.0 0
_Star_2678259760888931584 335.162897390467 -0.2484775203869597 900.0 0
_Star_2677603833483784192 335.16445139517856 -1.373369762008528 900.0 0
_Star_2678365245286352384 335.17637528826225 0.349403228768043 900.0 0
_Star_2679116795843009408 335.18083410321486 0.4253048757311622 900.0 0
_Star_2678257394362457600 335.1834950222881 -0.2797337316028136 900.0 0
_Star_2677556829361681536 335.19174992214886 -1.3917914245397351 900.0 0
_Star_2677655888487672192 335.19235408992785 -0.9216509138437188 900.0 0
_Star_2677556142166882816 335.1948881086225 -1.432585058573827 900.0 0
_Star_2677630462281236992 335.19555643125085 -1.0368619187155872 900.0 0
_Star_2677604074001984512 335.1967032916681 -1.3297350268824588 900.0 0
_Star_2678321814576888832 335.2145783437954 0.0874246969517043 900.0 0
_Star_2678313572534631040 335.21478503811755 -0.1387750591078485 900.0 0
_Star_2679122808797167744 335.2162477662756 0.4569225382056788 900.0 0
_Star_2677618264574087936 335.2332806410921 -1.0929536131524462 900.0 0
_Star_2678252137321860224 335.23455074313995 -0.4147658562914396 900.0 0
_Star_2678372224608267648 335.2370056830112 0.463860397065627 900.0 0
_Star_2678320989943140992 335.23933981689635 0.0583080264045759 900.0 0
_Star_2678252167386677120 335.24038150781496 -0.4089484493725097 900.0 0
_Star_2678317352105482624 335.2407726065731 0.0177237571548144 900.0 0
_Star_2677856789877230464 335.2440450215769 -0.689549293400517 900.0 0
_Star_2678321196101600640 335.244733360506 0.0913914366725842 900.0 0
_Star_2677668154914291840 335.2498673366485 -0.7748326032533007 900.0 0
_Star_2677857030395399936 335.25327251695825 -0.672342337228002 900.0 0
_Star_2678321230461345792 335.2552187986638 0.0983847270353008 900.0 0
_Star_2677613179332731136 335.26317096383343 -1.2193342929752875 900.0 0
_Star_2677613179332727680 335.26406598165664 -1.2243809611851868 900.0 0
_Star_2678240107118499328 335.26409965099094 -0.4458744126853688 900.0 0
_Star_2677641800994883456 335.2675469008044 -1.067954468751463 900.0 0
_Star_2677641010720889088 335.26963370578846 -1.0902189884183917 900.0 0
_Star_2677656129005829376 335.28968593298225 -0.9585117788661236 900.0 0
_Star_2678344663802928000 335.2936269428848 0.1143735135114681 900.0 0
_Star_2677552676128108288 335.3014976442386 -1.428953647452654 900.0 0
_Star_2677860436304666624 335.302645326881 -0.5468968498463161 900.0 0
_Star_2677552263811245440 335.3028371077597 -1.4684194471449703 900.0 0
_Star_2678344388924997760 335.30702615804023 0.0898049629612484 900.0 0
_Star_2678345247918510336 335.3159059719634 0.1536681005042261 900.0 0
_Star_2677561540940480896 335.31899146155814 -1.396341527250781 900.0 0
_Star_2677656987999306368 335.3195241724385 -0.8903970559965787 900.0 0
_Star_2678372529550929152 335.3248601565758 0.475372475101383 900.0 0
_Star_2678266976434069504 335.33045193139 -0.1171288665451567 900.0 0
_Star_2678262372229067648 335.3320018790617 -0.2082980118908271 900.0 0
_Star_2677551160004776960 335.3421155035486 -1.4972367046064226 900.0 0
_Star_2678262784545939712 335.3487492698816 -0.188122846094239 900.0 0
_Star_2678360812880091520 335.3506109262529 0.3243099578550434 900.0 0
_Star_2677562086402027264 335.3533272162521 -1.3601567358822713 900.0 0
_Star_2677664169184078720 335.3534149667062 -0.8122266737665421 900.0 0
_Star_2678368337662829568 335.3553288481726 0.4097551254088853 900.0 0
_Star_2677670388296747520 335.35619095204095 -0.6840786818037288 900.0 0
_Star_2677562193775506560 335.3665336234329 -1.3575594934919466 900.0 0
_Star_2678371430039292288 335.3666066581884 0.4399125189311845 900.0 0
_Star_2678348477735144064 335.36946079623726 0.245415591282687 900.0 0
_Star_2678341232124018048 335.3744526852541 0.0749705138753031 900.0 0
_Star_2677557379117436160 335.37456080837376 -1.4663569744522056 900.0 0
_Star_2678341880664112128 335.37597735717145 0.1047204081826427 900.0 0
_Star_2678236121390709760 335.3804006268724 -0.5010597360059269 900.0 0
_Star_2678239523002946688 335.38297565355435 -0.4483663144037067 900.0 0
_Star_2677636578314599936 335.38506676033285 -1.1579681988645356 900.0 0
_Star_2677559273197742720 335.3912611858196 -1.3491592977427451 900.0 0
_Star_2678366550956404352 335.40183607873604 0.3360371016277536 900.0 0
_Star_2677557555210812160 335.4032074768953 -1.4391230551958545 900.0 0
_Star_2678236190108314624 335.40390422468766 -0.4951242315115269 900.0 0
_Star_2677563735669649664 335.40415697211563 -1.3303883089967103 900.0 0
_Star_2677558036247150464 335.4076330943195 -1.4132037560375523 900.0 0
_Star_2677560681947013120 335.40812036779914 -1.350719965071453 900.0 0
_Star_2677664444061990656 335.41011133768586 -0.7932326775657917 900.0 0
_Star_2677557550916727552 335.4103424791527 -1.4379964532760627 900.0 0
_Star_2678340197036876544 335.41120716505776 0.0429651052012724 900.0 0
_Star_2677560681947012352 335.41325270306623 -1.359551911789754 900.0 0
_Star_2677662799089744128 335.4159494834824 -0.8692418932022232 900.0 0
_Star_2678348374654771328 335.4241856331717 0.266035350084188 900.0 0
_Star_2678370124369239680 335.42583851253426 0.4628568966074841 900.0 0
_Star_2677560471494501632 335.4284593197584 -1.358744125426105 900.0 0
_Star_2678369952570544640 335.4288238279452 0.448901954818954 900.0 0
_Star_2678369746412113536 335.4344226127879 0.4430360468372207 900.0 0
_Star_2678241584587265664 335.4433964287107 -0.3934096696424172 900.0 0
_Star_2677560441428836352 335.44347630443616 -1.3666932539792 900.0 0
_Star_2678241760681415296 335.4444653703123 -0.375849316283596 900.0 0
_Star_2677560613227531904 335.4490037915731 -1.3419591743506865 900.0 0
_Star_2677560540213979520 335.45656100430017 -1.352075899758972 900.0 0
_Star_2677559582435373568 335.4577169174813 -1.3932086076864831 900.0 0
_Star_2677589230595110784 335.4598573405803 -1.18736892007427 900.0 0
_Star_2678353528615527168 335.4602184320965 0.2665707968929011 900.0 0
_Star_2678347343862600832 335.4621658626975 0.2292984346084523 900.0 0
_Star_2677638777337901952 335.4716493715636 -1.077526302023056 900.0 0
_Star_2678047039748805504 335.48045121528025 -0.5719305630372569 900.0 0
_Star_2677665268697418496 335.48065117943145 -0.7726718435260269 900.0 0
_Star_2677665749732056832 335.4840219139825 -0.7458379408949695 900.0 0
_Star_2677651318641920896 335.48754925463174 -0.8551819542032132 900.0 0
_Star_2678292028978663808 335.49171314950354 -0.0182868373372872 900.0 0
_Star_2677559509421285888 335.4945776021252 -1.3786916509985063 900.0 0
_Star_2677559543781031168 335.50014111882643 -1.3682028692572066 900.0 0
_Star_2678238492210809728 335.5023172795959 -0.3991651623859055 900.0 0
_Star_2677650494008193152 335.51082066176804 -0.8726219587904571 900.0 0
_Star_2678048654656521728 335.5160067061853 -0.53891500609503 900.0 0
_Star_2677547724031010816 335.521045319768 -1.396125230036505 900.0 0
_Star_2678464201332295808 335.5227416268622 0.4895313290269174 900.0 0
_Star_2678464201332298240 335.52427895437376 0.492463923336883 900.0 0
_Star_2677544906532401280 335.53115670008515 -1.4786751669659135 900.0 0
_Star_2678046043316385024 335.535794437703 -0.5933884977438464 900.0 0
_Star_2678288897947205632 335.55785813676266 -0.0534227290226038 900.0 0
_Star_2678048379778621696 335.5794219742909 -0.5190172777567441 900.0 0
_Star_2678451389445293952 335.5850206958262 0.4627881706655438 900.0 0
_Star_2678251583271230464 335.5917635302828 -0.1904647104259012 900.0 0
_Star_2677584420231691392 335.59263171793503 -1.2604661113521929 900.0 0
_Star_2678348924410539648 335.5946649579979 0.1895687623314308 900.0 0
_Star_2678041920147760384 335.60071194199503 -0.6458400032490035 900.0 0
_Star_2677571913286895232 335.6068391084252 -1.3123095257568145 900.0 0
_Star_2677570641976518144 335.61840334658405 -1.37710040946872 900.0 0
_Star_2678451041552480640 335.61981703227485 0.4282355592923877 900.0 0
_Star_2678245776475375488 335.62538785891815 -0.3254593918307112 900.0 0
_Star_2678352944500009216 335.62722936275134 0.332758302962117 900.0 0
_Star_2678294532944611712 335.62754184661594 0.0735648206686841 900.0 0
_Star_2678287970234262400 335.6356541898275 -0.0602827792669587 900.0 0
_Star_2678043157098337920 335.63747777818645 -0.65430689694254 900.0 0
_Star_2677652349434077312 335.63854702065225 -0.8304083293309535 900.0 0
_Star_2677586962851858816 335.6399011523691 -1.1950691692221036 900.0 0
_Star_2677543669581843968 335.64072009860746 -1.449243607625021 900.0 0
_Star_2678351020354611584 335.6443756199904 0.236171577756226 900.0 0
_Star_2678247361319019520 335.6487552819722 -0.2628737945644112 900.0 0
_Star_2677597962263307264 335.6518036100334 -1.045295144455607 900.0 0
_Star_2678302126446876928 335.65375836180834 0.1823957553736699 900.0 0
_Star_2678290001754087040 335.6815275450148 -0.0155320656782168 900.0 0
_Star_2678043913012601856 335.6834678023312 -0.6042920415142238 900.0 0
_Star_2678302199460913536 335.68505343931673 0.1917202441244046 900.0 0
_Star_2678057863066458496 335.6889661362416 -0.3618407904577621 900.0 0
_Star_2678024808998002816 335.691780981266 -0.8130294820796291 900.0 0
_Star_2678303775714343040 335.69592366401145 0.216923279611124 900.0 0
_Star_2678450908408412672 335.7017422805486 0.4677880640943411 900.0 0
_Star_2678044050451561728 335.7058124315098 -0.5903050341172804 900.0 0
_Star_2678303706994857216 335.7095289074519 0.2020060376027724 900.0 0
_Star_2678024435335699456 335.7142320970487 -0.8357231250569214 900.0 0
_Star_2678057622548287488 335.71980910324226 -0.3726700645072388 900.0 0
_Star_2677570985573918336 335.7274771854502 -1.3526336416198932 900.0 0
_Star_2678029962958777728 335.7282322245238 -0.7244833567568586 900.0 0
_Star_2677568064995732224 335.73510498844814 -1.3528803226886308 900.0 0
_Star_2678297934558744704 335.7357417439407 0.1115046303130209 900.0 0
_Star_2677574558986303872 335.74548302143745 -1.2168644594478608 900.0 0
_Star_2677595930743610240 335.745804374082 -1.044769706004274 900.0 0
_Star_2678023709486366336 335.7466018207694 -0.852700077446923 900.0 0
_Star_2678296182212017664 335.7492116281275 0.0317271179848883 900.0 0
_Star_2677592395986271232 335.74987966007615 -1.1682566244387032 900.0 0
_Star_2678445543994310272 335.7517595158978 0.3221601733129345 900.0 0
_Star_2678269622133824000 335.7558543368068 -0.2830166141650065 900.0 0
_Star_2677976396126627712 335.7624437200059 -0.8856627656206483 900.0 0
_Star_2678452244143337856 335.76672902104616 0.4749684214683944 900.0 0
_Star_2678057313310646528 335.77941550001145 -0.3551516756483553 900.0 0
_Star_2678272886309026432 335.78899063841976 -0.1789906286702192 900.0 0
_Star_2677569198867096064 335.79078806813186 -1.3745994839620406 900.0 0
