data_proc/test/star_region3_3h_targets.ecsv
# %ECSV 1.0
# ---
# datatype:
# - {name: ID, datatype: string}
# - {name: R.A., datatype: float64}
# - {name: Dec., datatype: float64}
# - {name: Exposure Time, datatype: float64}
# - {name: stage, datatype: int32}
# - {name: epoch, datatype: float64}
# - {name: parallax, datatype: float64}
# - {name: parallax_error, datatype: float64}
# - {name: pmra, datatype: float64}
# - {name: pmra_error, datatype: float64}
# - {name: pmdec, datatype: float64}
# - {name: pmdec_error, datatype: float64}
# - {name: gPS1, datatype: float64}
# - {name: rPS1, datatype: float64}
# - {name: iPS1, datatype: float64}
# - {name: zPS1, datatype: float64}
# - {name: yPS1, datatype: float64}
# - {name: gFluxJy, datatype: float64}
# - {name: rFluxJy, datatype: float64}
# - {name: iFluxJy, datatype: float64}
# - {name: zFluxJy, datatype: float64}
# - {name: yFluxJy, datatype: float64}
# - {name: gFluxJy_err, datatype: float64}
# - {name: rFluxJy_err, datatype: float64}
# - {name: iFluxJy_err, datatype: float64}
# - {name: zFluxJy_err, datatype: float64}
# - {name: yFluxJy_err, datatype: float64}
# - {name: flags_dist, datatype: float64}
# - {name: flags_ebv, datatype: float64}
# - {name: probfstar, datatype: float64}
# schema: astropy-2.0
ID R.A. Dec. "Exposure Time" stage epoch parallax parallax_error pmra pmra_error pmdec pmdec_error gPS1 rPS1 iPS1 zPS1 yPS1 gFluxJy rFluxJy iFluxJy zFluxJy yFluxJy gFluxJy_err rFluxJy_err iFluxJy_err zFluxJy_err yFluxJy_err flags_dist flags_ebv probfstar
[from data line 7762]
_Star_2680702841366202496 330.00168018374586 0.4336520712220983 1800.0 0 2016.0 -0.4605447803055069 0.63611114 -4.723828572495078 0.8783177 -10.044764825971976 0.99237704 20.6474990844727 20.2702007293701 20.1105003356934 19.9640007019043 -999.0 19999.84432097796 28310.396843215905 32796.39546957011 37534.09666588343 inf 578.5154009995343 515.6299293539485 326.744745882698 3360.3253110845967 -inf 1.0 0.0 0.8652989567152409
_Star_2680607905409708800 330.00196933160413 0.3719813873003559 1800.0 0 2016.0 -0.2873809723768634 0.62314636 4.246641496789639 0.961214 -2.694332997338152 0.9997809 20.4531002044678 20.1877002716064 20.0522994995117 19.9979991912842 19.8880996704102 23921.376534371524 30545.422757448203 34602.41807725426 36376.97422899231 40251.89959879664 602.321806324384 426.13620589345567 421.4489472644112 687.678425950373 1307.5406586644078 1.0 0.0 0.8225227885445271
_Star_2680703017460190464 330.00320305442784 0.4481764751533085 1800.0 0 2016.0 nan nan 1e-08 nan 1e-08 nan 20.8374004364014 20.5697002410889 20.4682006835938 20.4137992858887 19.8101997375488 16790.594538498684 21485.534019678635 23590.97962286888 24803.13257134301 43246.040818237954 507.8146479310642 373.2781737539856 254.1317939419322 1135.8985165361223 6756.784184529233 0.0 0.0 0.816232442870907
_Star_2679900300957161600 330.00389309584835 -0.9081419671297768 1800.0 0 2016.0 -0.6129630247090191 1.0229061 0.7308484455265116 1.8407743 -1.1496344547611768 2.1040416 20.7695999145508 20.4743003845215 20.2378005981445 20.0445003509521 19.9202003479004 17872.540221064733 23458.816336809945 29167.956905271403 34851.87185511523 39079.240057393166 870.5679975918633 423.5064356300039 556.1257761044279 1260.3008016186727 422.0935367878821 1.0 0.0 0.9881891628812342
_Star_2680525854353850496 330.00982361207247 -0.2048175759139937 1800.0 0 2016.0 -0.0015221185404458 0.5459229 0.7567957522483726 0.49255878 -1.1622156243254 0.5246424 20.3012008666992 19.9046993255615 19.711799621582 19.6205997467041 19.6758003234863 27513.50390295172 39641.17498230143 47348.51909747356 51497.5241848321 48944.75055882677 331.6867005216255 512.2475333241163 365.36120946808506 926.3743451963448 2591.5013723165707 1.0 0.0 0.5139765196704028
_Star_2680701982372730496 330.0129420835509 0.404175665850455 1800.0 0 2016.0 -0.2910483802985876 1.0288224 3.02211046900278 1.4695412 1.761229423948911 1.8366722 20.918399810791 20.5557994842529 20.4050998687744 20.3113994598389 -999.0 15583.54733862023 21762.38329843078 25002.664965844106 27256.27265378883 inf 271.6588121505007 329.6419087780169 347.2207848712715 711.1197136282494 -inf 1.0 0.0 0.6835251629490078
_Star_2679849757781882496 330.0142569439207 -1.0496797173426482 1800.0 0 2016.0 nan nan 1e-08 nan 1e-08 nan 20.9724998474121 20.8078002929688 20.8493995666504 20.6742992401123 -999.0 14826.079001377018 17254.6491023301 16606.053098109925 19512.2141085498 inf 736.0901947869469 945.612901494494 511.5019966264456 1329.4352440459743 -inf 0.0 0.0 0.9981532346413274
_Star_2679795435038653056 330.01519373497763 -1.465564943709644 1800.0 0 2016.0 nan nan 1e-08 nan 1e-08 nan 20.8304004669189 20.6310997009277 20.3812999725342 20.4041996002197 -999.0 16899.19674451589 20304.22271649928 25556.787382257524 25023.40522260625 inf 724.5384053632024 520.8382230354572 587.6899977406066 2869.747930210554 -inf 0.0 0.0 0.6129201789423159
_Star_2680601239620362496 330.0167611740158 0.2130865443037777 1800.0 0 2016.0 -1.407960285656439 1.0096607 -2.9236972284460108 1.1698592 -2.877696470005371 1.4055558 20.9162998199463 20.6011009216309 20.5083999633789 20.418399810791 20.1324005126953 15613.71762772824 20873.048405577567 22733.49788831995 24698.25809137477 32141.492821388187 495.7912790505983 647.721531228744 395.7971697645992 1712.0779576970226 5877.43130898831 1.0 0.0 0.8217212205440799
_Star_2679839449860334208 330.0205091443946 -1.1496515131052238 1800.0 0 2016.0 -0.5934981666797876 0.55495894 0.8745027710927823 0.6142453 -3.3993053830241604 0.7767828 20.1681995391846 19.9181003570557 19.8117008209229 19.7373008728027 19.5708999633789 31099.00063656175 39154.89882397777 43186.29236502653 46249.37836526434 53909.619130076586 496.7883165502928 622.1227118951697 432.087163019168 730.92624313356 3956.666236408608 1.0 0.0 0.8914215460922025
_Star_2680604469435842816 330.0237905253521 0.3174875963928327 1800.0 0 2016.0 -0.1116892317105016 0.32304934 2.159776154563109 0.53878045 -0.7662603022429914 0.56532747 19.513500213623 19.3218994140625 19.2644996643066 19.2695999145508 19.2460994720459 56836.34783698664 67805.74363361068 71486.88662048716 71151.86418011654 72708.71345673964 588.6556408791542 417.362685138706 423.8898759871191 668.1774339126875 1846.754453999782 1.0 0.0 0.7945204094833765
_Star_2680602854528090752 330.03020830567607 0.2473116520497422 1800.0 0 2016.0 -0.6116222425922339 0.67968607 -1.6128001886408785 1.1913677 -1.0873692965108532 1.5859154 20.7418994903564 20.0226993560791 19.6625003814697 19.1553001403809 19.2646999359131 18334.3894749278 35558.75169555064 49547.99628102172 79050.78605307729 71473.70158232655 806.9260093961631 804.3274205024373 774.9802254628553 1589.8456016956086 3066.8746130971003 1.0 0.0 0.9925502969916256
_Star_2680526197951265792 330.0303153270433 -0.169746051739763 1800.0 0 2016.0 -0.0184241941391537 0.69663805 -0.4865254521990153 0.6995614 -2.6074382159897285 0.9291554 20.4409999847412 20.2458000183105 20.1233005523682 20.0778999328613 20.1716995239258 24189.464547069365 28953.84476315781 32412.01475690777 33796.07582056544 30998.91115140201 584.921275421943 469.1075691404774 716.730339669705 696.8165334686236 5456.049120597537 1.0 0.0 0.9278564472659904
_Star_2680703459841513344 330.032451718376 0.4805589982897027 1800.0 0 2016.0 -0.8146872884225295 1.0854137 2.302766822131564 1.4972923 1.739566599926058 1.3816032 20.7014999389648 20.4444007873535 20.3544998168945 20.3036994934082 20.6046009063721 19029.451624949936 24113.815514646853 26195.4776708587 27450.259320333946 20805.870276831683 444.4964748191896 302.33988611028707 267.6158623474187 786.3148519964145 4135.357034421828 1.0 0.0 0.8315446990781239
_Star_2680526678987626880 330.0393240616898 -0.1458447298202907 1800.0 0 2016.0 -0.0283752524128384 0.92751074 -0.1068704247277465 0.81342113 -4.9331066817944 1.0558922 20.6037006378174 20.2320003509521 20.0480995178223 19.9703006744385 19.9037990570068 20823.12920072212 29324.195656134907 34736.53074245613 37316.93612283892 39674.05820289456 607.1819624350019 660.7109430668586 324.31838857576065 917.0648523341698 425.1198192098394 1.0 0.0 0.5408177418515713
_Star_2680702154171430144 330.04137484241755 0.4225520549817629 1800.0 0 2016.0 -0.3896734476577714 0.34848857 1.7651164490780835 0.44560957 -2.690333481036898 0.41703996 19.8367004394531 19.5319004058838 19.4122009277344 19.3570003509521 19.4197006225586 42203.26716215847 55881.246697650895 62394.43807666862 65648.69668690306 61964.93520307983 421.0856966113008 637.9524368303629 456.3486423317084 1412.0922021476472 4268.800333674024 1.0 0.0 0.6972779741694816
_Star_2680555747326757504 330.050798102832 0.2063217800213597 1800.0 0 2016.0 -0.6306311780318764 0.54865015 0.9404853117204311 0.6770456 -4.821371796581669 0.8046884 20.1562995910645 19.8952007293701 19.7451992034912 19.6648998260498 19.6581001281738 31441.728445625224 39989.498444212 45914.15198764546 49438.6175956372 49749.21102533813 272.15577092841363 250.23449804608268 367.2756046279085 1077.1220993772988 2830.299902825814 1.0 0.0 0.905590769651046
_Star_2680552311352815360 330.05513228888884 0.0966522692615035 1800.0 0 2016.0 -0.0498672664392224 0.17923279 1.9987724482832707 0.21079245 -11.774154996081393 0.28053993 18.5879001617432 18.3255996704102 18.2315006256104 18.2068996429443 18.2126998901367 133311.06078607417 169740.85317170896 185108.34531468936 189350.4718679723 188341.61619305573 813.6897227510536 738.6927957310834 984.4155671146774 1313.0442389503266 4952.541216699888 1.0 0.0 0.6882188627925969
_Star_2680529569500982912 330.0634857565616 -0.0538722152758868 1800.0 0 2016.0 -0.8421644260900685 0.40539587 -0.961486088934413 0.49122578 -4.969215375476898 0.5424762 19.7754993438721 19.4962997436523 19.3766002655029 19.3446006774902 19.3556995391846 44650.51900437948 57743.93175628759 64474.22681467343 66402.73659505213 65727.39699524634 614.1554746645877 555.3486435926973 460.8711438021489 1161.7798117839247 4821.96732734842 1.0 0.0 0.6625608717148214
_Star_2679900094798655616 330.0653952996472 -0.8813633948312557 1800.0 0 2016.0 -1.377295450233149 0.6533075 0.860100837724407 1.1690842 -0.9281865158856368 1.4485433 20.5814990997314 20.2929992675781 20.1546001434326 20.1222991943359 19.6026992797852 21253.31157333169 27722.12656013652 31490.98111949524 32441.9216556854 52353.59837110945 303.74563964416984 315.0008969972434 449.21805369164434 662.3823478642444 9775.817868475404 1.0 0.0 0.6058603237327024
_Star_2679818799657879296 330.06655701866816 -1.447010513199544 1800.0 0 2016.0 -0.3693811841229215 1.5977782 3.340997591790615 2.0186143 -2.697123669393028 2.2167912 20.8901996612549 20.4761009216309 20.307300567627 20.1494998931885 19.9745006561279 15993.60568237112 23419.945508596244 27359.365535448524 31639.258124823024 37172.86088983104 618.7316856734491 495.7994851611973 242.867071694316 1130.0815305109338 3351.0609762059826 1.0 0.0 0.764421692280201
_Star_2680548875378928128 330.0713868119789 0.0521920270560149 1800.0 0 2016.0 nan nan 1e-08 nan 1e-08 nan 19.9913005828857 19.7856998443604 19.402099609375 19.1623992919922 18.9356002807617 36602.101057134285 44232.99142324112 62977.64335596792 78535.59386720732 96780.11561956708 2479.7712712957687 1655.4736215392195 982.655121307305 4207.6660390553 3125.2598844068348 0.0 0.0 0.9993632642875824
_Star_2680522590181442816 330.07147921319364 -0.2288722725259313 1800.0 0 2016.0 nan nan 1e-08 nan 1e-08 nan 20.9669990539551 20.6245994567871 20.4976005554199 20.4403991699219 19.853099822998 14901.384719019725 20426.14761830143 22960.747716162947 24202.853997127448 41570.60257194685 457.8142603410189 226.51066124403587 300.4866853568668 837.3190781304814 6556.0058498809685 0.0 0.0 0.5432606679233484
_Star_2680295437948373632 330.0715943113941 -0.6291119772533503 1800.0 0 2016.0 -1.083528154745648 0.9092819 0.7669141375974762 1.2738326 -4.237159011504438 1.344363 20.6107997894287 20.5056991577148 20.4566993713379 20.336799621582 20.3367004394531 20687.420070108707 22790.118629805696 23842.20953303493 26626.02897507383 26628.461377023694 675.0005244490128 331.75446611887213 353.0426787164 950.7016794129692 4027.147786900533 1.0 0.0 0.9976612441036948
_Star_2680522697553295616 330.0782815159194 -0.2231039414295227 1800.0 0 2016.0 -0.0374724557955741 0.29877806 -0.9616155801646072 0.2618353 -4.7752481335775006 0.31150755 19.244800567627 18.8698997497559 18.6858997344971 18.5949001312256 18.5174999237061 72795.74950036373 102817.33645353332 121805.34749901446 132454.34105515858 142241.485573042 766.0161017016286 751.2413577667074 639.9139261512481 1676.332651225522 3376.894511483565 1.0 0.0 0.6105194519735274
_Star_2680556365802087424 330.08038756000144 0.2595040612031147 1800.0 0 2016.0 nan nan 1e-08 nan 1e-08 nan 20.1648998260498 19.7968997955322 19.7817993164063 19.4162006378174 19.5774002075195 31193.65887291506 43779.04974825824 44392.18506762528 62165.00798731879 53587.829376009744 358.6993220193458 742.7714634312055 534.348461743543 1543.2806501783002 2466.0833553006014 0.0 0.0 0.999525805052478
_Star_2680548119464666752 330.08593507113176 0.0359040143426114 1800.0 0 2016.0 -0.1067612066190689 0.26516396 -2.0461215369952352 0.27290228 -4.729578080688676 0.2908827 19.3525009155273 19.0482997894287 18.9395999908447 18.8714008331299 18.857400894165 65921.31812831691 87238.12708523119 96424.2462302701 102675.28467954928 104007.79546971447 806.3055049238153 759.6221193207273 446.1815105574982 1286.211681997093 5616.156864551148 1.0 0.0 0.7577770079200461
_Star_2680541865992139776 330.0952343106202 -0.0119483689523286 1800.0 0 2016.0 -0.6369291985685077 0.45994234 2.7584689329730985 0.45216766 -1.174019040073517 0.48746455 20.0435009002686 19.8314990997314 19.7931003570557 19.7826995849609 19.7215003967285 34883.96875320762 42405.93165056075 43932.51905682937 44355.39130161922 46927.35648779829 622.569903759416 657.4516346350548 301.65424750646 950.3184061978496 2153.5640505998417 1.0 0.0 0.7920717384490766
_Star_2680281968930892416 330.09697567224777 -0.7152876648709934 1800.0 0 2016.0 nan nan 1e-08 nan 1e-08 nan 20.8180999755859 20.6543998718262 20.5855007171631 20.5785999298096 20.0021991729736 17091.739251552826 19873.131221661588 21175.12399221224 21310.138729423707 36236.52805139319 659.8919905060907 373.1052876885223 624.5253717584116 1555.9591537011847 6096.691631650991 0.0 0.0 0.8881555760276998
_Star_2680547844587100928 330.0982284539594 0.0193481489898278 1800.0 0 2016.0 nan nan 1e-08 nan 1e-08 nan 20.8547992706299 20.568000793457 20.4491996765137 20.3726997375488 20.1928005218506 16523.67105455145 21519.190566322515 24007.469086257737 25760.02937293472 30402.271998502863 438.3337051846002 552.9357754616859 332.31668443774936 901.2744195599768 312.6650486486806 0.0 0.0 0.8416804829720667
_Star_2679851102107176064 330.10938502796466 -0.9981837510177216 1800.0 0 2016.0 -0.1330309087619513 0.45328784 8.565946791147695 0.65715456 2.262055819684279 0.69006604 20.1650009155273 19.8673000335693 19.7210006713867 19.6490993499756 19.6860008239746 31190.75466481346 41030.44578474734 46948.960434285065 50163.34736115871 48487.06756284112 788.5766716142344 344.2708816608507 385.58526937971567 648.2623915262567 990.251837702022 1.0 0.0 0.7746430583160765
_Star_2679852334762295680 330.11414212676004 -0.958097146374242 1800.0 0 2016.0 -0.4412681156542345 0.28275824 1.2000299950995827 0.40325612 -3.2951882314086487 0.48176292 19.5200004577637 19.2334003448486 19.1464996337891 19.1236000061035 19.0664005279541 56497.088263501646 73564.13131832381 79694.14128272083 81392.8482656824 85795.80189123283 521.9705094491102 574.9695068795885 474.0971707973607 1705.0172310977616 4073.999029240073 1.0 0.0 0.551984659567197
_Star_2680283858716554368 330.11447808005823 -0.6099120429224812 1800.0 0 2016.0 nan nan 1e-08 nan 1e-08 nan 20.886999130249 20.576000213623 20.4629001617432 20.3449993133545 20.350700378418 16040.82115776302 21361.22544028815 23706.431452632296 26425.70141497136 26287.30702460095 305.80997065928534 438.7394578888396 293.0617279072524 581.92046127524 4272.119952785201 0.0 0.0 0.9033737668982942
_Star_2679824812611760640 330.1144970560969 -1.27134432383532 1800.0 0 2016.0 -0.5390509358745486 0.6579948 -0.2633112899231605 0.5255476 -0.2580629131150476 0.57584363 20.1350002288818 20.0699005126953 20.0020008087158 19.7604007720947 19.3994998931885 32064.624424720165 34045.99600381456 36243.14907833166 45275.77990679605 63128.61941003215 805.2361417223542 719.4042231699316 541.2423559214443 1391.04643413525 3314.766971288683 1.0 0.0 0.9999419166629852
_Star_2679852854454076032 330.11633560921456 -0.8965295613297471 1800.0 0 2016.0 -0.706307239179538 0.67192185 -2.7295140007758496 1.1102971 -1.8697911376928047 1.2945981 20.5419006347656 20.3146991729736 20.1891994476318 20.13450050354 19.9466991424561 22042.761162169085 27173.56255205285 30503.27498292806 32079.386015443262 38137.00571806159 553.3346543019325 277.55804009337186 458.3907617640621 1463.4826953045492 4689.322106165351 1.0 0.0 0.8940388327799791
