data_proc/test/star_region3_3h_targets.ecsv
# %ECSV 1.0
# ---
# datatype:
# - {name: ID, datatype: string}
# - {name: R.A., datatype: float64}
# - {name: Dec., datatype: float64}
# - {name: Exposure Time, datatype: float64}
# - {name: stage, datatype: int32}
# - {name: epoch, datatype: float64}
# - {name: parallax, datatype: float64}
# - {name: parallax_error, datatype: float64}
# - {name: pmra, datatype: float64}
# - {name: pmra_error, datatype: float64}
# - {name: pmdec, datatype: float64}
# - {name: pmdec_error, datatype: float64}
# - {name: gPS1, datatype: float64}
# - {name: rPS1, datatype: float64}
# - {name: iPS1, datatype: float64}
# - {name: zPS1, datatype: float64}
# - {name: yPS1, datatype: float64}
# - {name: gFluxJy, datatype: float64}
# - {name: rFluxJy, datatype: float64}
# - {name: iFluxJy, datatype: float64}
# - {name: zFluxJy, datatype: float64}
# - {name: yFluxJy, datatype: float64}
# - {name: gFluxJy_err, datatype: float64}
# - {name: rFluxJy_err, datatype: float64}
# - {name: iFluxJy_err, datatype: float64}
# - {name: zFluxJy_err, datatype: float64}
# - {name: yFluxJy_err, datatype: float64}
# - {name: flags_dist, datatype: float64}
# - {name: flags_ebv, datatype: float64}
# - {name: probfstar, datatype: float64}
# schema: astropy-2.0
ID R.A. Dec. "Exposure Time" stage epoch parallax parallax_error pmra pmra_error pmdec pmdec_error gPS1 rPS1 iPS1 zPS1 yPS1 gFluxJy rFluxJy iFluxJy zFluxJy yFluxJy gFluxJy_err rFluxJy_err iFluxJy_err zFluxJy_err yFluxJy_err flags_dist flags_ebv probfstar
_Star_2653865240001711232 339.0035855196962 -0.3257173886253769 1800.0 0 2016.0 0.0879561630474599 0.2320308 3.0589707897727463 0.2973799 -5.2526116643378105 0.24305065 18.8960990905762 18.6560001373291 18.5778999328613 18.5655002593994 18.5827007293701 100365.99921844737 125206.30351156504 134544.60120736758 136089.9784022906 133950.99908066724 1664.4837309771858 599.4295508122672 370.0255795194496 877.4045426925584 4054.6676393706616 1.0 1.0 0.7173513258824926
_Star_2652994907828492416 339.0049297964924 -1.1851923726414515 1800.0 0 2016.0 0.233832146351314 0.4050962 1.4949678580540564 0.49021718 -2.284794980334077 0.44320014 19.8801002502441 19.5918006896973 19.5011005401611 19.4766006469727 19.4754009246826 40549.5602555365 52881.7687932519 57489.16924343314 58801.173054473744 58866.18338357274 262.2169796961212 366.0736098565589 512.9216262590936 968.7220316441736 2564.0119886997013 1.0 0.0 0.5622886484844334
_Star_2654198735622062464 339.0067614577945 0.4925067647884049 1800.0 0 2016.0 0.3219827409297076 0.16025972 5.764497250995511 0.19542101 -3.593269810522195 0.17106247 18.6833992004395 18.3871994018555 18.2817001342773 18.2509002685547 18.2325992584229 122086.19787654332 160378.6258942838 176744.6168235357 181830.25236371843 184921.1329467395 999.8657434126586 415.07682343843146 596.7801000157324 766.183744449502 3352.382087306461 1.0 0.0 0.5250948216943359
_Star_2652994461151866496 339.00925038478044 -1.2091415575299762 1800.0 0 2016.0 0.1402619630267143 0.18182121 -1.5626145421457187 0.19746912 -8.320142857818565 0.2008425 18.8817005157471 18.5811996459961 18.4708003997803 18.4421997070313 18.4074001312256 101705.87549558838 134136.3209631989 148493.03679849984 152456.6477230047 157422.27937775827 491.2294505019756 994.6536389283513 692.1785179008131 1645.27492072625 5129.791164633317 1.0 1.0 0.5332353139468432
_Star_2653865274361452160 339.01250564700985 -0.3173485895764193 1800.0 0 2016.0 0.7168565313345977 0.6396824 0.8143453487361592 0.91699165 -2.1217493207975666 0.6462461 20.3307991027832 20.0534000396729 19.9092998504639 19.8871994018555 19.7136001586914 26773.589957315897 34567.36162723679 39473.56116982298 40285.28942880018 47270.06347014835 721.3610765899721 268.77398965157835 424.1712132970031 659.5999763413819 1445.178454341804 1.0 0.0 0.6223923111703749
_Star_2652997690967373952 339.0141097551801 -1.1165972945965976 1800.0 0 2016.0 1.2509672833164325 0.52495253 -0.8411554501785141 0.5082333 -3.662004745195604 0.5169193 20.229700088501 19.9636001586914 19.8369998931885 19.8223991394043 19.4661998748779 29386.388341957776 37547.94607154771 42191.62880719899 42762.845213081535 59367.16345474299 517.0391963427386 522.0294297051184 421.24158671512873 943.7682090418036 2115.428063448787 1.0 0.0 0.625522017861447
_Star_2653982750306546688 339.0176961995449 0.0635934982685072 1800.0 0 2016.0 0.3559955538179635 0.4615899 -0.8580125739000048 0.42342523 -4.387443863306702 0.55011594 19.7194004058838 19.4925003051758 19.4333000183105 19.4321002960205 19.3346004486084 47018.20948048005 57946.35554875839 61193.633568065736 61261.28899141939 67017.16767969509 608.6137045992073 710.5223472141614 495.81141539821016 489.9272542200228 2400.6739792379026 1.0 1.0 0.7302813786225109
_Star_2653748897927251840 339.0204416691674 -1.0616109244906569 1800.0 0 2016.0 0.2845334710183755 0.6100963 0.2633938539583957 0.52920747 -3.5588833966711944 0.54749554 20.3178997039795 20.0170001983643 19.9325008392334 19.8323993682861 19.580099105835 27093.57832547464 35745.89452534219 38639.00312521188 42370.78415952774 53454.78739580029 24.180530137014028 635.2199188957411 384.3130536260952 985.1454218433856 3219.1931785727984 1.0 0.0 0.8710834800380193
_Star_2652995835541457024 339.0205997014778 -1.1580892829144425 1800.0 0 2016.0 1.3723539838550178 0.9981919 -1.0168967088303806 0.8492329 -1.3896710734444024 0.8513427 20.6523990631104 20.4162998199463 20.3099002838135 20.2453002929688 19.8026008605957 19909.78744973196 24746.07477719663 27293.933896219714 28967.174244286576 43549.77390782706 412.4857824663824 377.3667789469491 620.4719720138835 692.6330916678387 7170.892570071442 1.0 0.0 0.9034649844600404
_Star_2652997794046606592 339.0211276849548 -1.097008355218762 1800.0 0 2016.0 0.6480049624674591 1.0392072 -1.9786288440165043 0.7663077 -2.721673958739153 0.9293619 20.5349998474121 20.2865009307861 20.1511001586914 20.0876007080078 19.8451995849609 22183.308041933284 27888.5462672889 31592.65940335596 33495.46148751593 41874.18958021163 356.28592419591666 468.4667606536899 440.94980921072806 821.5169304118034 2047.782845050264 1.0 0.0 0.8902595424828701
_Star_2654170663715629184 339.0278630665379 0.1178939802707103 1800.0 0 2016.0 0.5840372269630073 1.1084837 -0.2993497123695228 0.82457966 -0.5281530327906215 0.8982739 20.2656993865967 20.176399230957 20.3421993255615 20.0865001678467 19.7922992706299 28428.01227360697 30865.01956019086 26493.938184694303 33529.430871236844 43964.94565471734 963.0953917178856 681.1569282668579 854.4052800013009 792.8579863488505 220.971449526475 1.0 0.0 0.999946592441046
_Star_2653762573103201920 339.0417264503573 -0.8498880647735981 1800.0 0 2016.0 0.0875024127032705 0.28326875 2.3479438299439424 0.20729068 -4.338876099950498 0.22661734 18.8444004058838 18.4752998352051 18.2528991699219 18.1609001159668 17.8372001647949 105260.6594615849 147878.9352167753 181495.8006176472 197545.07307941729 266162.0807366414 1063.3327653558538 726.9075655744223 2741.8209050859296 3361.4474424328487 6576.487115684957 1.0 1.0 0.6511253596784393
_Star_2653861632229162880 339.0419030914184 -0.3815561054602168 1800.0 0 2016.0 0.3107543045671138 0.2997348 1.9571676089911945 0.41582465 -2.60599144503122 0.3893938 19.5741004943848 19.2122993469238 19.0841999053955 19.0035991668701 18.9986991882324 53750.93845716173 75007.8142442475 84400.74628699438 90904.75112605968 91315.9356999016 670.1687271062688 317.99709667853404 507.69356605717593 1349.0829978948775 2897.5882821710748 1.0 0.0 0.5871013513601557
_Star_2652994598590816384 339.04728504517726 -1.2113539709239456 1800.0 0 2016.0 0.4579022524348758 0.7306963 -2.745333776024553 0.7851163 -6.393799515743537 0.8455182 20.5308990478516 20.17919921875 20.0219993591309 19.959400177002 19.57200050354 22267.25229136657 30785.52480114293 35581.68456190025 37693.47506635001 53855.002141630895 369.5703352315445 393.8158703194467 358.5905945697982 1313.8290944266948 9262.136447459348 1.0 0.0 0.518266841125413
_Star_2653756010393112576 339.0490668312382 -0.9910317073014152 1800.0 0 2016.0 0.4592657688259253 0.19696082 -4.517893573287167 0.18173993 -7.683259582595368 0.17934017 18.7950000762939 18.536600112915 18.4207992553711 18.3896007537842 18.407600402832 110160.58115718915 139761.0657630738 155491.46191258862 160024.30415525445 157393.244419628 657.8773061500167 619.9381337520642 751.8678666676369 1461.7924505860535 2632.556025977387 1.0 0.0 0.7359533987233883
_Star_2628970269523573760 339.0565582261815 -1.359181601808186 1800.0 0 2016.0 0.4964120979261182 0.8793977 -1.9649230559965136 0.8738363 -2.8762241365855346 0.95275515 20.5470008850098 20.305700302124 20.1854991912842 20.2047996520996 19.5429992675781 21939.458025241773 27399.72020891562 30607.409384026585 30068.12784102063 55312.91441623822 1059.8969483078429 283.3506445277926 259.0703714876633 1022.1216523590172 8860.368053168722 1.0 1.0 0.5372546054669135
_Star_2653803942228330368 339.0580192967777 -0.6086206986571264 1800.0 0 2016.0 1.2082672203021818 0.6309362 -0.8889001899236072 0.83096355 -4.097507658840109 0.7821372 20.6051006317139 20.3684005737305 20.246000289917 20.1991996765137 19.8227005004883 20796.29628618496 25862.2329613848 28948.50451732887 30223.612905552865 42750.97744169576 948.817353431375 659.0278736386811 291.36844230035 497.8921497015817 1511.4921910456326 1.0 0.0 0.8675014598877657
_Star_2654179013132156416 339.06015623437094 0.2608409221023239 1800.0 0 2016.0 0.1147410098122287 0.869793 1.6812252867839736 0.9728499 -0.2977587471033802 0.82455945 20.2935009002686 20.1347999572754 19.9603004455566 19.9587993621826 19.7338008880615 27709.321319912426 32070.539513586133 37662.23342101445 37714.33931082381 46398.70865776821 1310.5150938694244 857.1353742232797 654.8091172920139 1403.6546654261592 2112.936179825276 1.0 1.0 0.883481594373304
_Star_2653868366737931776 339.0615714800819 -0.2116652511127555 1800.0 0 2016.0 0.4150301905034091 0.21967168 -0.0559350959986969 0.23182695 0.2979517529840334 0.23096737 18.6725997924805 18.7112007141113 18.6324996948242 18.3882999420166 18.4235000610352 123306.6025668268 118999.7265066831 127945.8992382095 160216.14287736113 155105.15230133923 2036.7568249872368 2129.5824121497712 701.8701190112583 1059.8084193325287 4697.142367329799 1.0 0.0 0.999992235875
_Star_2628957762578790144 339.068513401993 -1.4165981713721334 1800.0 0 2016.0 0.3790939457098353 0.55236673 7.091070072469782 0.654448 -2.6672619241017403 0.82940924 20.4290008544922 19.992000579834 19.74880027771 19.5832004547119 19.5715999603271 24458.279695580208 36578.510518853 45762.1202343108 53302.31445101847 53874.87366746911 461.4862599949713 555.4479245879525 381.9073029036864 1270.4349745133038 2359.310375776523 1.0 0.0 0.7724883214737317
_Star_2654178806973721344 339.06906434899065 0.2441731908293498 1800.0 0 2016.0 2.281179769496472 1.3996488 1.850841627618816 1.3657423 -2.048496146995351 1.228837 20.951000213623 20.6329002380371 20.4887008666992 20.4113006591797 -999.0 15122.589499731186 20270.57899202937 23149.72851357973 24860.27825251072 inf 370.2591680464328 441.5803206788467 272.51248819980304 1254.5813668834555 -inf 1.0 0.0 0.7441993377904105
_Star_2652998172003746432 339.070965520924 -1.0776649258181656 1800.0 0 2016.0 2.5834993204818515 1.7481831 2.299746961071028 1.6435319 0.3772501569507748 2.1730595 20.9691009521484 20.744800567627 20.5186996459961 20.4554004669189 20.0548992156982 14872.564739196816 18285.46554415337 22518.85946091956 23870.749875595346 34519.66422343634 1101.1933258637343 456.4898352161978 418.1312386112335 765.7424515969109 2615.7700989396844 1.0 0.0 0.913916897075793
_Star_2653862392437593344 339.07298090604803 -0.3309160849085514 1800.0 0 2016.0 1.2169249464621357 0.99824494 0.5592692055101379 1.1619402 1.0860638588325768 1.1620748 20.2735996246338 19.9543991088867 19.7001991271973 19.6464004516602 19.4157009124756 28221.90977267321 37867.49749503052 47857.12423542155 50288.19737725176 62193.62689122521 787.1823078501835 1870.502022145076 802.8374439568498 1655.9767828341764 5339.411533086791 1.0 1.0 0.5676737749212621
_Star_2653982647227341056 339.0737545973655 0.0715248904901683 1800.0 0 2016.0 0.0972982468238912 0.41412705 -0.114721607987989 0.41517636 0.6778727846807954 0.5131123 19.7033004760742 19.4988994598389 19.5517997741699 19.4773006439209 19.2940006256104 47720.617908926695 57605.83352058191 54866.38406678273 58763.27492065999 69570.64001520188 1059.3826425697064 951.5761198739724 469.4085445638172 2013.320692057309 6207.964893812344 1.0 1.0 0.9642232033942104
_Star_2653807515641193728 339.077550647137 -0.4724964049746205 1800.0 0 2016.0 0.0377024377241634 0.20204048 8.662193008742875 0.24186632 -4.625687300314565 0.1911028 18.7735996246338 18.4978008270264 18.4022998809814 18.3857002258301 18.3703994750977 112353.44647215038 144845.8037808607 158163.51078207372 160600.22839977953 162879.5117735037 1435.0793766557383 342.057890591607 450.7152907595338 1338.9562422923148 3462.555766707804 1.0 1.0 0.5956418763972573
_Star_2652996213498546304 339.0823512428825 -1.189114450926973 1800.0 0 2016.0 0.0498860115506619 0.23302744 3.49292008817595 0.21940657 -6.872818431436114 0.2323762 19.0990009307861 18.7868003845215 18.6693992614746 18.6243991851807 18.5988006591797 83257.98129325356 110995.68483507744 123670.62178643064 128904.05364989846 131979.35003511867 1143.0433032639098 575.4571724718487 539.90897272538 1011.537140798149 2054.0782632135406 1.0 1.0 0.5709277450208738
_Star_2653805557136055296 339.0833604985904 -0.5739943688710596 1800.0 0 2016.0 0.7908182133423549 0.5951159 11.468130808356271 0.7312715 -4.638222262624483 0.6676058 20.4332008361816 20.0450000762939 19.9002990722656 19.8075008392334 19.6040992736816 24363.84985454195 34835.834482454426 39802.15805905832 43353.67456231904 52286.13494535988 596.8574111218201 430.6126404317719 351.6711414918825 432.44417503333295 2592.5969013754693 1.0 0.0 0.5733792575125191
_Star_2653763225938247680 339.0853752454921 -0.7963157030832847 1800.0 0 2016.0 0.088140367514492 0.47316968 4.904070658558242 0.5719425 -2.834779602884044 0.41721934 19.7999000549316 19.5256996154785 19.4664001464844 19.4412994384766 19.3754005432129 43658.24029968252 56201.30534596637 59356.21377777925 60744.43172613733 64545.50924809347 664.562690125015 371.3500304017578 450.7466562502625 631.1459069430257 3072.006929842737 1.0 1.0 0.6279604834182972
_Star_2654185850720152704 339.0855298462099 0.4369791397756229 1800.0 0 2016.0 0.5191783912115224 0.47485143 2.418137514604298 0.7788328 -1.7396958542415006 0.67896193 20.0799999237061 19.7493000030518 19.5912990570068 19.5452003479004 19.5184993743896 33730.771874216414 45741.06242200744 52906.20691445503 55200.89379639338 56575.25226994534 566.945116205281 525.3916879021214 450.4454708495096 886.6319458877958 1976.1336211349555 1.0 0.0 0.5079834469922926
_Star_2653807103324314368 339.0879459018684 -0.5111103558351034 1800.0 0 2016.0 0.4372560196653646 0.4397727 2.1610421949948653 0.5783734 -3.33892505284482 0.5670601 20.089599609375 19.783899307251 19.6800003051758 19.6476001739502 19.5072002410889 33433.8511920104 44306.406325524295 48755.78203477038 50232.66035967894 57167.09878931889 961.4413900464002 315.6884408283631 345.145470737034 1252.0502532753828 3237.6233276612493 1.0 1.0 0.5616528153282196
_Star_2653868813414105088 339.1095864036334 -0.1951549701149169 1800.0 0 2016.0 1.0139048919581068 0.765344 6.992290257830213 0.95018786 -3.305584210612338 1.1077247 20.7907009124756 20.425199508667 20.264799118042 20.1861000061035 -999.0 17528.54564636595 24544.0623457512 28451.59393078645 30590.47681981728 inf 236.5959873957875 244.4603828322643 362.8852725822539 2090.659890846789 -inf 1.0 0.0 0.5308462749764428
_Star_2654178119778955136 339.11147124579213 0.2478795268373181 1800.0 0 2016.0 0.198241102550162 0.49571696 -0.5581753335650746 0.53189135 -5.227036477584904 0.6183453 20.0580005645752 19.7406997680664 19.6161994934082 19.5200004577637 19.4608001708984 34421.20129591172 46104.82115440549 51706.65597500599 56497.088263501646 59663.15023815989 652.639999269691 417.50714049725417 398.60944619283896 1174.5507305987962 1958.207015610703 1.0 0.0 0.8272775439121459
_Star_2652992983683115392 339.1114767949971 -1.2099486252151506 1800.0 0 2016.0 0.028297653151267 0.2956369 -0.7870335770489556 0.2577801 -4.810203754565357 0.290199 19.097900390625 18.8020000457764 18.6940002441406 18.665599822998 18.6646003723145 83342.41727916898 109452.6373234867 120899.95835283263 124104.15437623626 124218.4483347483 968.3425687103264 578.9495775007156 660.4345301192292 964.4984726186289 1742.226579150296 1.0 1.0 0.5389382810437728
_Star_2653864209209572608 339.11173749190505 -0.2807207430787477 1800.0 0 2016.0 0.9505471630804966 0.6144282 -1.6993170137040086 0.72736025 0.2768192923245568 0.76608866 20.5018997192383 20.3750991821289 20.0678997039795 20.1380996704102 19.7856998443604 22870.010353552152 25703.16333677253 34108.79425037566 31973.220352611177 44232.99142324112 462.1243701491909 522.9000225410251 476.13120084561206 1019.710636611696 4016.035925945661 1.0 1.0 0.644483246461426
